  A 2 3  2 0  1 1 0 0
   1
    A 1 1  1 0  1 0 0 0
     1-1/2*d
;
  A 2 3  2 1  1 1 -1 0
   1
    A 1 1  1 0  1 0 0 0
     -1-1/4*d*s+1/2*s
;
  A 2 3  2 1  1 1 0 -1
   1
    A 1 1  1 0  1 0 0 0
     1/2-3/4*d+1/2*t-1/4*d*t
;
  A 2 3  2 2  1 1 -2 0
   1
    A 1 1  1 0  1 0 0 0
     -1/6*d*s^2+1/3*s^2-2*s
;
  A 2 3  2 2  1 1 -1 -1
   1
    A 1 1  1 0  1 0 0 0
     -1+1/6*t*s-5/12*d*s-t-1/12*d*t*s-1/6*s
;
  A 2 3  2 2  1 1 0 -2
   1
    A 1 1  1 0  1 0 0 0
     -5/3-7/6*d+1/3*t^2-2/3*t-2/3*d*t-1/6*d*t^2
;
  A 2 3  2 3  1 1 -3 0
   1
    A 1 1  1 0  1 0 0 0
     -1/8*d^(-1)*(24*d*s^2-2*d*s^3+d^2*s^3+48*s)
;
  A 2 3  2 3  1 1 -2 -1
   1
    A 1 1  1 0  1 0 0 0
     -1/24*d^(-1)*(-48+10*d*s^2+d^2*t*s^2+72*d*s+48*t+24*d*t*s-2*d*t*s^2+7*d^2*s^2+96*s)
;
  A 2 3  2 3  1 1 -1 -2
   1
    A 1 1  1 0  1 0 0 0
     -1/24*d^(-1)*(24*d+6*d^2*t*s+62*d*s-2*d*t^2*s+17*d^2*s+96*t+12*d*t*s+48*d*t+d^2*t^2*s+24*d*t^2+48*s)
;
  A 2 3  2 3  1 1 0 -3
   1
    A 1 1  1 0  1 0 0 0
     -1/8*d^(-1)*(48+66*d+d^2*t^3+5*d^2*t^2+11*d^2*t+15*d^2+48*t+50*d*t+14*d*t^2-2*d*t^3)
;
  A 2 3  3 0  2 1 0 0
   1
    A 1 1  1 0  1 0 0 0
     -1+3/4*d-1/8*d^2
;
  A 2 3  3 0  1 2 0 0
   1
    A 1 1  1 0  1 0 0 0
     -1/8*(-4+d)*(-2+d)
;
  A 2 3  3 1  2 1 -1 0
   1
    A 1 1  1 0  1 0 0 0
     1-1/2*d+1/2*d*s-1/12*d^2*s-2/3*s
;
  A 2 3  3 1  2 1 0 -1
   1
    A 1 1  1 0  1 0 0 0
     -2/3+3/4*d-1/24*d^2*t-5/24*d^2-1/3*t+1/4*d*t
;
  A 2 3  3 1  1 2 -1 0
   1
    A 1 1  1 0  1 0 0 0
     1-1/2*d+1/4*d*s-1/24*d^2*s-1/3*s
;
  A 2 3  3 1  1 2 0 -1
   1
    A 1 1  1 0  1 0 0 0
     -1/3+1/2*d-1/12*d^2*t-1/6*d^2-2/3*t+1/2*d*t
;
  A 2 3  3 2  2 1 -2 0
   1
    A 1 1  1 0  1 0 0 0
     -1+3/8*d*s^2-d*s-1/2*s^2-1/16*d^2*s^2+2*s
;
  A 2 3  3 2  2 1 -1 -1
   1
    A 1 1  1 0  1 0 0 0
     1/2-3/4*d-1/6*t*s-1/48*d^2*t*s+3/8*d*s-7/48*d^2*s+1/2*t+1/8*d*t*s-1/4*d*t-1/6*s
;
  A 2 3  3 2  2 1 0 -2
   1
    A 1 1  1 0  1 0 0 0
     1/6+1/8*d-1/48*d^2*t^2-1/8*d^2*t-17/48*d^2-1/6*t^2+1/4*d*t+1/8*d*t^2
;
  A 2 3  3 2  1 2 -2 0
   1
    A 1 1  1 0  1 0 0 0
     -1+1/8*d*s^2-1/2*d*s-1/6*s^2-1/48*d^2*s^2+s
;
  A 2 3  3 2  1 2 -1 -1
   1
    A 1 1  1 0  1 0 0 0
     -1/2*d-1/6*t*s-1/48*d^2*t*s+1/8*d*s-1/16*d^2*s+t+1/8*d*t*s-1/2*d*t
;
  A 2 3  3 2  1 2 0 -2
   1
    A 1 1  1 0  1 0 0 0
     1/6-1/8*d-1/16*d^2*t^2-5/24*d^2*t-11/48*d^2-1/2*t^2+1/3*t+1/4*d*t+3/8*d*t^2
;
  A 2 3  3 3  2 1 -3 0
   1
    A 1 1  1 0  1 0 0 0
     -3/2*d*s^2+3/10*d*s^3+3*s^2-2/5*s^3-1/20*d^2*s^3-6*s
;
  A 2 3  3 3  2 1 -2 -1
   1
    A 1 1  1 0  1 0 0 0
     -1+7/40*d*s^2-1/80*d^2*t*s^2-1/10*t*s^2+2/3*t*s-5/3*d*s+1/10*s^2-t-1/3*d*t*s+3/40*d*t*s^2-9/80*d^2*s^2-2/3*s
;
  A 2 3  3 3  2 1 -1 -2
   1
    A 1 1  1 0  1 0 0 0
     -5/3-7/6*d+1/3*t^2+2/15*t*s-1/15*d^2*t*s-9/20*d*s+1/20*d*t^2*s-31/120*d^2*s-2/3*t+1/15*d*t*s-2/3*d*t-1/15*t^2*s-1/120*d^2*t^2*s-1/6*d*t^2-1/15*s
;
  A 2 3  3 3  2 1 0 -3
   1
    A 1 1  1 0  1 0 0 0
     -19/10-93/40*d-1/80*d^2*t^3-7/80*d^2*t^2-23/80*d^2*t-49/80*d^2+3/10*t^2-1/10*t^3-3/10*t-31/40*d*t+1/40*d*t^2+3/40*d*t^3
;
  A 2 3  3 3  1 2 -3 0
   1
    A 1 1  1 0  1 0 0 0
     -1/2*d*s^2+3/40*d*s^3+s^2-1/10*s^3-1/80*d^2*s^3-3*s
;
  A 2 3  3 3  1 2 -2 -1
   1
    A 1 1  1 0  1 0 0 0
     1/30*d*s^2-1/120*d^2*t*s^2-1/15*t*s^2+2/3*t*s-2/3*d*s+1/15*s^2-2*t-1/3*d*t*s+1/20*d*t*s^2-1/30*d^2*s^2-2/3*s
;
  A 2 3  3 3  1 2 -1 -2
   1
    A 1 1  1 0  1 0 0 0
     -1-1/2*d+t^2+1/5*t*s-7/120*d^2*t*s-31/120*d*s+3/40*d*t^2*s-23/240*d^2*s-2*t+1/60*d*t*s-d*t-1/10*t^2*s-1/80*d^2*t^2*s-1/2*d*t^2-1/10*s
;
  A 2 3  3 3  1 2 0 -3
   1
    A 1 1  1 0  1 0 0 0
     -8/5-31/20*d-1/20*d^2*t^3-9/40*d^2*t^2-2/5*d^2*t-13/40*d^2+6/5*t^2-2/5*t^3-6/5*t-8/5*d*t-3/20*d*t^2+3/10*d*t^3
;
  A 2 3  3 4  2 1 -3 -1
   1
    A 2 3  3 4  2 1 -4 0
     (-1+t)*s^(-1)
    A 1 1  1 0  1 0 0 0
     1/40*d^(-1)*(720+12*d^2*t*s^3-310*d*s^2-95*d^2*t*s^2+24*d*s^3+360*d*s-2*d^3*s^3-720*t-840*d*t*s-2*d^3*t*s^3-16*d*t*s^3-8*d^2*s^3+190*d*t*s^2-25*d^2*s^2-480*s)
;
  A 2 3  3 4  2 1 -2 -2
   1
    A 2 3  3 4  2 1 -4 0
     -(-1+t)^2*s^(-2)
    A 1 1  1 0  1 0 0 0
     -1/240*d^(-1)*(-3840+880*d*t^2*s^2-120*d^2*t*s^3+3440*d*s^2+1200*d^2*t*s^2-72*d*t^2*s^3+72*d*s^3-3840*t^2+960*t*s-9*d^3*t^2*s^3-4080*d*s-4080*d*t^2*s+39*d^3*s^3+1920*s^2+7680*t+9120*d*t*s+30*d^3*t*s^3+120*d*t*s^3-440*d^2*t^2*s^2+246*d^2*s^3+54*d^2*t^2*s^3-1440*d*t*s^2+200*d^2*s^2)*s^(-1)
;
  A 2 3  3 4  2 1 -1 -3
   1
    A 2 3  3 4  2 1 -4 0
     (-1+t)^3*s^(-3)
    A 1 1  1 0  1 0 0 0
     -1/240*d^(-1)*(-3840+11*d^3*t^3*s^3+3300*d*t^2*s^2+6*d^2*t*s^3+2940*d*s^2+1770*d^2*t*s^2+1440*t*s^2+4320*d*t^3*s-288*d*t^2*s^3+1528*d*s^3-1020*d*t^3*s^2-11520*t^2-21*d^3*t^2*s^3-4320*d*s-12960*d*t^2*s+3840*t^3+88*d*t^3*s^3+101*d^3*s^3+1440*s^2+11520*t+510*d^2*t^3*s^2+12960*d*t*s-66*d^2*t^3*s^3+960*s^3+69*d^3*t*s^3+432*d*t*s^3-1290*d^2*t^2*s^2+834*d^2*s^3+186*d^2*t^2*s^3-1380*d*t*s^2-30*d^2*s^2)*s^(-2)
;
  A 2 3  3 4  2 1 0 -4
   1
    A 2 3  3 4  2 1 -4 0
     -(-1+t)^4*s^(-4)
    A 1 1  1 0  1 0 0 0
     -1/30*d^(-1)*(-480+7*d^3*t^3*s^3+720*d*t^2*s^2+240*t*s^3+117*d^2*t*s^3+120*d*s^2+240*d^2*t*s^2+2160*d*t^3*s+728*d*s^3+6*d^2*t^4*s^3-480*d*t^3*s^2-2880*t^2-60*d^2*t^4*s^2-540*d*s-3240*d*t^2*s+1920*t^3+26*d*t^3*s^3-480*t^4+31*d^3*s^3-8*d*t^4*s^3+1920*t+240*d^2*t^3*s^2+2160*d*t*s+120*d*t^4*s^2-27*d^2*t^3*s^3+480*s^3+23*d^3*t*s^3+394*d*t*s^3-360*d^2*t^2*s^2-540*d*t^4*s+294*d^2*s^3+90*d^2*t^2*s^3-480*d*t*s^2-60*d^2*s^2-d^3*t^4*s^3)*s^(-3)
;
  A 2 3  3 4  1 2 -4 0
   1
    A 2 3  3 4  2 1 -4 0
     1
    A 1 1  1 0  1 0 0 0
     -1/20*(480*d*s^2-6*d^2*s^4-100*d*s^3+d^3*s^4+8*d*s^4+50*d^2*s^3+480*s)*d^(-1)
;
  A 2 3  3 4  1 2 -3 -1
   1
    A 2 3  3 4  2 1 -4 0
     -(-1+t)*s^(-1)
    A 1 1  1 0  1 0 0 0
     -1/80*d^(-1)*(960+18*d^2*t*s^3-200*d*s^2-140*d^2*t*s^2+20*d*s^3+1680*d*s+5*d^3*s^3-960*t-1200*d*t*s-3*d^3*t*s^3-24*d*t*s^3-20*d^2*s^3+280*d*t*s^2+220*d^2*s^2+480*s)
;
  A 2 3  3 4  1 2 -2 -2
   1
    A 2 3  3 4  2 1 -4 0
     (-1+t)^2*s^(-2)
    A 1 1  1 0  1 0 0 0
     1/240*d^(-1)*(-3840+1080*d*t^2*s^2-124*d^2*t*s^3-40*d*s^2+760*d^2*t*s^2-88*d*t^2*s^3-144*d*s^3-3840*t^2-1920*t*s-11*d^3*t^2*s^3-4080*d*s-5040*d*t^2*s-23*d^3*s^3-960*s^2+7680*t+8160*d*t*s+14*d^3*t*s^3+192*d*t*s^3-540*d^2*t^2*s^2-2*d^2*s^3+66*d^2*t^2*s^3-2480*d*t*s^2-700*d^2*s^2+960*s)*s^(-1)
;
  A 2 3  3 4  1 2 -1 -3
   1
    A 2 3  3 4  2 1 -4 0
     -(-1+t)^3*s^(-3)
    A 1 1  1 0  1 0 0 0
     1/120*(-1920+4*d^3*t^3*s^3+720*d*t^2*s^2-180*d^2*t*s^3+240*d*s^2+540*d^2*t*s^2-1440*t*s^2+2160*d*t^3*s-78*d*t^2*s^3-394*d*s^3-360*d*t^3*s^2-5760*t^2-21*d^3*t^2*s^3-2160*d*s-6480*d*t^2*s+1920*t^3+32*d*t^3*s^3-23*d^3*s^3+5760*t+180*d^2*t^3*s^2+6480*d*t*s-24*d^2*t^3*s^3-240*s^3-900*d^2*t^2*s^2-117*d^2*s^3+81*d^2*t^2*s^3-2520*d*t*s^2-300*d^2*s^2)*d^(-1)*s^(-2)
;
  A 2 3  3 4  1 2 0 -4
   1
    A 2 3  3 4  2 1 -4 0
     (-1+t)^4*s^(-4)
    A 1 1  1 0  1 0 0 0
     -1/60*d^(-1)*(960+4*d^3*t^3*s^3-1440*d*t^2*s^2+960*t*s^3+468*d^2*t*s^3-240*d*s^2-480*d^2*t*s^2-4320*d*t^3*s+564*d*t^2*s^3+788*d*s^3-30*d^2*t^4*s^3+960*d*t^3*s^2+5760*t^2+48*d^3*t^2*s^3+120*d^2*t^4*s^2+1080*d*s+6480*d*t^2*s-3840*t^3-208*d*t^3*s^3+960*t^4+31*d^3*s^3+40*d*t^4*s^3-3840*t-480*d^2*t^3*s^2-4320*d*t*s-240*d*t^4*s^2+96*d^2*t^3*s^3+480*s^3+32*d^3*t*s^3+1096*d*t*s^3+720*d^2*t^2*s^2+1080*d*t^4*s+264*d^2*s^3+162*d^2*t^2*s^3+960*d*t*s^2+120*d^2*s^2+5*d^3*t^4*s^3)*s^(-3)
;
  A 2 3  4 0  3 1 0 0
   1
    A 1 1  1 0  1 0 0 0
     -1/48*(-4+d)*(-6+d)*(-2+d)
;
  A 2 3  4 0  2 2 0 0
   1
    A 1 1  1 0  1 0 0 0
     -1/48*(-4+d)*(-6+d)*(-2+d)
;
  A 2 3  4 0  1 3 0 0
   1
    A 1 1  1 0  1 0 0 0
     -1/48*(-4+d)*(-6+d)*(-2+d)
;
  A 2 3  4 1  3 1 -1 0
   1
    A 1 1  1 0  1 0 0 0
     -1+3/4*d-1/8*d^2-11/16*d*s+3/16*d^2*s-1/64*d^3*s+3/4*s
;
  A 2 3  4 1  3 1 0 -1
   1
    A 1 1  1 0  1 0 0 0
     3/4-41/48*d-1/192*d^3*t+1/16*d^2*t+5/16*d^2-7/192*d^3+1/4*t-11/48*d*t
;
  A 2 3  4 1  2 2 -1 0
   1
    A 1 1  1 0  1 0 0 0
     -1+3/4*d-1/8*d^2-11/24*d*s+1/8*d^2*s-1/96*d^3*s+1/2*s
;
  A 2 3  4 1  2 2 0 -1
   1
    A 1 1  1 0  1 0 0 0
     1/2-5/8*d-1/96*d^3*t+1/8*d^2*t+1/4*d^2-1/32*d^3+1/2*t-11/24*d*t
;
  A 2 3  4 1  1 3 -1 0
   1
    A 1 1  1 0  1 0 0 0
     -1+3/4*d-1/8*d^2-11/48*d*s+1/16*d^2*s-1/192*d^3*s+1/4*s
;
  A 2 3  4 1  1 3 0 -1
   1
    A 1 1  1 0  1 0 0 0
     1/4-19/48*d-1/64*d^3*t+3/16*d^2*t+3/16*d^2-5/192*d^3+3/4*t-11/16*d*t
;
  A 2 3  4 2  3 1 -2 0
   1
    A 1 1  1 0  1 0 0 0
     1-11/20*d*s^2-1/2*d+3/2*d*s-1/4*d^2*s+3/5*s^2-1/80*d^3*s^2+3/20*d^2*s^2-2*s
;
  A 2 3  4 2  3 1 -1 -1
   1
    A 1 1  1 0  1 0 0 0
     -2/3+3/4*d-1/24*d^2*t-5/24*d^2+3/20*t*s+3/80*d^2*t*s-39/80*d*s+17/80*d^2*s-1/3*t-11/80*d*t*s+1/4*d*t-9/320*d^3*s-1/320*d^3*t*s+7/20*s
;
  A 2 3  4 2  3 1 0 -2
   1
    A 1 1  1 0  1 0 0 0
     1/10-41/120*d-1/60*d^3*t+1/40*d^2*t^2+7/60*d^2*t+11/40*d^2+1/10*t^2-31/480*d^3-1/480*d^3*t^2+2/15*t-7/30*d*t-11/120*d*t^2
;
  A 2 3  4 2  2 2 -2 0
   1
    A 1 1  1 0  1 0 0 0
     1-11/40*d*s^2-1/2*d+d*s-1/6*d^2*s+3/10*s^2-1/160*d^3*s^2+3/40*d^2*s^2-4/3*s
;
  A 2 3  4 2  2 2 -1 -1
   1
    A 1 1  1 0  1 0 0 0
     -1/3+1/2*d-1/12*d^2*t-1/6*d^2+1/5*t*s+1/20*d^2*t*s-7/30*d*s+7/60*d^2*s-2/3*t-11/60*d*t*s+1/2*d*t-1/60*d^3*s-1/240*d^3*t*s+2/15*s
;
  A 2 3  4 2  2 2 0 -2
   1
    A 1 1  1 0  1 0 0 0
     -1/30-13/120*d-7/240*d^3*t+3/40*d^2*t^2+11/60*d^2*t+19/120*d^2+3/10*t^2-23/480*d^3-1/160*d^3*t^2+1/15*t-17/60*d*t-11/40*d*t^2
;
  A 2 3  4 2  1 3 -2 0
   1
    A 1 1  1 0  1 0 0 0
     1-11/120*d*s^2-1/2*d+1/2*d*s-1/12*d^2*s+1/10*s^2-1/480*d^3*s^2+1/40*d^2*s^2-2/3*s
;
  A 2 3  4 2  1 3 -1 -1
   1
    A 1 1  1 0  1 0 0 0
     1/4*d-1/8*d^2*t-1/8*d^2+3/20*t*s+3/80*d^2*t*s-17/240*d*s+11/240*d^2*s-t-11/80*d*t*s+3/4*d*t-7/960*d^3*s-1/320*d^3*t*s+1/60*s
;
  A 2 3  4 2  1 3 0 -2
   1
    A 1 1  1 0  1 0 0 0
     -1/15+1/30*d-3/80*d^3*t+3/20*d^2*t^2+1/5*d^2*t+1/15*d^2+3/5*t^2-1/30*d^3-1/80*d^3*t^2-1/5*t-3/20*d*t-11/20*d*t^2
;
  A 2 3  4 3  3 1 -3 0
   1
    A 1 1  1 0  1 0 0 0
     -1+9/4*d*s^2-11/24*d*s^3-9/4*d*s-1/96*d^3*s^3-3*s^2+1/2*s^3+1/8*d^2*s^3-3/8*d^2*s^2+9/2*s
;
  A 2 3  4 3  3 1 -2 -1
   1
    A 1 1  1 0  1 0 0 0
     1/2-31/120*d*s^2-3/4*d+1/40*d^2*t*s^2+1/10*t*s^2-1/2*t*s-1/16*d^2*t*s+9/8*d*s-7/16*d^2*s+1/10*s^2-1/480*d^3*t*s^2+1/2*t+3/8*d*t*s-1/4*d*t-11/480*d^3*s^2-11/120*d*t*s^2+3/20*d^2*s^2-1/2*s
;
  A 2 3  4 3  3 1 -1 -2
   1
    A 1 1  1 0  1 0 0 0
     1/6-1/960*d^3*t^2*s+1/8*d-1/48*d^2*t^2-1/8*d^2*t-17/48*d^2-1/6*t^2+1/16*d^2*t*s+1/240*d*s-11/240*d*t^2*s+9/80*d^2*s-1/12*d*t*s+1/4*d*t+1/20*t^2*s+1/80*d^2*t^2*s+1/8*d*t^2-49/960*d^3*s-1/96*d^3*t*s-1/20*s
;
  A 2 3  4 3  3 1 0 -3
   1
    A 1 1  1 0  1 0 0 0
     1/20+13/80*d+1/80*d^2*t^3-13/320*d^3*t+1/20*d^2*t^2-1/960*d^3*t^3+1/20*d^2*t-9/80*d^2-1/20*t^2-37/320*d^3-3/320*d^3*t^2+1/20*t^3-1/20*t+7/80*d*t-3/80*d*t^2-11/240*d*t^3
;
  A 2 3  4 3  2 2 -3 0
   1
    A 1 1  1 0  1 0 0 0
     -1+9/8*d*s^2-11/60*d*s^3-3/2*d*s-1/240*d^3*s^3-3/2*s^2+1/5*s^3+1/20*d^2*s^3-3/16*d^2*s^2+3*s
;
  A 2 3  4 3  2 2 -2 -1
   1
    A 1 1  1 0  1 0 0 0
     -1/12*d*s^2-1/2*d+1/40*d^2*t*s^2+1/10*t*s^2-2/3*t*s-1/12*d^2*t*s+1/2*d*s-1/4*d^2*s-1/480*d^3*t*s^2+t+1/2*d*t*s-1/2*d*t-1/96*d^3*s^2-11/120*d*t*s^2+1/16*d^2*s^2
;
  A 2 3  4 3  2 2 -1 -2
   1
    A 1 1  1 0  1 0 0 0
     1/6-1/480*d^3*t^2*s-1/8*d-1/16*d^2*t^2-5/24*d^2*t-11/48*d^2-1/2*t^2-1/15*t*s+1/15*d^2*t*s+7/120*d*s-11/120*d*t^2*s+1/30*d^2*s+1/3*t-1/20*d*t*s+1/4*d*t+1/10*t^2*s+1/40*d^2*t^2*s+3/8*d*t^2-13/480*d^3*s-1/80*d^3*t*s-1/30*s
;
  A 2 3  4 3  2 2 0 -3
   1
    A 1 1  1 0  1 0 0 0
     1/10+3/40*d+1/20*d^2*t^3-1/16*d^3*t+9/80*d^2*t^2-1/240*d^3*t^3-13/80*d^2-3/10*t^2-3/40*d^3-1/40*d^3*t^2+1/5*t^3+1/4*d*t+1/40*d*t^2-11/60*d*t^3
;
  A 2 3  4 3  1 3 -3 0
   1
    A 1 1  1 0  1 0 0 0
     -1+3/8*d*s^2-11/240*d*s^3-3/4*d*s-1/960*d^3*s^3-1/2*s^2+1/20*s^3+1/80*d^2*s^3-1/16*d^2*s^2+3/2*s
;
  A 2 3  4 3  1 3 -2 -1
   1
    A 1 1  1 0  1 0 0 0
     -1/2-1/80*d*s^2-1/4*d+1/80*d^2*t*s^2+1/20*t*s^2-1/2*t*s-1/16*d^2*t*s+1/8*d*s-5/48*d^2*s-1/60*s^2-1/960*d^3*t*s^2+3/2*t+3/8*d*t*s-3/4*d*t-1/320*d^3*s^2-11/240*d*t*s^2+1/60*d^2*s^2+1/6*s
;
  A 2 3  4 3  1 3 -1 -2
   1
    A 1 1  1 0  1 0 0 0
     -1/480*d^3*t^2*s-1/4*d-1/8*d^2*t^2-1/4*d^2*t-1/8*d^2-t^2-1/10*t*s+3/80*d^2*t*s+1/24*d*s-11/120*d*t^2*s+t+1/120*d*t*s+1/10*t^2*s+1/40*d^2*t^2*s+3/4*d*t^2-1/96*d^3*s-1/120*d^3*t*s
;
  A 2 3  4 3  1 3 0 -3
   1
    A 1 1  1 0  1 0 0 0
     1/10-1/20*d+1/8*d^2*t^3-11/160*d^3*t+3/20*d^2*t^2-1/96*d^3*t^3-9/80*d^2*t-13/80*d^2-9/10*t^2-7/160*d^3-7/160*d^3*t^2+1/2*t^3+3/10*t+7/20*d*t+13/40*d*t^2-11/24*d*t^3
;
  A 2 3  4 4  2 2 -4 0
   1
    A 2 3  4 4  3 1 -4 0
     2
    A 2 3  4 3  3 1 -3 0
     -2*s
    A 2 3  3 3  2 1 -3 0
     -4
    A 1 1  3 3  3 0 -3 0
     -2
    A 1 1  2 2  2 0 -2 0
     3
;
  A 2 3  4 4  2 2 -3 -1
   1
    A 2 3  4 4  3 1 -3 -1
     2
    A 2 3  4 3  3 1 -2 -1
     -2*s
    A 2 3  3 3  2 1 -2 -1
     -3
    A 2 3  3 3  2 1 -3 0
     -1
    A 2 3  3 2  2 1 -2 0
     1-t
    A 1 1  3 3  3 0 -2 -1
     -2
    A 1 1  2 2  2 0 -1 -1
     2
    A 1 1  2 2  2 0 -2 0
     1
;
  A 2 3  4 4  2 2 -3 -1
   1
    A 2 3  4 4  3 1 -3 -1
     2
    A 2 3  4 3  2 2 -3 0
     -1-t
    A 2 3  4 3  3 1 -3 0
     -4
    A 2 3  3 3  1 2 -3 0
     -1
    A 2 3  3 3  2 1 -2 -1
     -3
    A 2 3  3 3  2 1 -3 0
     -2
    A 2 3  3 2  2 1 -2 0
     6-3*s
    A 2 3  2 2  1 1 -2 0
     3
;
  A 2 3  4 4  2 2 -3 -1
   1
    A 2 3  4 4  2 2 -4 0
     (-1+t)*s^(-1)
    A 2 3  4 3  2 2 -3 0
     -1-t
    A 2 3  3 3  1 2 -3 0
     -1
    A 2 3  3 3  2 1 -2 -1
     -3
    A 2 3  3 3  2 1 -3 0
     -(-1+t-3*s)*s^(-1)
    A 2 3  3 2  2 1 -2 0
     6-3*s
    A 2 3  2 2  1 1 -2 0
     3
    A 1 1  2 2  2 0 -2 0
     -3
;
  A 2 3  4 4  2 2 -2 -2
   1
    A 2 3  4 4  3 1 -2 -2
     2
    A 2 3  4 3  3 1 -1 -2
     -2*s
    A 2 3  3 3  2 1 -1 -2
     -2
    A 2 3  3 3  2 1 -2 -1
     -2
    A 2 3  3 2  2 1 -1 -1
     2-2*t
    A 1 1  3 3  3 0 -1 -2
     -2
    A 1 1  2 2  2 0 0 -2
     1
    A 1 1  2 2  2 0 -1 -1
     2
;
  A 2 3  4 4  2 2 -2 -2
   1
    A 2 3  4 4  3 1 -2 -2
     2
    A 2 3  4 3  2 2 -2 -1
     -1-t
    A 2 3  4 3  3 1 -2 -1
     -4
    A 2 3  3 3  1 2 -2 -1
     -1
    A 2 3  3 3  2 1 -1 -2
     -2
    A 2 3  3 3  2 1 -2 -1
     -3
    A 2 3  3 2  2 1 -1 -1
     4-2*s
    A 2 3  2 2  1 1 -1 -1
     2
    A 2 3  2 2  1 1 -2 0
     1
;
  A 2 3  4 4  2 2 -2 -2
   1
    A 2 3  4 4  2 2 -3 -1
     (-1+t)*s^(-1)
    A 2 3  4 3  2 2 -2 -1
     -1-t
    A 2 3  3 3  1 2 -2 -1
     -1
    A 2 3  3 3  2 1 -1 -2
     -2
    A 2 3  3 3  2 1 -2 -1
     -(-2+2*t-s)*s^(-1)
    A 2 3  3 3  2 1 -3 0
     2*s^(-1)
    A 2 3  3 2  2 1 -1 -1
     4-2*s
    A 2 3  3 2  2 1 -2 0
     2*(-1+t)*s^(-1)
    A 2 3  2 2  1 1 -1 -1
     2
    A 2 3  2 2  1 1 -2 0
     (-1+t+s)*s^(-1)
    A 1 1  2 2  2 0 -1 -1
     -2
    A 1 1  2 2  2 0 -2 0
     -2*s^(-1)
;
  A 2 3  4 4  2 2 -1 -3
   1
    A 2 3  4 4  3 1 -1 -3
     2
    A 2 3  4 3  3 1 0 -3
     -2*s
    A 2 3  3 3  2 1 0 -3
     -1
    A 2 3  3 3  2 1 -1 -2
     -3
    A 2 3  3 2  2 1 0 -2
     3-3*t
    A 1 1  3 3  3 0 0 -3
     -2
    A 1 1  2 2  2 0 0 -2
     3
;
  A 2 3  4 4  2 2 -1 -3
   1
    A 2 3  4 4  3 1 -1 -3
     2
    A 2 3  4 3  2 2 -1 -2
     -1-t
    A 2 3  4 3  3 1 -1 -2
     -4
    A 2 3  3 3  1 2 -1 -2
     -1
    A 2 3  3 3  2 1 0 -3
     -1
    A 2 3  3 3  2 1 -1 -2
     -4
    A 2 3  3 2  2 1 0 -2
     2-s
    A 2 3  2 2  1 1 0 -2
     1
    A 2 3  2 2  1 1 -1 -1
     2
;
  A 2 3  4 4  2 2 -1 -3
   1
    A 2 3  4 4  2 2 -2 -2
     (-1+t)*s^(-1)
    A 2 3  4 3  2 2 -1 -2
     -1-t
    A 2 3  3 3  1 2 -1 -2
     -1
    A 2 3  3 3  2 1 0 -3
     -1
    A 2 3  3 3  2 1 -1 -2
     -(-3+3*t+s)*s^(-1)
    A 2 3  3 3  2 1 -2 -1
     4*s^(-1)
    A 2 3  3 2  2 1 0 -2
     2-s
    A 2 3  3 2  2 1 -1 -1
     4*(-1+t)*s^(-1)
    A 2 3  2 2  1 1 0 -2
     1
    A 2 3  2 2  1 1 -1 -1
     2*(-1+t+s)*s^(-1)
    A 1 1  2 2  2 0 0 -2
     -1
    A 1 1  2 2  2 0 -1 -1
     -4*s^(-1)
;
  A 2 3  4 4  2 2 0 -4
   1
    A 2 3  4 4  3 1 0 -4
     2
    A 2 3  4 3  2 2 0 -3
     -1-t
    A 2 3  4 3  3 1 0 -3
     -4
    A 2 3  3 3  1 2 0 -3
     -1
    A 2 3  3 3  2 1 0 -3
     -5
    A 2 3  2 2  1 1 0 -2
     3
;
  A 2 3  4 4  2 2 0 -4
   1
    A 2 3  4 4  2 2 -1 -3
     (-1+t)*s^(-1)
    A 2 3  4 3  2 2 0 -3
     -1-t
    A 2 3  3 3  1 2 0 -3
     -1
    A 2 3  3 3  2 1 0 -3
     -(-4+4*t+3*s)*s^(-1)
    A 2 3  3 3  2 1 -1 -2
     6*s^(-1)
    A 2 3  3 2  2 1 0 -2
     6*(-1+t)*s^(-1)
    A 2 3  2 2  1 1 0 -2
     3*(-1+t+s)*s^(-1)
    A 1 1  2 2  2 0 0 -2
     -6*s^(-1)
;
  A 2 3  4 4  1 3 -4 0
   1
    A 2 3  4 4  2 2 -4 0
     1/2
    A 2 3  4 3  2 2 -3 0
     -1/2*s
    A 2 3  3 3  1 2 -3 0
     -5/2
    A 2 3  3 3  2 1 -3 0
     -1/2
    A 2 3  2 2  1 1 -2 0
     3/2
;
  A 2 3  4 4  1 3 -3 -1
   1
    A 2 3  4 4  2 2 -3 -1
     1/2
    A 2 3  4 3  2 2 -2 -1
     -1/2*s
    A 2 3  3 3  1 2 -2 -1
     -2
    A 2 3  3 3  1 2 -3 0
     -1/2
    A 2 3  3 3  2 1 -2 -1
     -1/2
    A 2 3  3 2  1 2 -2 0
     1/2-1/2*t
    A 2 3  2 2  1 1 -1 -1
     1
    A 2 3  2 2  1 1 -2 0
     1/2
;
  A 2 3  4 4  1 3 -3 -1
   1
    A 2 3  4 4  2 2 -3 -1
     1/2
    A 2 3  4 3  1 3 -3 0
     -1-t
    A 2 3  4 3  2 2 -3 0
     -1
    A 2 3  3 3  1 2 -2 -1
     -3/2
    A 2 3  3 3  1 2 -3 0
     -1/2
    A 2 3  3 2  1 2 -2 0
     3-3/2*s
    A 1 1  3 3  3 0 -3 0
     -1
    A 1 1  3 3  3 -1 -2 0
     3
    A 1 1  3 3  3 -2 -1 0
     -3
    A 1 1  3 3  3 -3 0 0
     1
    A 1 1  3 2  3 0 -2 0
     3*s
    A 1 1  3 2  3 -1 -1 0
     -6*s
    A 1 1  3 2  3 -2 0 0
     3*s
    A 1 1  3 1  3 0 -1 0
     -3*s^2
    A 1 1  3 1  3 -1 0 0
     3*s^2
    A 1 1  3 0  3 0 0 0
     s^3
    A 1 1  2 2  2 0 -2 0
     -3/2
    A 1 1  2 2  2 -1 -1 0
     3
    A 1 1  2 2  2 -2 0 0
     -3/2
    A 1 1  2 1  2 0 -1 0
     3*s
    A 1 1  2 1  2 -1 0 0
     -3*s
    A 1 1  2 0  2 0 0 0
     -3/2*s^2
;
  A 2 3  4 4  1 3 -3 -1
   1
    A 2 3  4 4  1 3 -4 0
     (-1+t)*s^(-1)
    A 2 3  4 3  1 3 -3 0
     -1-t
    A 2 3  3 3  1 2 -2 -1
     -3/2
    A 2 3  3 3  1 2 -3 0
     -1/2*(-2+2*t-3*s)*s^(-1)
    A 2 3  3 2  1 2 -2 0
     3-3/2*s
    A 2 3  2 2  1 1 -2 0
     -3/2
    A 1 1  3 3  3 0 -3 0
     -1
    A 1 1  3 3  3 -1 -2 0
     3
    A 1 1  3 3  3 -2 -1 0
     -3
    A 1 1  3 3  3 -3 0 0
     1
    A 1 1  3 2  3 0 -2 0
     3*s
    A 1 1  3 2  3 -1 -1 0
     -6*s
    A 1 1  3 2  3 -2 0 0
     3*s
    A 1 1  3 1  3 0 -1 0
     -3*s^2
    A 1 1  3 1  3 -1 0 0
     3*s^2
    A 1 1  3 0  3 0 0 0
     s^3
    A 1 1  2 2  2 0 -2 0
     -3/2
    A 1 1  2 2  2 -1 -1 0
     3
    A 1 1  2 2  2 -2 0 0
     -3/2
    A 1 1  2 1  2 0 -1 0
     3*s
    A 1 1  2 1  2 -1 0 0
     -3*s
    A 1 1  2 0  2 0 0 0
     -3/2*s^2
;
  A 2 3  4 4  1 3 -2 -2
   1
    A 2 3  4 4  2 2 -2 -2
     1/2
    A 2 3  4 3  2 2 -1 -2
     -1/2*s
    A 2 3  3 3  1 2 -1 -2
     -3/2
    A 2 3  3 3  1 2 -2 -1
     -1
    A 2 3  3 3  2 1 -1 -2
     -1/2
    A 2 3  3 2  1 2 -1 -1
     1-t
    A 2 3  2 2  1 1 0 -2
     1/2
    A 2 3  2 2  1 1 -1 -1
     1
;
  A 2 3  4 4  1 3 -2 -2
   1
    A 2 3  4 4  2 2 -2 -2
     1/2
    A 2 3  4 3  1 3 -2 -1
     -1-t
    A 2 3  4 3  2 2 -2 -1
     -1
    A 2 3  3 3  1 2 -1 -2
     -1
    A 2 3  3 3  1 2 -2 -1
     -1
    A 2 3  3 2  1 2 -1 -1
     2-s
    A 1 1  3 3  3 0 -2 -1
     -1
    A 1 1  3 3  3 -1 -1 -1
     2
    A 1 1  3 3  3 -1 -2 0
     1
    A 1 1  3 3  3 -2 0 -1
     -1
    A 1 1  3 3  3 -2 -1 0
     -2
    A 1 1  3 3  3 -3 0 0
     1
    A 1 1  3 2  3 0 -1 -1
     2*s
    A 1 1  3 2  3 0 -2 0
     1-t
    A 1 1  3 2  3 -1 0 -1
     -2*s
    A 1 1  3 2  3 -1 -1 0
     -2+2*t-2*s
    A 1 1  3 2  3 -2 0 0
     1-t+2*s
    A 1 1  3 1  3 0 0 -1
     -s^2
    A 1 1  3 1  3 0 -1 0
     2*t*s-2*s
    A 1 1  3 1  3 -1 0 0
     -2*t*s+s^2+2*s
    A 1 1  3 0  3 0 0 0
     -t*s^2+s^2
    A 1 1  2 2  2 0 -1 -1
     -1
    A 1 1  2 2  2 0 -2 0
     -1/2
    A 1 1  2 2  2 -1 0 -1
     1
    A 1 1  2 2  2 -1 -1 0
     2
    A 1 1  2 2  2 -2 0 0
     -3/2
    A 1 1  2 1  2 0 0 -1
     s
    A 1 1  2 1  2 0 -1 0
     1-t+s
    A 1 1  2 1  2 -1 0 0
     -1+t-2*s
    A 1 1  2 0  2 0 0 0
     t*s-1/2*s^2-s
;
  A 2 3  4 4  1 3 -2 -2
   1
    A 2 3  4 4  1 3 -3 -1
     (-1+t)*s^(-1)
    A 2 3  4 3  1 3 -2 -1
     -1-t
    A 2 3  3 3  1 2 -1 -2
     -1
    A 2 3  3 3  1 2 -2 -1
     -1/2*(-3+3*t-s)*s^(-1)
    A 2 3  3 3  1 2 -3 0
     s^(-1)
    A 2 3  3 2  1 2 -1 -1
     2-s
    A 2 3  3 2  1 2 -2 0
     (-1+t)*s^(-1)
    A 2 3  2 2  1 1 -1 -1
     -1
    A 2 3  2 2  1 1 -2 0
     -s^(-1)
    A 1 1  3 3  3 0 -2 -1
     -1
    A 1 1  3 3  3 -1 -1 -1
     2
    A 1 1  3 3  3 -1 -2 0
     1
    A 1 1  3 3  3 -2 0 -1
     -1
    A 1 1  3 3  3 -2 -1 0
     -2
    A 1 1  3 3  3 -3 0 0
     1
    A 1 1  3 2  3 0 -1 -1
     2*s
    A 1 1  3 2  3 0 -2 0
     1-t
    A 1 1  3 2  3 -1 0 -1
     -2*s
    A 1 1  3 2  3 -1 -1 0
     -2+2*t-2*s
    A 1 1  3 2  3 -2 0 0
     1-t+2*s
    A 1 1  3 1  3 0 0 -1
     -s^2
    A 1 1  3 1  3 0 -1 0
     2*t*s-2*s
    A 1 1  3 1  3 -1 0 0
     -2*t*s+s^2+2*s
    A 1 1  3 0  3 0 0 0
     -t*s^2+s^2
    A 1 1  2 2  2 0 -1 -1
     -1
    A 1 1  2 2  2 0 -2 0
     1/2*(-1+t-s)*s^(-1)
    A 1 1  2 2  2 -1 0 -1
     1
    A 1 1  2 2  2 -1 -1 0
     -(-1+t-2*s)*s^(-1)
    A 1 1  2 2  2 -2 0 0
     1/2*(-1+t-3*s)*s^(-1)
    A 1 1  2 1  2 0 0 -1
     s
    A 1 1  2 1  2 0 -1 0
     2-2*t+s
    A 1 1  2 1  2 -1 0 0
     -2+2*t-2*s
    A 1 1  2 0  2 0 0 0
     3/2*t*s-1/2*s^2-3/2*s
    A 1 1  1 1  1 0 -1 0
     (-1+t)*s^(-1)
    A 1 1  1 1  1 -1 0 0
     -(-1+t)*s^(-1)
    A 1 1  1 0  1 0 0 0
     1-t
;
  A 2 3  4 4  1 3 -1 -3
   1
    A 2 3  4 4  2 2 -1 -3
     1/2
    A 2 3  4 3  2 2 0 -3
     -1/2*s
    A 2 3  3 3  1 2 0 -3
     -1
    A 2 3  3 3  1 2 -1 -2
     -3/2
    A 2 3  3 3  2 1 0 -3
     -1/2
    A 2 3  3 2  1 2 0 -2
     3/2-3/2*t
    A 2 3  2 2  1 1 0 -2
     3/2
;
  A 2 3  4 4  1 3 -1 -3
   1
    A 2 3  4 4  2 2 -1 -3
     1/2
    A 2 3  4 3  1 3 -1 -2
     -1-t
    A 2 3  4 3  2 2 -1 -2
     -1
    A 2 3  3 3  1 2 0 -3
     -1/2
    A 2 3  3 3  1 2 -1 -2
     -3/2
    A 2 3  3 2  1 2 0 -2
     1-1/2*s
    A 1 1  3 3  3 0 -1 -2
     -1
    A 1 1  3 3  3 -1 0 -2
     1
    A 1 1  3 3  3 -1 -1 -1
     2
    A 1 1  3 3  3 -2 0 -1
     -2
    A 1 1  3 3  3 -2 -1 0
     -1
    A 1 1  3 3  3 -3 0 0
     1
    A 1 1  3 2  3 0 0 -2
     s
    A 1 1  3 2  3 0 -1 -1
     2-2*t
    A 1 1  3 2  3 -1 0 -1
     -2+2*t-2*s
    A 1 1  3 2  3 -1 -1 0
     -2+2*t
    A 1 1  3 2  3 -2 0 0
     2-2*t+s
    A 1 1  3 1  3 0 0 -1
     2*t*s-2*s
    A 1 1  3 1  3 0 -1 0
     -1-t^2+2*t
    A 1 1  3 1  3 -1 0 0
     1+t^2-2*t*s-2*t+2*s
    A 1 1  3 0  3 0 0 0
     -2*t*s+t^2*s+s
    A 1 1  2 2  2 0 0 -2
     -1/2
    A 1 1  2 2  2 0 -1 -1
     -1
    A 1 1  2 2  2 -1 0 -1
     2
    A 1 1  2 2  2 -1 -1 0
     1
    A 1 1  2 2  2 -2 0 0
     -3/2
    A 1 1  2 1  2 0 0 -1
     1-t+s
    A 1 1  2 1  2 0 -1 0
     1-t
    A 1 1  2 1  2 -1 0 0
     -2+2*t-s
    A 1 1  2 0  2 0 0 0
     -1/2-1/2*t^2+t*s+t-s
;
  A 2 3  4 4  1 3 -1 -3
   1
    A 2 3  4 4  1 3 -2 -2
     (-1+t)*s^(-1)
    A 2 3  4 3  1 3 -1 -2
     -1-t
    A 2 3  3 3  1 2 0 -3
     -1/2
    A 2 3  3 3  1 2 -1 -2
     -1/2*(-4+4*t+s)*s^(-1)
    A 2 3  3 3  1 2 -2 -1
     2*s^(-1)
    A 2 3  3 2  1 2 0 -2
     1-1/2*s
    A 2 3  3 2  1 2 -1 -1
     2*(-1+t)*s^(-1)
    A 2 3  2 2  1 1 0 -2
     -1/2
    A 2 3  2 2  1 1 -1 -1
     -2*s^(-1)
    A 1 1  3 3  3 0 -1 -2
     -1
    A 1 1  3 3  3 -1 0 -2
     1
    A 1 1  3 3  3 -1 -1 -1
     2
    A 1 1  3 3  3 -2 0 -1
     -2
    A 1 1  3 3  3 -2 -1 0
     -1
    A 1 1  3 3  3 -3 0 0
     1
    A 1 1  3 2  3 0 0 -2
     s
    A 1 1  3 2  3 0 -1 -1
     2-2*t
    A 1 1  3 2  3 -1 0 -1
     -2+2*t-2*s
    A 1 1  3 2  3 -1 -1 0
     -2+2*t
    A 1 1  3 2  3 -2 0 0
     2-2*t+s
    A 1 1  3 1  3 0 0 -1
     2*t*s-2*s
    A 1 1  3 1  3 0 -1 0
     -1-t^2+2*t
    A 1 1  3 1  3 -1 0 0
     1+t^2-2*t*s-2*t+2*s
    A 1 1  3 0  3 0 0 0
     -2*t*s+t^2*s+s
    A 1 1  2 2  2 0 0 -2
     -1/2
    A 1 1  2 2  2 0 -1 -1
     (-1+t-s)*s^(-1)
    A 1 1  2 2  2 -1 0 -1
     -(-1+t-2*s)*s^(-1)
    A 1 1  2 2  2 -1 -1 0
     -(-1+t-s)*s^(-1)
    A 1 1  2 2  2 -2 0 0
     1/2*(-2+2*t-3*s)*s^(-1)
    A 1 1  2 1  2 0 0 -1
     2-2*t+s
    A 1 1  2 1  2 0 -1 0
     (1+t^2-t*s-2*t+s)*s^(-1)
    A 1 1  2 1  2 -1 0 0
     -(1+t^2-3*t*s+s^2-2*t+3*s)*s^(-1)
    A 1 1  2 0  2 0 0 0
     -3/2-3/2*t^2+t*s+3*t-s
    A 1 1  1 1  1 0 0 -1
     (-1+t)*s^(-1)
    A 1 1  1 1  1 0 -1 0
     (-1+t)*s^(-1)
    A 1 1  1 1  1 -1 0 0
     -2*(-1+t)*s^(-1)
    A 1 1  1 0  1 0 0 0
     (1+t^2-t*s-2*t+s)*s^(-1)
;
  A 2 3  4 4  1 3 0 -4
   1
    A 2 3  4 4  2 2 0 -4
     1/2
    A 2 3  4 3  1 3 0 -3
     -1-t
    A 2 3  4 3  2 2 0 -3
     -1
    A 2 3  3 3  1 2 0 -3
     -2
    A 1 1  3 3  3 0 0 -3
     -1
    A 1 1  3 3  3 -1 0 -2
     3
    A 1 1  3 3  3 -2 0 -1
     -3
    A 1 1  3 3  3 -3 0 0
     1
    A 1 1  3 2  3 0 0 -2
     3-3*t
    A 1 1  3 2  3 -1 0 -1
     -6+6*t
    A 1 1  3 2  3 -2 0 0
     3-3*t
    A 1 1  3 1  3 0 0 -1
     -3-3*t^2+6*t
    A 1 1  3 1  3 -1 0 0
     3+3*t^2-6*t
    A 1 1  3 0  3 0 0 0
     1+3*t^2-t^3-3*t
    A 1 1  2 2  2 0 0 -2
     -3/2
    A 1 1  2 2  2 -1 0 -1
     3
    A 1 1  2 2  2 -2 0 0
     -3/2
    A 1 1  2 1  2 0 0 -1
     3-3*t
    A 1 1  2 1  2 -1 0 0
     -3+3*t
    A 1 1  2 0  2 0 0 0
     -3/2-3/2*t^2+3*t
;
  A 2 3  4 4  1 3 0 -4
   1
    A 2 3  4 4  1 3 -1 -3
     (-1+t)*s^(-1)
    A 2 3  4 3  1 3 0 -3
     -1-t
    A 2 3  3 3  1 2 0 -3
     -1/2*(-5+5*t+3*s)*s^(-1)
    A 2 3  3 3  1 2 -1 -2
     3*s^(-1)
    A 2 3  3 2  1 2 0 -2
     3*(-1+t)*s^(-1)
    A 2 3  2 2  1 1 0 -2
     -3*s^(-1)
    A 1 1  3 3  3 0 0 -3
     -1
    A 1 1  3 3  3 -1 0 -2
     3
    A 1 1  3 3  3 -2 0 -1
     -3
    A 1 1  3 3  3 -3 0 0
     1
    A 1 1  3 2  3 0 0 -2
     3-3*t
    A 1 1  3 2  3 -1 0 -1
     -6+6*t
    A 1 1  3 2  3 -2 0 0
     3-3*t
    A 1 1  3 1  3 0 0 -1
     -3-3*t^2+6*t
    A 1 1  3 1  3 -1 0 0
     3+3*t^2-6*t
    A 1 1  3 0  3 0 0 0
     1+3*t^2-t^3-3*t
    A 1 1  2 2  2 0 0 -2
     3/2*(-1+t-s)*s^(-1)
    A 1 1  2 2  2 -1 0 -1
     -3*(-1+t-s)*s^(-1)
    A 1 1  2 2  2 -2 0 0
     3/2*(-1+t-s)*s^(-1)
    A 1 1  2 1  2 0 0 -1
     3*(1+t^2-t*s-2*t+s)*s^(-1)
    A 1 1  2 1  2 -1 0 0
     -3*(1+t^2-t*s-2*t+s)*s^(-1)
    A 1 1  2 0  2 0 0 0
     -3/2*(1+3*t^2-2*t*s-t^3-3*t+t^2*s+s)*s^(-1)
    A 1 1  1 1  1 0 0 -1
     3*(-1+t)*s^(-1)
    A 1 1  1 1  1 -1 0 0
     -3*(-1+t)*s^(-1)
    A 1 1  1 0  1 0 0 0
     3*(1+t^2-2*t)*s^(-1)
;
  A 2 3  5 0  3 2 0 0
   1
    A 2 3  5 0  4 1 0 0
     3
    A 2 3  4 0  2 2 0 0
     1/2
    A 2 3  4 0  3 1 0 0
     7/2-1/2*d
;
  A 2 3  5 0  2 3 0 0
   1
    A 2 3  5 0  3 2 0 0
     1
    A 2 3  4 0  1 3 0 0
     1/2
    A 2 3  4 0  2 2 0 0
     3/2-1/4*d
;
  A 2 3  5 0  1 4 0 0
   1
    A 2 3  5 0  2 3 0 0
     1/3
    A 2 3  4 0  1 3 0 0
     5/6-1/6*d
    A 1 1  4 0  4 0 0 0
     1/2
;
  A 2 3  5 1  3 2 -1 0
   1
    A 2 3  5 1  4 1 -1 0
     3
    A 2 3  4 1  2 2 -1 0
     1/2
    A 2 3  4 1  3 1 -1 0
     3-1/2*d
    A 2 3  4 0  3 1 0 0
     -1+1/2*s
    A 2 3  3 0  2 1 0 0
     -1/2
;
  A 2 3  5 1  3 2 -1 0
   1
    A 2 3  5 1  4 1 -1 0
     3
    A 2 3  5 0  4 1 0 0
     -3*s
    A 2 3  4 0  3 1 0 0
     -1
    A 1 1  4 0  4 0 0 0
     -3
;
  A 2 3  5 1  3 2 0 -1
   1
    A 2 3  5 1  4 1 0 -1
     3
    A 2 3  4 1  2 2 0 -1
     1/2
    A 2 3  4 1  3 1 0 -1
     3-1/2*d
    A 2 3  3 0  2 1 0 0
     -1/2
;
  A 2 3  5 1  3 2 0 -1
   1
    A 2 3  5 1  4 1 0 -1
     3
    A 2 3  5 0  3 2 0 0
     -1-t
    A 2 3  5 0  4 1 0 0
     -6
    A 2 3  4 0  2 2 0 0
     -1
    A 2 3  4 0  3 1 0 0
     -3
;
  A 2 3  5 1  3 2 0 -1
   1
    A 2 3  5 1  3 2 -1 0
     (-1+t)*s^(-1)
    A 2 3  5 0  3 2 0 0
     -1-t
    A 2 3  4 0  2 2 0 0
     -1
    A 2 3  4 0  3 1 0 0
     -(-1+t)*s^(-1)
;
  A 2 3  5 1  2 3 -1 0
   1
    A 2 3  5 1  3 2 -1 0
     1
    A 2 3  4 1  1 3 -1 0
     1/2
    A 2 3  4 1  2 2 -1 0
     5/4-1/4*d
    A 2 3  4 0  2 2 0 0
     -1/2+1/4*s
    A 2 3  3 0  1 2 0 0
     -1/4
;
  A 2 3  5 1  2 3 -1 0
   1
    A 2 3  5 1  3 2 -1 0
     1
    A 2 3  5 0  3 2 0 0
     -s
    A 2 3  4 0  2 2 0 0
     -1
    A 2 3  4 0  3 1 0 0
     -1
;
  A 2 3  5 1  2 3 0 -1
   1
    A 2 3  5 1  3 2 0 -1
     1
    A 2 3  4 1  1 3 0 -1
     1/2
    A 2 3  4 1  2 2 0 -1
     5/4-1/4*d
    A 2 3  3 0  1 2 0 0
     -1/4
;
  A 2 3  5 1  2 3 0 -1
   1
    A 2 3  5 1  3 2 0 -1
     1
    A 2 3  5 0  2 3 0 0
     -1-t
    A 2 3  5 0  3 2 0 0
     -2
    A 2 3  4 0  1 3 0 0
     -1
    A 2 3  4 0  2 2 0 0
     -1
;
  A 2 3  5 1  2 3 0 -1
   1
    A 2 3  5 1  2 3 -1 0
     (-1+t)*s^(-1)
    A 2 3  5 0  2 3 0 0
     -1-t
    A 2 3  4 0  1 3 0 0
     -1
    A 2 3  4 0  2 2 0 0
     -(-1+t)*s^(-1)
;
  A 2 3  5 1  1 4 -1 0
   1
    A 2 3  5 1  2 3 -1 0
     1/3
    A 2 3  4 1  1 3 -1 0
     2/3-1/6*d
    A 2 3  4 0  1 3 0 0
     -1/3+1/6*s
    A 1 1  4 1  4 0 -1 0
     1/2
    A 1 1  4 1  4 -1 0 0
     -1/2
    A 1 1  4 0  4 0 0 0
     -1/2*s
    A 1 1  3 0  3 0 0 0
     1/3
;
  A 2 3  5 1  1 4 -1 0
   1
    A 2 3  5 1  2 3 -1 0
     1/3
    A 2 3  5 0  2 3 0 0
     -1/3*s
    A 2 3  4 0  1 3 0 0
     -1
    A 2 3  4 0  2 2 0 0
     -1/3
;
  A 2 3  5 1  1 4 0 -1
   1
    A 2 3  5 1  2 3 0 -1
     1/3
    A 2 3  4 1  1 3 0 -1
     2/3-1/6*d
    A 1 1  4 1  4 0 0 -1
     1/2
    A 1 1  4 1  4 -1 0 0
     -1/2
    A 1 1  4 0  4 0 0 0
     -1/2+1/2*t
    A 1 1  3 0  3 0 0 0
     1/3
;
  A 2 3  5 1  1 4 0 -1
   1
    A 2 3  5 1  2 3 0 -1
     1/3
    A 2 3  5 0  1 4 0 0
     -1-t
    A 2 3  5 0  2 3 0 0
     -2/3
    A 2 3  4 0  1 3 0 0
     -1/3
    A 1 1  4 0  4 0 0 0
     -1
;
  A 2 3  5 1  1 4 0 -1
   1
    A 2 3  5 1  1 4 -1 0
     (-1+t)*s^(-1)
    A 2 3  5 0  1 4 0 0
     -1-t
    A 2 3  4 0  1 3 0 0
     -(-1+t)*s^(-1)
    A 1 1  4 0  4 0 0 0
     -1
;
  A 2 3  5 2  3 2 -2 0
   1
    A 2 3  5 2  4 1 -2 0
     3
    A 2 3  4 2  2 2 -2 0
     1/2
    A 2 3  4 2  3 1 -2 0
     5/2-1/2*d
    A 2 3  4 1  3 1 -1 0
     -2+s
    A 2 3  3 1  2 1 -1 0
     -1
;
  A 2 3  5 2  3 2 -2 0
   1
    A 2 3  5 2  4 1 -2 0
     3
    A 2 3  5 1  4 1 -1 0
     -3*s
    A 2 3  4 1  3 1 -1 0
     -2
    A 1 1  4 1  4 0 -1 0
     -3
    A 1 1  3 0  3 0 0 0
     1
;
  A 2 3  5 2  3 2 -1 -1
   1
    A 2 3  5 2  4 1 -1 -1
     3
    A 2 3  4 2  2 2 -1 -1
     1/2
    A 2 3  4 2  3 1 -1 -1
     5/2-1/2*d
    A 2 3  4 1  3 1 0 -1
     -1+1/2*s
    A 2 3  3 1  2 1 0 -1
     -1/2
    A 2 3  3 1  2 1 -1 0
     -1/2
;
  A 2 3  5 2  3 2 -1 -1
   1
    A 2 3  5 2  4 1 -1 -1
     3
    A 2 3  5 1  4 1 0 -1
     -3*s
    A 2 3  4 1  3 1 0 -1
     -1
    A 2 3  4 1  3 1 -1 0
     -1
    A 2 3  4 0  3 1 0 0
     1-t
    A 1 1  4 1  4 0 0 -1
     -3
    A 1 1  3 0  3 0 0 0
     1
;
  A 2 3  5 2  3 2 -1 -1
   1
    A 2 3  5 2  4 1 -1 -1
     3
    A 2 3  5 1  3 2 -1 0
     -1-t
    A 2 3  5 1  4 1 -1 0
     -6
    A 2 3  4 1  2 2 -1 0
     -1
    A 2 3  4 1  3 1 0 -1
     -1
    A 2 3  4 1  3 1 -1 0
     -3
    A 2 3  4 0  3 1 0 0
     2-s
    A 2 3  3 0  2 1 0 0
     1
;
  A 2 3  5 2  3 2 -1 -1
   1
    A 2 3  5 2  3 2 -2 0
     (-1+t)*s^(-1)
    A 2 3  5 1  3 2 -1 0
     -1-t
    A 2 3  4 1  2 2 -1 0
     -1
    A 2 3  4 1  3 1 0 -1
     -1
    A 2 3  4 1  3 1 -1 0
     -(-1+t-s)*s^(-1)
    A 2 3  4 0  3 1 0 0
     2-s
    A 2 3  3 0  2 1 0 0
     1
    A 1 1  3 0  3 0 0 0
     -1
;
  A 2 3  5 2  3 2 0 -2
   1
    A 2 3  5 2  4 1 0 -2
     3
    A 2 3  4 2  2 2 0 -2
     1/2
    A 2 3  4 2  3 1 0 -2
     5/2-1/2*d
    A 2 3  3 1  2 1 0 -1
     -1
;
  A 2 3  5 2  3 2 0 -2
   1
    A 2 3  5 2  4 1 0 -2
     3
    A 2 3  5 1  3 2 0 -1
     -1-t
    A 2 3  5 1  4 1 0 -1
     -6
    A 2 3  4 1  2 2 0 -1
     -1
    A 2 3  4 1  3 1 0 -1
     -4
    A 2 3  3 0  2 1 0 0
     1
;
  A 2 3  5 2  3 2 0 -2
   1
    A 2 3  5 2  3 2 -1 -1
     (-1+t)*s^(-1)
    A 2 3  5 1  3 2 0 -1
     -1-t
    A 2 3  4 1  2 2 0 -1
     -1
    A 2 3  4 1  3 1 0 -1
     -(-2+2*t+s)*s^(-1)
    A 2 3  4 1  3 1 -1 0
     2*s^(-1)
    A 2 3  4 0  3 1 0 0
     2*(-1+t)*s^(-1)
    A 2 3  3 0  2 1 0 0
     (-1+t+s)*s^(-1)
    A 1 1  3 0  3 0 0 0
     -2*s^(-1)
;
  A 2 3  5 2  2 3 -2 0
   1
    A 2 3  5 2  3 2 -2 0
     1
    A 2 3  4 2  1 3 -2 0
     1/2
    A 2 3  4 2  2 2 -2 0
     1-1/4*d
    A 2 3  4 1  2 2 -1 0
     -1+1/2*s
    A 2 3  3 1  1 2 -1 0
     -1/2
;
  A 2 3  5 2  2 3 -2 0
   1
    A 2 3  5 2  3 2 -2 0
     1
    A 2 3  5 1  3 2 -1 0
     -s
    A 2 3  4 1  2 2 -1 0
     -3/2
    A 2 3  4 1  3 1 -1 0
     -1
    A 2 3  3 0  2 1 0 0
     1/2
;
  A 2 3  5 2  2 3 -1 -1
   1
    A 2 3  5 2  3 2 -1 -1
     1
    A 2 3  4 2  1 3 -1 -1
     1/2
    A 2 3  4 2  2 2 -1 -1
     1-1/4*d
    A 2 3  4 1  2 2 0 -1
     -1/2+1/4*s
    A 2 3  3 1  1 2 0 -1
     -1/4
    A 2 3  3 1  1 2 -1 0
     -1/4
;
  A 2 3  5 2  2 3 -1 -1
   1
    A 2 3  5 2  3 2 -1 -1
     1
    A 2 3  5 1  3 2 0 -1
     -s
    A 2 3  4 1  2 2 0 -1
     -1
    A 2 3  4 1  2 2 -1 0
     -1/2
    A 2 3  4 1  3 1 0 -1
     -1
    A 2 3  4 0  2 2 0 0
     1/2-1/2*t
    A 2 3  3 0  2 1 0 0
     1/2
;
  A 2 3  5 2  2 3 -1 -1
   1
    A 2 3  5 2  3 2 -1 -1
     1
    A 2 3  5 1  2 3 -1 0
     -1-t
    A 2 3  5 1  3 2 -1 0
     -2
    A 2 3  4 1  1 3 -1 0
     -1
    A 2 3  4 1  2 2 0 -1
     -1/2
    A 2 3  4 1  2 2 -1 0
     -1
    A 2 3  4 0  2 2 0 0
     1-1/2*s
    A 2 3  3 0  1 2 0 0
     1/2
;
  A 2 3  5 2  2 3 -1 -1
   1
    A 2 3  5 2  2 3 -2 0
     (-1+t)*s^(-1)
    A 2 3  5 1  2 3 -1 0
     -1-t
    A 2 3  4 1  1 3 -1 0
     -1
    A 2 3  4 1  2 2 0 -1
     -1/2
    A 2 3  4 1  2 2 -1 0
     -1/2*(-2+2*t-s)*s^(-1)
    A 2 3  4 0  2 2 0 0
     1-1/2*s
    A 2 3  3 0  1 2 0 0
     1/2
    A 2 3  3 0  2 1 0 0
     -1/2
;
  A 2 3  5 2  2 3 0 -2
   1
    A 2 3  5 2  3 2 0 -2
     1
    A 2 3  4 2  1 3 0 -2
     1/2
    A 2 3  4 2  2 2 0 -2
     1-1/4*d
    A 2 3  3 1  1 2 0 -1
     -1/2
;
  A 2 3  5 2  2 3 0 -2
   1
    A 2 3  5 2  3 2 0 -2
     1
    A 2 3  5 1  2 3 0 -1
     -1-t
    A 2 3  5 1  3 2 0 -1
     -2
    A 2 3  4 1  1 3 0 -1
     -1
    A 2 3  4 1  2 2 0 -1
     -3/2
    A 2 3  3 0  1 2 0 0
     1/2
;
  A 2 3  5 2  2 3 0 -2
   1
    A 2 3  5 2  2 3 -1 -1
     (-1+t)*s^(-1)
    A 2 3  5 1  2 3 0 -1
     -1-t
    A 2 3  4 1  1 3 0 -1
     -1
    A 2 3  4 1  2 2 0 -1
     -1/2*(-3+3*t+s)*s^(-1)
    A 2 3  4 1  2 2 -1 0
     s^(-1)
    A 2 3  4 0  2 2 0 0
     (-1+t)*s^(-1)
    A 2 3  3 0  1 2 0 0
     1/2*(-1+t+s)*s^(-1)
    A 2 3  3 0  2 1 0 0
     -s^(-1)
;
  A 2 3  5 2  1 4 -2 0
   1
    A 2 3  5 2  2 3 -2 0
     1/3
    A 2 3  4 2  1 3 -2 0
     1/2-1/6*d
    A 2 3  4 1  1 3 -1 0
     -2/3+1/3*s
    A 1 1  4 2  4 0 -2 0
     1/2
    A 1 1  4 2  4 -1 -1 0
     -1
    A 1 1  4 2  4 -2 0 0
     1/2
    A 1 1  4 1  4 0 -1 0
     -s
    A 1 1  4 1  4 -1 0 0
     s
    A 1 1  4 0  4 0 0 0
     1/2*s^2
    A 1 1  3 1  3 0 -1 0
     2/3
    A 1 1  3 1  3 -1 0 0
     -2/3
    A 1 1  3 0  3 0 0 0
     -2/3*s
    A 1 1  2 0  2 0 0 0
     1/6
;
  A 2 3  5 2  1 4 -2 0
   1
    A 2 3  5 2  2 3 -2 0
     1/3
    A 2 3  5 1  2 3 -1 0
     -1/3*s
    A 2 3  4 1  1 3 -1 0
     -4/3
    A 2 3  4 1  2 2 -1 0
     -1/3
    A 2 3  3 0  1 2 0 0
     1/3
;
  A 2 3  5 2  1 4 -1 -1
   1
    A 2 3  5 2  2 3 -1 -1
     1/3
    A 2 3  4 2  1 3 -1 -1
     1/2-1/6*d
    A 2 3  4 1  1 3 0 -1
     -1/3+1/6*s
    A 1 1  4 2  4 0 -1 -1
     1/2
    A 1 1  4 2  4 -1 0 -1
     -1/2
    A 1 1  4 2  4 -1 -1 0
     -1/2
    A 1 1  4 2  4 -2 0 0
     1/2
    A 1 1  4 1  4 0 0 -1
     -1/2*s
    A 1 1  4 1  4 0 -1 0
     -1/2+1/2*t
    A 1 1  4 1  4 -1 0 0
     1/2-1/2*t+1/2*s
    A 1 1  4 0  4 0 0 0
     -1/2*t*s+1/2*s
    A 1 1  3 1  3 0 0 -1
     1/3
    A 1 1  3 1  3 0 -1 0
     1/3
    A 1 1  3 1  3 -1 0 0
     -2/3
    A 1 1  3 0  3 0 0 0
     -1/3+1/3*t-1/3*s
    A 1 1  2 0  2 0 0 0
     1/6
;
  A 2 3  5 2  1 4 -1 -1
   1
    A 2 3  5 2  2 3 -1 -1
     1/3
    A 2 3  5 1  2 3 0 -1
     -1/3*s
    A 2 3  4 1  1 3 0 -1
     -1
    A 2 3  4 1  1 3 -1 0
     -1/3
    A 2 3  4 1  2 2 0 -1
     -1/3
    A 2 3  4 0  1 3 0 0
     1/3-1/3*t
    A 2 3  3 0  1 2 0 0
     1/3
;
  A 2 3  5 2  1 4 -1 -1
   1
    A 2 3  5 2  2 3 -1 -1
     1/3
    A 2 3  5 1  1 4 -1 0
     -1-t
    A 2 3  5 1  2 3 -1 0
     -2/3
    A 2 3  4 1  1 3 0 -1
     -1/3
    A 2 3  4 1  1 3 -1 0
     -1/3
    A 2 3  4 0  1 3 0 0
     2/3-1/3*s
    A 1 1  4 1  4 0 -1 0
     -1
    A 1 1  4 1  4 -1 0 0
     1
    A 1 1  4 0  4 0 0 0
     s
    A 1 1  3 0  3 0 0 0
     -2/3
;
  A 2 3  5 2  1 4 -1 -1
   1
    A 2 3  5 2  1 4 -2 0
     (-1+t)*s^(-1)
    A 2 3  5 1  1 4 -1 0
     -1-t
    A 2 3  4 1  1 3 0 -1
     -1/3
    A 2 3  4 1  1 3 -1 0
     -1/3*(-3+3*t-s)*s^(-1)
    A 2 3  4 0  1 3 0 0
     2/3-1/3*s
    A 2 3  3 0  1 2 0 0
     -1/3
    A 1 1  4 1  4 0 -1 0
     -1
    A 1 1  4 1  4 -1 0 0
     1
    A 1 1  4 0  4 0 0 0
     s
    A 1 1  3 0  3 0 0 0
     -2/3
;
  A 2 3  5 2  1 4 0 -2
   1
    A 2 3  5 2  2 3 0 -2
     1/3
    A 2 3  4 2  1 3 0 -2
     1/2-1/6*d
    A 1 1  4 2  4 0 0 -2
     1/2
    A 1 1  4 2  4 -1 0 -1
     -1
    A 1 1  4 2  4 -2 0 0
     1/2
    A 1 1  4 1  4 0 0 -1
     -1+t
    A 1 1  4 1  4 -1 0 0
     1-t
    A 1 1  4 0  4 0 0 0
     1/2+1/2*t^2-t
    A 1 1  3 1  3 0 0 -1
     2/3
    A 1 1  3 1  3 -1 0 0
     -2/3
    A 1 1  3 0  3 0 0 0
     -2/3+2/3*t
    A 1 1  2 0  2 0 0 0
     1/6
;
  A 2 3  5 2  1 4 0 -2
   1
    A 2 3  5 2  2 3 0 -2
     1/3
    A 2 3  5 1  1 4 0 -1
     -1-t
    A 2 3  5 1  2 3 0 -1
     -2/3
    A 2 3  4 1  1 3 0 -1
     -2/3
    A 1 1  4 1  4 0 0 -1
     -1
    A 1 1  4 1  4 -1 0 0
     1
    A 1 1  4 0  4 0 0 0
     1-t
    A 1 1  3 0  3 0 0 0
     -2/3
;
  A 2 3  5 2  1 4 0 -2
   1
    A 2 3  5 2  1 4 -1 -1
     (-1+t)*s^(-1)
    A 2 3  5 1  1 4 0 -1
     -1-t
    A 2 3  4 1  1 3 0 -1
     -1/3*(-4+4*t+s)*s^(-1)
    A 2 3  4 1  1 3 -1 0
     2/3*s^(-1)
    A 2 3  4 0  1 3 0 0
     2/3*(-1+t)*s^(-1)
    A 2 3  3 0  1 2 0 0
     -2/3*s^(-1)
    A 1 1  4 1  4 0 0 -1
     -1
    A 1 1  4 1  4 -1 0 0
     1
    A 1 1  4 0  4 0 0 0
     1-t
    A 1 1  3 0  3 0 0 0
     1/3*(-1+t-2*s)*s^(-1)
;
  A 2 3  5 3  3 2 -3 0
   1
    A 2 3  5 3  4 1 -3 0
     3
    A 2 3  4 3  2 2 -3 0
     1/2
    A 2 3  4 3  3 1 -3 0
     2-1/2*d
    A 2 3  4 2  3 1 -2 0
     -3+3/2*s
    A 2 3  3 2  2 1 -2 0
     -3/2
;
  A 2 3  5 3  3 2 -3 0
   1
    A 2 3  5 3  4 1 -3 0
     3
    A 2 3  5 2  4 1 -2 0
     -3*s
    A 2 3  4 2  3 1 -2 0
     -3
    A 1 1  4 2  4 0 -2 0
     -3
    A 1 1  3 1  3 0 -1 0
     2
;
  A 2 3  5 3  3 2 -2 -1
   1
    A 2 3  5 3  4 1 -2 -1
     3
    A 2 3  4 3  2 2 -2 -1
     1/2
    A 2 3  4 3  3 1 -2 -1
     2-1/2*d
    A 2 3  4 2  3 1 -1 -1
     -2+s
    A 2 3  3 2  2 1 -1 -1
     -1
    A 2 3  3 2  2 1 -2 0
     -1/2
;
  A 2 3  5 3  3 2 -2 -1
   1
    A 2 3  5 3  4 1 -2 -1
     3
    A 2 3  5 2  4 1 -1 -1
     -3*s
    A 2 3  4 2  3 1 -1 -1
     -2
    A 2 3  4 2  3 1 -2 0
     -1
    A 2 3  4 1  3 1 -1 0
     1-t
    A 1 1  4 2  4 0 -1 -1
     -3
    A 1 1  3 1  3 0 0 -1
     1
    A 1 1  3 1  3 0 -1 0
     1
;
  A 2 3  5 3  3 2 -2 -1
   1
    A 2 3  5 3  4 1 -2 -1
     3
    A 2 3  5 2  3 2 -2 0
     -1-t
    A 2 3  5 2  4 1 -2 0
     -6
    A 2 3  4 2  2 2 -2 0
     -1
    A 2 3  4 2  3 1 -1 -1
     -2
    A 2 3  4 2  3 1 -2 0
     -3
    A 2 3  4 1  3 1 -1 0
     4-2*s
    A 2 3  3 1  2 1 -1 0
     2
;
  A 2 3  5 3  3 2 -2 -1
   1
    A 2 3  5 3  3 2 -3 0
     (-1+t)*s^(-1)
    A 2 3  5 2  3 2 -2 0
     -1-t
    A 2 3  4 2  2 2 -2 0
     -1
    A 2 3  4 2  3 1 -1 -1
     -2
    A 2 3  4 2  3 1 -2 0
     -(-1+t-2*s)*s^(-1)
    A 2 3  4 1  3 1 -1 0
     4-2*s
    A 2 3  3 1  2 1 -1 0
     2
    A 1 1  3 1  3 0 -1 0
     -2
;
  A 2 3  5 3  3 2 -1 -2
   1
    A 2 3  5 3  4 1 -1 -2
     3
    A 2 3  4 3  2 2 -1 -2
     1/2
    A 2 3  4 3  3 1 -1 -2
     2-1/2*d
    A 2 3  4 2  3 1 0 -2
     -1+1/2*s
    A 2 3  3 2  2 1 0 -2
     -1/2
    A 2 3  3 2  2 1 -1 -1
     -1
;
  A 2 3  5 3  3 2 -1 -2
   1
    A 2 3  5 3  4 1 -1 -2
     3
    A 2 3  5 2  4 1 0 -2
     -3*s
    A 2 3  4 2  3 1 0 -2
     -1
    A 2 3  4 2  3 1 -1 -1
     -2
    A 2 3  4 1  3 1 0 -1
     2-2*t
    A 1 1  4 2  4 0 0 -2
     -3
    A 1 1  3 1  3 0 0 -1
     2
;
  A 2 3  5 3  3 2 -1 -2
   1
    A 2 3  5 3  4 1 -1 -2
     3
    A 2 3  5 2  3 2 -1 -1
     -1-t
    A 2 3  5 2  4 1 -1 -1
     -6
    A 2 3  4 2  2 2 -1 -1
     -1
    A 2 3  4 2  3 1 0 -2
     -1
    A 2 3  4 2  3 1 -1 -1
     -4
    A 2 3  4 1  3 1 0 -1
     2-s
    A 2 3  3 1  2 1 0 -1
     1
    A 2 3  3 1  2 1 -1 0
     1
;
  A 2 3  5 3  3 2 -1 -2
   1
    A 2 3  5 3  3 2 -2 -1
     (-1+t)*s^(-1)
    A 2 3  5 2  3 2 -1 -1
     -1-t
    A 2 3  4 2  2 2 -1 -1
     -1
    A 2 3  4 2  3 1 0 -2
     -1
    A 2 3  4 2  3 1 -1 -1
     -2*(-1+t)*s^(-1)
    A 2 3  4 2  3 1 -2 0
     2*s^(-1)
    A 2 3  4 1  3 1 0 -1
     2-s
    A 2 3  4 1  3 1 -1 0
     2*(-1+t)*s^(-1)
    A 2 3  3 1  2 1 0 -1
     1
    A 2 3  3 1  2 1 -1 0
     (-1+t+s)*s^(-1)
    A 1 1  3 1  3 0 0 -1
     -1
    A 1 1  3 1  3 0 -1 0
     -2*s^(-1)
;
  A 2 3  5 3  3 2 0 -3
   1
    A 2 3  5 3  4 1 0 -3
     3
    A 2 3  4 3  2 2 0 -3
     1/2
    A 2 3  4 3  3 1 0 -3
     2-1/2*d
    A 2 3  3 2  2 1 0 -2
     -3/2
;
  A 2 3  5 3  3 2 0 -3
   1
    A 2 3  5 3  4 1 0 -3
     3
    A 2 3  5 2  3 2 0 -2
     -1-t
    A 2 3  5 2  4 1 0 -2
     -6
    A 2 3  4 2  2 2 0 -2
     -1
    A 2 3  4 2  3 1 0 -2
     -5
    A 2 3  3 1  2 1 0 -1
     2
;
  A 2 3  5 3  3 2 0 -3
   1
    A 2 3  5 3  3 2 -1 -2
     (-1+t)*s^(-1)
    A 2 3  5 2  3 2 0 -2
     -1-t
    A 2 3  4 2  2 2 0 -2
     -1
    A 2 3  4 2  3 1 0 -2
     -(-3+3*t+2*s)*s^(-1)
    A 2 3  4 2  3 1 -1 -1
     4*s^(-1)
    A 2 3  4 1  3 1 0 -1
     4*(-1+t)*s^(-1)
    A 2 3  3 1  2 1 0 -1
     2*(-1+t+s)*s^(-1)
    A 1 1  3 1  3 0 0 -1
     -4*s^(-1)
;
  A 2 3  5 3  2 3 -3 0
   1
    A 2 3  5 3  3 2 -3 0
     1
    A 2 3  4 3  1 3 -3 0
     1/2
    A 2 3  4 3  2 2 -3 0
     3/4-1/4*d
    A 2 3  4 2  2 2 -2 0
     -3/2+3/4*s
    A 2 3  3 2  1 2 -2 0
     -3/4
;
  A 2 3  5 3  2 3 -3 0
   1
    A 2 3  5 3  3 2 -3 0
     1
    A 2 3  5 2  3 2 -2 0
     -s
    A 2 3  4 2  2 2 -2 0
     -2
    A 2 3  4 2  3 1 -2 0
     -1
    A 2 3  3 1  2 1 -1 0
     1
;
  A 2 3  5 3  2 3 -2 -1
   1
    A 2 3  5 3  3 2 -2 -1
     1
    A 2 3  4 3  1 3 -2 -1
     1/2
    A 2 3  4 3  2 2 -2 -1
     3/4-1/4*d
    A 2 3  4 2  2 2 -1 -1
     -1+1/2*s
    A 2 3  3 2  1 2 -1 -1
     -1/2
    A 2 3  3 2  1 2 -2 0
     -1/4
;
  A 2 3  5 3  2 3 -2 -1
   1
    A 2 3  5 3  3 2 -2 -1
     1
    A 2 3  5 2  3 2 -1 -1
     -s
    A 2 3  4 2  2 2 -1 -1
     -3/2
    A 2 3  4 2  2 2 -2 0
     -1/2
    A 2 3  4 2  3 1 -1 -1
     -1
    A 2 3  4 1  2 2 -1 0
     1/2-1/2*t
    A 2 3  3 1  2 1 0 -1
     1/2
    A 2 3  3 1  2 1 -1 0
     1/2
;
  A 2 3  5 3  2 3 -2 -1
   1
    A 2 3  5 3  3 2 -2 -1
     1
    A 2 3  5 2  2 3 -2 0
     -1-t
    A 2 3  5 2  3 2 -2 0
     -2
    A 2 3  4 2  1 3 -2 0
     -1
    A 2 3  4 2  2 2 -1 -1
     -1
    A 2 3  4 2  2 2 -2 0
     -1
    A 2 3  4 1  2 2 -1 0
     2-s
    A 2 3  3 1  1 2 -1 0
     1
;
  A 2 3  5 3  2 3 -2 -1
   1
    A 2 3  5 3  2 3 -3 0
     (-1+t)*s^(-1)
    A 2 3  5 2  2 3 -2 0
     -1-t
    A 2 3  4 2  1 3 -2 0
     -1
    A 2 3  4 2  2 2 -1 -1
     -1
    A 2 3  4 2  2 2 -2 0
     -(-1+t-s)*s^(-1)
    A 2 3  4 1  2 2 -1 0
     2-s
    A 2 3  3 1  1 2 -1 0
     1
    A 2 3  3 1  2 1 -1 0
     -1
;
  A 2 3  5 3  2 3 -1 -2
   1
    A 2 3  5 3  3 2 -1 -2
     1
    A 2 3  4 3  1 3 -1 -2
     1/2
    A 2 3  4 3  2 2 -1 -2
     3/4-1/4*d
    A 2 3  4 2  2 2 0 -2
     -1/2+1/4*s
    A 2 3  3 2  1 2 0 -2
     -1/4
    A 2 3  3 2  1 2 -1 -1
     -1/2
;
  A 2 3  5 3  2 3 -1 -2
   1
    A 2 3  5 3  3 2 -1 -2
     1
    A 2 3  5 2  3 2 0 -2
     -s
    A 2 3  4 2  2 2 0 -2
     -1
    A 2 3  4 2  2 2 -1 -1
     -1
    A 2 3  4 2  3 1 0 -2
     -1
    A 2 3  4 1  2 2 0 -1
     1-t
    A 2 3  3 1  2 1 0 -1
     1
;
  A 2 3  5 3  2 3 -1 -2
   1
    A 2 3  5 3  3 2 -1 -2
     1
    A 2 3  5 2  2 3 -1 -1
     -1-t
    A 2 3  5 2  3 2 -1 -1
     -2
    A 2 3  4 2  1 3 -1 -1
     -1
    A 2 3  4 2  2 2 0 -2
     -1/2
    A 2 3  4 2  2 2 -1 -1
     -3/2
    A 2 3  4 1  2 2 0 -1
     1-1/2*s
    A 2 3  3 1  1 2 0 -1
     1/2
    A 2 3  3 1  1 2 -1 0
     1/2
;
  A 2 3  5 3  2 3 -1 -2
   1
    A 2 3  5 3  2 3 -2 -1
     (-1+t)*s^(-1)
    A 2 3  5 2  2 3 -1 -1
     -1-t
    A 2 3  4 2  1 3 -1 -1
     -1
    A 2 3  4 2  2 2 0 -2
     -1/2
    A 2 3  4 2  2 2 -1 -1
     -3/2*(-1+t)*s^(-1)
    A 2 3  4 2  2 2 -2 0
     s^(-1)
    A 2 3  4 1  2 2 0 -1
     1-1/2*s
    A 2 3  4 1  2 2 -1 0
     (-1+t)*s^(-1)
    A 2 3  3 1  1 2 0 -1
     1/2
    A 2 3  3 1  1 2 -1 0
     1/2*(-1+t+s)*s^(-1)
    A 2 3  3 1  2 1 0 -1
     -1/2
    A 2 3  3 1  2 1 -1 0
     -s^(-1)
;
  A 2 3  5 3  2 3 0 -3
   1
    A 2 3  5 3  3 2 0 -3
     1
    A 2 3  4 3  1 3 0 -3
     1/2
    A 2 3  4 3  2 2 0 -3
     3/4-1/4*d
    A 2 3  3 2  1 2 0 -2
     -3/4
;
  A 2 3  5 3  2 3 0 -3
   1
    A 2 3  5 3  3 2 0 -3
     1
    A 2 3  5 2  2 3 0 -2
     -1-t
    A 2 3  5 2  3 2 0 -2
     -2
    A 2 3  4 2  1 3 0 -2
     -1
    A 2 3  4 2  2 2 0 -2
     -2
    A 2 3  3 1  1 2 0 -1
     1
;
  A 2 3  5 3  2 3 0 -3
   1
    A 2 3  5 3  2 3 -1 -2
     (-1+t)*s^(-1)
    A 2 3  5 2  2 3 0 -2
     -1-t
    A 2 3  4 2  1 3 0 -2
     -1
    A 2 3  4 2  2 2 0 -2
     -(-2+2*t+s)*s^(-1)
    A 2 3  4 2  2 2 -1 -1
     2*s^(-1)
    A 2 3  4 1  2 2 0 -1
     2*(-1+t)*s^(-1)
    A 2 3  3 1  1 2 0 -1
     (-1+t+s)*s^(-1)
    A 2 3  3 1  2 1 0 -1
     -2*s^(-1)
;
  A 2 3  5 3  1 4 -3 0
   1
    A 2 3  5 3  2 3 -3 0
     1/3
    A 2 3  4 3  1 3 -3 0
     1/3-1/6*d
    A 2 3  4 2  1 3 -2 0
     -1+1/2*s
    A 1 1  4 3  4 0 -3 0
     1/2
    A 1 1  4 3  4 -1 -2 0
     -3/2
    A 1 1  4 3  4 -2 -1 0
     3/2
    A 1 1  4 3  4 -3 0 0
     -1/2
    A 1 1  4 2  4 0 -2 0
     -3/2*s
    A 1 1  4 2  4 -1 -1 0
     3*s
    A 1 1  4 2  4 -2 0 0
     -3/2*s
    A 1 1  4 1  4 0 -1 0
     3/2*s^2
    A 1 1  4 1  4 -1 0 0
     -3/2*s^2
    A 1 1  4 0  4 0 0 0
     -1/2*s^3
    A 1 1  3 2  3 0 -2 0
     1
    A 1 1  3 2  3 -1 -1 0
     -2
    A 1 1  3 2  3 -2 0 0
     1
    A 1 1  3 1  3 0 -1 0
     -2*s
    A 1 1  3 1  3 -1 0 0
     2*s
    A 1 1  3 0  3 0 0 0
     s^2
    A 1 1  2 1  2 0 -1 0
     1/2
    A 1 1  2 1  2 -1 0 0
     -1/2
    A 1 1  2 0  2 0 0 0
     -1/2*s
;
  A 2 3  5 3  1 4 -3 0
   1
    A 2 3  5 3  2 3 -3 0
     1/3
    A 2 3  5 2  2 3 -2 0
     -1/3*s
    A 2 3  4 2  1 3 -2 0
     -5/3
    A 2 3  4 2  2 2 -2 0
     -1/3
    A 2 3  3 1  1 2 -1 0
     2/3
;
  A 2 3  5 3  1 4 -2 -1
   1
    A 2 3  5 3  2 3 -2 -1
     1/3
    A 2 3  4 3  1 3 -2 -1
     1/3-1/6*d
    A 2 3  4 2  1 3 -1 -1
     -2/3+1/3*s
    A 1 1  4 3  4 0 -2 -1
     1/2
    A 1 1  4 3  4 -1 -1 -1
     -1
    A 1 1  4 3  4 -1 -2 0
     -1/2
    A 1 1  4 3  4 -2 0 -1
     1/2
    A 1 1  4 3  4 -2 -1 0
     1
    A 1 1  4 3  4 -3 0 0
     -1/2
    A 1 1  4 2  4 0 -1 -1
     -s
    A 1 1  4 2  4 0 -2 0
     -1/2+1/2*t
    A 1 1  4 2  4 -1 0 -1
     s
    A 1 1  4 2  4 -1 -1 0
     1-t+s
    A 1 1  4 2  4 -2 0 0
     -1/2+1/2*t-s
    A 1 1  4 1  4 0 0 -1
     1/2*s^2
    A 1 1  4 1  4 0 -1 0
     -t*s+s
    A 1 1  4 1  4 -1 0 0
     t*s-1/2*s^2-s
    A 1 1  4 0  4 0 0 0
     1/2*t*s^2-1/2*s^2
    A 1 1  3 2  3 0 -1 -1
     2/3
    A 1 1  3 2  3 0 -2 0
     1/3
    A 1 1  3 2  3 -1 0 -1
     -2/3
    A 1 1  3 2  3 -1 -1 0
     -4/3
    A 1 1  3 2  3 -2 0 0
     1
    A 1 1  3 1  3 0 0 -1
     -2/3*s
    A 1 1  3 1  3 0 -1 0
     -2/3+2/3*t-2/3*s
    A 1 1  3 1  3 -1 0 0
     2/3-2/3*t+4/3*s
    A 1 1  3 0  3 0 0 0
     -2/3*t*s+1/3*s^2+2/3*s
    A 1 1  2 1  2 0 0 -1
     1/6
    A 1 1  2 1  2 0 -1 0
     1/3
    A 1 1  2 1  2 -1 0 0
     -1/2
    A 1 1  2 0  2 0 0 0
     -1/6+1/6*t-1/3*s
;
  A 2 3  5 3  1 4 -2 -1
   1
    A 2 3  5 3  2 3 -2 -1
     1/3
    A 2 3  5 2  2 3 -1 -1
     -1/3*s
    A 2 3  4 2  1 3 -1 -1
     -4/3
    A 2 3  4 2  1 3 -2 0
     -1/3
    A 2 3  4 2  2 2 -1 -1
     -1/3
    A 2 3  4 1  1 3 -1 0
     1/3-1/3*t
    A 2 3  3 1  1 2 0 -1
     1/3
    A 2 3  3 1  1 2 -1 0
     1/3
;
  A 2 3  5 3  1 4 -2 -1
   1
    A 2 3  5 3  2 3 -2 -1
     1/3
    A 2 3  5 2  1 4 -2 0
     -1-t
    A 2 3  5 2  2 3 -2 0
     -2/3
    A 2 3  4 2  1 3 -1 -1
     -2/3
    A 2 3  4 2  1 3 -2 0
     -1/3
    A 2 3  4 1  1 3 -1 0
     4/3-2/3*s
    A 1 1  4 2  4 0 -2 0
     -1
    A 1 1  4 2  4 -1 -1 0
     2
    A 1 1  4 2  4 -2 0 0
     -1
    A 1 1  4 1  4 0 -1 0
     2*s
    A 1 1  4 1  4 -1 0 0
     -2*s
    A 1 1  4 0  4 0 0 0
     -s^2
    A 1 1  3 1  3 0 -1 0
     -4/3
    A 1 1  3 1  3 -1 0 0
     4/3
    A 1 1  3 0  3 0 0 0
     4/3*s
    A 1 1  2 0  2 0 0 0
     -1/3
;
  A 2 3  5 3  1 4 -2 -1
   1
    A 2 3  5 3  1 4 -3 0
     (-1+t)*s^(-1)
    A 2 3  5 2  1 4 -2 0
     -1-t
    A 2 3  4 2  1 3 -1 -1
     -2/3
    A 2 3  4 2  1 3 -2 0
     -1/3*(-3+3*t-2*s)*s^(-1)
    A 2 3  4 1  1 3 -1 0
     4/3-2/3*s
    A 2 3  3 1  1 2 -1 0
     -2/3
    A 1 1  4 2  4 0 -2 0
     -1
    A 1 1  4 2  4 -1 -1 0
     2
    A 1 1  4 2  4 -2 0 0
     -1
    A 1 1  4 1  4 0 -1 0
     2*s
    A 1 1  4 1  4 -1 0 0
     -2*s
    A 1 1  4 0  4 0 0 0
     -s^2
    A 1 1  3 1  3 0 -1 0
     -4/3
    A 1 1  3 1  3 -1 0 0
     4/3
    A 1 1  3 0  3 0 0 0
     4/3*s
    A 1 1  2 0  2 0 0 0
     -1/3
;
  A 2 3  5 3  1 4 -1 -2
   1
    A 2 3  5 3  2 3 -1 -2
     1/3
    A 2 3  4 3  1 3 -1 -2
     1/3-1/6*d
    A 2 3  4 2  1 3 0 -2
     -1/3+1/6*s
    A 1 1  4 3  4 0 -1 -2
     1/2
    A 1 1  4 3  4 -1 0 -2
     -1/2
    A 1 1  4 3  4 -1 -1 -1
     -1
    A 1 1  4 3  4 -2 0 -1
     1
    A 1 1  4 3  4 -2 -1 0
     1/2
    A 1 1  4 3  4 -3 0 0
     -1/2
    A 1 1  4 2  4 0 0 -2
     -1/2*s
    A 1 1  4 2  4 0 -1 -1
     -1+t
    A 1 1  4 2  4 -1 0 -1
     1-t+s
    A 1 1  4 2  4 -1 -1 0
     1-t
    A 1 1  4 2  4 -2 0 0
     -1+t-1/2*s
    A 1 1  4 1  4 0 0 -1
     -t*s+s
    A 1 1  4 1  4 0 -1 0
     1/2+1/2*t^2-t
    A 1 1  4 1  4 -1 0 0
     -1/2-1/2*t^2+t*s+t-s
    A 1 1  4 0  4 0 0 0
     t*s-1/2*t^2*s-1/2*s
    A 1 1  3 2  3 0 0 -2
     1/3
    A 1 1  3 2  3 0 -1 -1
     2/3
    A 1 1  3 2  3 -1 0 -1
     -4/3
    A 1 1  3 2  3 -1 -1 0
     -2/3
    A 1 1  3 2  3 -2 0 0
     1
    A 1 1  3 1  3 0 0 -1
     -2/3+2/3*t-2/3*s
    A 1 1  3 1  3 0 -1 0
     -2/3+2/3*t
    A 1 1  3 1  3 -1 0 0
     4/3-4/3*t+2/3*s
    A 1 1  3 0  3 0 0 0
     1/3+1/3*t^2-2/3*t*s-2/3*t+2/3*s
    A 1 1  2 1  2 0 0 -1
     1/3
    A 1 1  2 1  2 0 -1 0
     1/6
    A 1 1  2 1  2 -1 0 0
     -1/2
    A 1 1  2 0  2 0 0 0
     -1/3+1/3*t-1/6*s
;
  A 2 3  5 3  1 4 -1 -2
   1
    A 2 3  5 3  2 3 -1 -2
     1/3
    A 2 3  5 2  2 3 0 -2
     -1/3*s
    A 2 3  4 2  1 3 0 -2
     -1
    A 2 3  4 2  1 3 -1 -1
     -2/3
    A 2 3  4 2  2 2 0 -2
     -1/3
    A 2 3  4 1  1 3 0 -1
     2/3-2/3*t
    A 2 3  3 1  1 2 0 -1
     2/3
;
  A 2 3  5 3  1 4 -1 -2
   1
    A 2 3  5 3  2 3 -1 -2
     1/3
    A 2 3  5 2  1 4 -1 -1
     -1-t
    A 2 3  5 2  2 3 -1 -1
     -2/3
    A 2 3  4 2  1 3 0 -2
     -1/3
    A 2 3  4 2  1 3 -1 -1
     -2/3
    A 2 3  4 1  1 3 0 -1
     2/3-1/3*s
    A 1 1  4 2  4 0 -1 -1
     -1
    A 1 1  4 2  4 -1 0 -1
     1
    A 1 1  4 2  4 -1 -1 0
     1
    A 1 1  4 2  4 -2 0 0
     -1
    A 1 1  4 1  4 0 0 -1
     s
    A 1 1  4 1  4 0 -1 0
     1-t
    A 1 1  4 1  4 -1 0 0
     -1+t-s
    A 1 1  4 0  4 0 0 0
     t*s-s
    A 1 1  3 1  3 0 0 -1
     -2/3
    A 1 1  3 1  3 0 -1 0
     -2/3
    A 1 1  3 1  3 -1 0 0
     4/3
    A 1 1  3 0  3 0 0 0
     2/3-2/3*t+2/3*s
    A 1 1  2 0  2 0 0 0
     -1/3
;
  A 2 3  5 3  1 4 -1 -2
   1
    A 2 3  5 3  1 4 -2 -1
     (-1+t)*s^(-1)
    A 2 3  5 2  1 4 -1 -1
     -1-t
    A 2 3  4 2  1 3 0 -2
     -1/3
    A 2 3  4 2  1 3 -1 -1
     -4/3*(-1+t)*s^(-1)
    A 2 3  4 2  1 3 -2 0
     2/3*s^(-1)
    A 2 3  4 1  1 3 0 -1
     2/3-1/3*s
    A 2 3  4 1  1 3 -1 0
     2/3*(-1+t)*s^(-1)
    A 2 3  3 1  1 2 0 -1
     -1/3
    A 2 3  3 1  1 2 -1 0
     -2/3*s^(-1)
    A 1 1  4 2  4 0 -1 -1
     -1
    A 1 1  4 2  4 -1 0 -1
     1
    A 1 1  4 2  4 -1 -1 0
     1
    A 1 1  4 2  4 -2 0 0
     -1
    A 1 1  4 1  4 0 0 -1
     s
    A 1 1  4 1  4 0 -1 0
     1-t
    A 1 1  4 1  4 -1 0 0
     -1+t-s
    A 1 1  4 0  4 0 0 0
     t*s-s
    A 1 1  3 1  3 0 0 -1
     -2/3
    A 1 1  3 1  3 0 -1 0
     1/3*(-1+t-2*s)*s^(-1)
    A 1 1  3 1  3 -1 0 0
     -1/3*(-1+t-4*s)*s^(-1)
    A 1 1  3 0  3 0 0 0
     1-t+2/3*s
    A 1 1  2 0  2 0 0 0
     1/3*(-1+t-s)*s^(-1)
;
  A 2 3  5 3  1 4 0 -3
   1
    A 2 3  5 3  2 3 0 -3
     1/3
    A 2 3  4 3  1 3 0 -3
     1/3-1/6*d
    A 1 1  4 3  4 0 0 -3
     1/2
    A 1 1  4 3  4 -1 0 -2
     -3/2
    A 1 1  4 3  4 -2 0 -1
     3/2
    A 1 1  4 3  4 -3 0 0
     -1/2
    A 1 1  4 2  4 0 0 -2
     -3/2+3/2*t
    A 1 1  4 2  4 -1 0 -1
     3-3*t
    A 1 1  4 2  4 -2 0 0
     -3/2+3/2*t
    A 1 1  4 1  4 0 0 -1
     3/2+3/2*t^2-3*t
    A 1 1  4 1  4 -1 0 0
     -3/2-3/2*t^2+3*t
    A 1 1  4 0  4 0 0 0
     -1/2-3/2*t^2+1/2*t^3+3/2*t
    A 1 1  3 2  3 0 0 -2
     1
    A 1 1  3 2  3 -1 0 -1
     -2
    A 1 1  3 2  3 -2 0 0
     1
    A 1 1  3 1  3 0 0 -1
     -2+2*t
    A 1 1  3 1  3 -1 0 0
     2-2*t
    A 1 1  3 0  3 0 0 0
     1+t^2-2*t
    A 1 1  2 1  2 0 0 -1
     1/2
    A 1 1  2 1  2 -1 0 0
     -1/2
    A 1 1  2 0  2 0 0 0
     -1/2+1/2*t
;
  A 2 3  5 3  1 4 0 -3
   1
    A 2 3  5 3  2 3 0 -3
     1/3
    A 2 3  5 2  1 4 0 -2
     -1-t
    A 2 3  5 2  2 3 0 -2
     -2/3
    A 2 3  4 2  1 3 0 -2
     -1
    A 1 1  4 2  4 0 0 -2
     -1
    A 1 1  4 2  4 -1 0 -1
     2
    A 1 1  4 2  4 -2 0 0
     -1
    A 1 1  4 1  4 0 0 -1
     2-2*t
    A 1 1  4 1  4 -1 0 0
     -2+2*t
    A 1 1  4 0  4 0 0 0
     -1-t^2+2*t
    A 1 1  3 1  3 0 0 -1
     -4/3
    A 1 1  3 1  3 -1 0 0
     4/3
    A 1 1  3 0  3 0 0 0
     4/3-4/3*t
    A 1 1  2 0  2 0 0 0
     -1/3
;
  A 2 3  5 3  1 4 0 -3
   1
    A 2 3  5 3  1 4 -1 -2
     (-1+t)*s^(-1)
    A 2 3  5 2  1 4 0 -2
     -1-t
    A 2 3  4 2  1 3 0 -2
     -1/3*(-5+5*t+2*s)*s^(-1)
    A 2 3  4 2  1 3 -1 -1
     4/3*s^(-1)
    A 2 3  4 1  1 3 0 -1
     4/3*(-1+t)*s^(-1)
    A 2 3  3 1  1 2 0 -1
     -4/3*s^(-1)
    A 1 1  4 2  4 0 0 -2
     -1
    A 1 1  4 2  4 -1 0 -1
     2
    A 1 1  4 2  4 -2 0 0
     -1
    A 1 1  4 1  4 0 0 -1
     2-2*t
    A 1 1  4 1  4 -1 0 0
     -2+2*t
    A 1 1  4 0  4 0 0 0
     -1-t^2+2*t
    A 1 1  3 1  3 0 0 -1
     2/3*(-1+t-2*s)*s^(-1)
    A 1 1  3 1  3 -1 0 0
     -2/3*(-1+t-2*s)*s^(-1)
    A 1 1  3 0  3 0 0 0
     2/3*(1+t^2-2*t*s-2*t+2*s)*s^(-1)
    A 1 1  2 0  2 0 0 0
     1/3*(-2+2*t-s)*s^(-1)
;
  A 2 3  5 4  3 2 -4 0
   1
    A 2 3  5 4  4 1 -4 0
     3
    A 2 3  5 3  4 1 -3 0
     -3*s
    A 2 3  4 3  3 1 -3 0
     -4
    A 1 1  4 3  4 0 -3 0
     -3
    A 1 1  3 2  3 0 -2 0
     3
;
  A 2 3  5 4  3 2 -3 -1
   1
    A 2 3  5 4  4 1 -3 -1
     3
    A 2 3  5 3  4 1 -2 -1
     -3*s
    A 2 3  4 3  3 1 -2 -1
     -3
    A 2 3  4 3  3 1 -3 0
     -1
    A 2 3  4 2  3 1 -2 0
     1-t
    A 1 1  4 3  4 0 -2 -1
     -3
    A 1 1  3 2  3 0 -1 -1
     2
    A 1 1  3 2  3 0 -2 0
     1
;
  A 2 3  5 4  3 2 -3 -1
   1
    A 2 3  5 4  4 1 -3 -1
     3
    A 2 3  5 3  3 2 -3 0
     -1-t
    A 2 3  5 3  4 1 -3 0
     -6
    A 2 3  4 3  2 2 -3 0
     -1
    A 2 3  4 3  3 1 -2 -1
     -3
    A 2 3  4 3  3 1 -3 0
     -3
    A 2 3  4 2  3 1 -2 0
     6-3*s
    A 2 3  3 2  2 1 -2 0
     3
;
  A 2 3  5 4  3 2 -3 -1
   1
    A 2 3  5 4  3 2 -4 0
     (-1+t)*s^(-1)
    A 2 3  5 3  3 2 -3 0
     -1-t
    A 2 3  4 3  2 2 -3 0
     -1
    A 2 3  4 3  3 1 -2 -1
     -3
    A 2 3  4 3  3 1 -3 0
     -(-1+t-3*s)*s^(-1)
    A 2 3  4 2  3 1 -2 0
     6-3*s
    A 2 3  3 2  2 1 -2 0
     3
    A 1 1  3 2  3 0 -2 0
     -3
;
  A 2 3  5 4  3 2 -2 -2
   1
    A 2 3  5 4  4 1 -2 -2
     3
    A 2 3  5 3  4 1 -1 -2
     -3*s
    A 2 3  4 3  3 1 -1 -2
     -2
    A 2 3  4 3  3 1 -2 -1
     -2
    A 2 3  4 2  3 1 -1 -1
     2-2*t
    A 1 1  4 3  4 0 -1 -2
     -3
    A 1 1  3 2  3 0 0 -2
     1
    A 1 1  3 2  3 0 -1 -1
     2
;
  A 2 3  5 4  3 2 -2 -2
   1
    A 2 3  5 4  4 1 -2 -2
     3
    A 2 3  5 3  3 2 -2 -1
     -1-t
    A 2 3  5 3  4 1 -2 -1
     -6
    A 2 3  4 3  2 2 -2 -1
     -1
    A 2 3  4 3  3 1 -1 -2
     -2
    A 2 3  4 3  3 1 -2 -1
     -4
    A 2 3  4 2  3 1 -1 -1
     4-2*s
    A 2 3  3 2  2 1 -1 -1
     2
    A 2 3  3 2  2 1 -2 0
     1
;
  A 2 3  5 4  3 2 -2 -2
   1
    A 2 3  5 4  3 2 -3 -1
     (-1+t)*s^(-1)
    A 2 3  5 3  3 2 -2 -1
     -1-t
    A 2 3  4 3  2 2 -2 -1
     -1
    A 2 3  4 3  3 1 -1 -2
     -2
    A 2 3  4 3  3 1 -2 -1
     -(-2+2*t-s)*s^(-1)
    A 2 3  4 3  3 1 -3 0
     2*s^(-1)
    A 2 3  4 2  3 1 -1 -1
     4-2*s
    A 2 3  4 2  3 1 -2 0
     2*(-1+t)*s^(-1)
    A 2 3  3 2  2 1 -1 -1
     2
    A 2 3  3 2  2 1 -2 0
     (-1+t+s)*s^(-1)
    A 1 1  3 2  3 0 -1 -1
     -2
    A 1 1  3 2  3 0 -2 0
     -2*s^(-1)
;
  A 2 3  5 4  3 2 -1 -3
   1
    A 2 3  5 4  4 1 -1 -3
     3
    A 2 3  5 3  4 1 0 -3
     -3*s
    A 2 3  4 3  3 1 0 -3
     -1
    A 2 3  4 3  3 1 -1 -2
     -3
    A 2 3  4 2  3 1 0 -2
     3-3*t
    A 1 1  4 3  4 0 0 -3
     -3
    A 1 1  3 2  3 0 0 -2
     3
;
  A 2 3  5 4  3 2 -1 -3
   1
    A 2 3  5 4  4 1 -1 -3
     3
    A 2 3  5 3  3 2 -1 -2
     -1-t
    A 2 3  5 3  4 1 -1 -2
     -6
    A 2 3  4 3  2 2 -1 -2
     -1
    A 2 3  4 3  3 1 0 -3
     -1
    A 2 3  4 3  3 1 -1 -2
     -5
    A 2 3  4 2  3 1 0 -2
     2-s
    A 2 3  3 2  2 1 0 -2
     1
    A 2 3  3 2  2 1 -1 -1
     2
;
  A 2 3  5 4  3 2 -1 -3
   1
    A 2 3  5 4  3 2 -2 -2
     (-1+t)*s^(-1)
    A 2 3  5 3  3 2 -1 -2
     -1-t
    A 2 3  4 3  2 2 -1 -2
     -1
    A 2 3  4 3  3 1 0 -3
     -1
    A 2 3  4 3  3 1 -1 -2
     -(-3+3*t+s)*s^(-1)
    A 2 3  4 3  3 1 -2 -1
     4*s^(-1)
    A 2 3  4 2  3 1 0 -2
     2-s
    A 2 3  4 2  3 1 -1 -1
     4*(-1+t)*s^(-1)
    A 2 3  3 2  2 1 0 -2
     1
    A 2 3  3 2  2 1 -1 -1
     2*(-1+t+s)*s^(-1)
    A 1 1  3 2  3 0 0 -2
     -1
    A 1 1  3 2  3 0 -1 -1
     -4*s^(-1)
;
  A 2 3  5 4  3 2 0 -4
   1
    A 2 3  5 4  4 1 0 -4
     3
    A 2 3  5 3  3 2 0 -3
     -1-t
    A 2 3  5 3  4 1 0 -3
     -6
    A 2 3  4 3  2 2 0 -3
     -1
    A 2 3  4 3  3 1 0 -3
     -6
    A 2 3  3 2  2 1 0 -2
     3
;
  A 2 3  5 4  3 2 0 -4
   1
    A 2 3  5 4  3 2 -1 -3
     (-1+t)*s^(-1)
    A 2 3  5 3  3 2 0 -3
     -1-t
    A 2 3  4 3  2 2 0 -3
     -1
    A 2 3  4 3  3 1 0 -3
     -(-4+4*t+3*s)*s^(-1)
    A 2 3  4 3  3 1 -1 -2
     6*s^(-1)
    A 2 3  4 2  3 1 0 -2
     6*(-1+t)*s^(-1)
    A 2 3  3 2  2 1 0 -2
     3*(-1+t+s)*s^(-1)
    A 1 1  3 2  3 0 0 -2
     -6*s^(-1)
;
  A 2 3  5 4  2 3 -4 0
   1
    A 2 3  5 4  3 2 -4 0
     1
    A 2 3  5 3  3 2 -3 0
     -s
    A 2 3  4 3  2 2 -3 0
     -5/2
    A 2 3  4 3  3 1 -3 0
     -1
    A 2 3  3 2  2 1 -2 0
     3/2
;
  A 2 3  5 4  2 3 -3 -1
   1
    A 2 3  5 4  3 2 -3 -1
     1
    A 2 3  5 3  3 2 -2 -1
     -s
    A 2 3  4 3  2 2 -2 -1
     -2
    A 2 3  4 3  2 2 -3 0
     -1/2
    A 2 3  4 3  3 1 -2 -1
     -1
    A 2 3  4 2  2 2 -2 0
     1/2-1/2*t
    A 2 3  3 2  2 1 -1 -1
     1
    A 2 3  3 2  2 1 -2 0
     1/2
;
  A 2 3  5 4  2 3 -3 -1
   1
    A 2 3  5 4  3 2 -3 -1
     1
    A 2 3  5 3  2 3 -3 0
     -1-t
    A 2 3  5 3  3 2 -3 0
     -2
    A 2 3  4 3  1 3 -3 0
     -1
    A 2 3  4 3  2 2 -2 -1
     -3/2
    A 2 3  4 3  2 2 -3 0
     -1
    A 2 3  4 2  2 2 -2 0
     3-3/2*s
    A 2 3  3 2  1 2 -2 0
     3/2
;
  A 2 3  5 4  2 3 -3 -1
   1
    A 2 3  5 4  2 3 -4 0
     (-1+t)*s^(-1)
    A 2 3  5 3  2 3 -3 0
     -1-t
    A 2 3  4 3  1 3 -3 0
     -1
    A 2 3  4 3  2 2 -2 -1
     -3/2
    A 2 3  4 3  2 2 -3 0
     -1/2*(-2+2*t-3*s)*s^(-1)
    A 2 3  4 2  2 2 -2 0
     3-3/2*s
    A 2 3  3 2  1 2 -2 0
     3/2
    A 2 3  3 2  2 1 -2 0
     -3/2
;
  A 2 3  5 4  2 3 -2 -2
   1
    A 2 3  5 4  3 2 -2 -2
     1
    A 2 3  5 3  3 2 -1 -2
     -s
    A 2 3  4 3  2 2 -1 -2
     -3/2
    A 2 3  4 3  2 2 -2 -1
     -1
    A 2 3  4 3  3 1 -1 -2
     -1
    A 2 3  4 2  2 2 -1 -1
     1-t
    A 2 3  3 2  2 1 0 -2
     1/2
    A 2 3  3 2  2 1 -1 -1
     1
;
  A 2 3  5 4  2 3 -2 -2
   1
    A 2 3  5 4  3 2 -2 -2
     1
    A 2 3  5 3  2 3 -2 -1
     -1-t
    A 2 3  5 3  3 2 -2 -1
     -2
    A 2 3  4 3  1 3 -2 -1
     -1
    A 2 3  4 3  2 2 -1 -2
     -1
    A 2 3  4 3  2 2 -2 -1
     -3/2
    A 2 3  4 2  2 2 -1 -1
     2-s
    A 2 3  3 2  1 2 -1 -1
     1
    A 2 3  3 2  1 2 -2 0
     1/2
;
  A 2 3  5 4  2 3 -2 -2
   1
    A 2 3  5 4  2 3 -3 -1
     (-1+t)*s^(-1)
    A 2 3  5 3  2 3 -2 -1
     -1-t
    A 2 3  4 3  1 3 -2 -1
     -1
    A 2 3  4 3  2 2 -1 -2
     -1
    A 2 3  4 3  2 2 -2 -1
     -1/2*(-3+3*t-s)*s^(-1)
    A 2 3  4 3  2 2 -3 0
     s^(-1)
    A 2 3  4 2  2 2 -1 -1
     2-s
    A 2 3  4 2  2 2 -2 0
     (-1+t)*s^(-1)
    A 2 3  3 2  1 2 -1 -1
     1
    A 2 3  3 2  1 2 -2 0
     1/2*(-1+t+s)*s^(-1)
    A 2 3  3 2  2 1 -1 -1
     -1
    A 2 3  3 2  2 1 -2 0
     -s^(-1)
;
  A 2 3  5 4  2 3 -1 -3
   1
    A 2 3  5 4  3 2 -1 -3
     1
    A 2 3  5 3  3 2 0 -3
     -s
    A 2 3  4 3  2 2 0 -3
     -1
    A 2 3  4 3  2 2 -1 -2
     -3/2
    A 2 3  4 3  3 1 0 -3
     -1
    A 2 3  4 2  2 2 0 -2
     3/2-3/2*t
    A 2 3  3 2  2 1 0 -2
     3/2
;
  A 2 3  5 4  2 3 -1 -3
   1
    A 2 3  5 4  3 2 -1 -3
     1
    A 2 3  5 3  2 3 -1 -2
     -1-t
    A 2 3  5 3  3 2 -1 -2
     -2
    A 2 3  4 3  1 3 -1 -2
     -1
    A 2 3  4 3  2 2 0 -3
     -1/2
    A 2 3  4 3  2 2 -1 -2
     -2
    A 2 3  4 2  2 2 0 -2
     1-1/2*s
    A 2 3  3 2  1 2 0 -2
     1/2
    A 2 3  3 2  1 2 -1 -1
     1
;
  A 2 3  5 4  2 3 -1 -3
   1
    A 2 3  5 4  2 3 -2 -2
     (-1+t)*s^(-1)
    A 2 3  5 3  2 3 -1 -2
     -1-t
    A 2 3  4 3  1 3 -1 -2
     -1
    A 2 3  4 3  2 2 0 -3
     -1/2
    A 2 3  4 3  2 2 -1 -2
     -1/2*(-4+4*t+s)*s^(-1)
    A 2 3  4 3  2 2 -2 -1
     2*s^(-1)
    A 2 3  4 2  2 2 0 -2
     1-1/2*s
    A 2 3  4 2  2 2 -1 -1
     2*(-1+t)*s^(-1)
    A 2 3  3 2  1 2 0 -2
     1/2
    A 2 3  3 2  1 2 -1 -1
     (-1+t+s)*s^(-1)
    A 2 3  3 2  2 1 0 -2
     -1/2
    A 2 3  3 2  2 1 -1 -1
     -2*s^(-1)
;
  A 2 3  5 4  2 3 0 -4
   1
    A 2 3  5 4  3 2 0 -4
     1
    A 2 3  5 3  2 3 0 -3
     -1-t
    A 2 3  5 3  3 2 0 -3
     -2
    A 2 3  4 3  1 3 0 -3
     -1
    A 2 3  4 3  2 2 0 -3
     -5/2
    A 2 3  3 2  1 2 0 -2
     3/2
;
  A 2 3  5 4  2 3 0 -4
   1
    A 2 3  5 4  2 3 -1 -3
     (-1+t)*s^(-1)
    A 2 3  5 3  2 3 0 -3
     -1-t
    A 2 3  4 3  1 3 0 -3
     -1
    A 2 3  4 3  2 2 0 -3
     -1/2*(-5+5*t+3*s)*s^(-1)
    A 2 3  4 3  2 2 -1 -2
     3*s^(-1)
    A 2 3  4 2  2 2 0 -2
     3*(-1+t)*s^(-1)
    A 2 3  3 2  1 2 0 -2
     3/2*(-1+t+s)*s^(-1)
    A 2 3  3 2  2 1 0 -2
     -3*s^(-1)
;
  A 2 3  5 4  1 4 -4 0
   1
    A 2 3  5 4  2 3 -4 0
     1/3
    A 2 3  5 3  2 3 -3 0
     -1/3*s
    A 2 3  4 3  1 3 -3 0
     -2
    A 2 3  4 3  2 2 -3 0
     -1/3
    A 2 3  3 2  1 2 -2 0
     1
;
  A 2 3  5 4  1 4 -3 -1
   1
    A 2 3  5 4  2 3 -3 -1
     1/3
    A 2 3  5 3  2 3 -2 -1
     -1/3*s
    A 2 3  4 3  1 3 -2 -1
     -5/3
    A 2 3  4 3  1 3 -3 0
     -1/3
    A 2 3  4 3  2 2 -2 -1
     -1/3
    A 2 3  4 2  1 3 -2 0
     1/3-1/3*t
    A 2 3  3 2  1 2 -1 -1
     2/3
    A 2 3  3 2  1 2 -2 0
     1/3
;
  A 2 3  5 4  1 4 -3 -1
   1
    A 2 3  5 4  2 3 -3 -1
     1/3
    A 2 3  5 3  1 4 -3 0
     -1-t
    A 2 3  5 3  2 3 -3 0
     -2/3
    A 2 3  4 3  1 3 -2 -1
     -1
    A 2 3  4 3  1 3 -3 0
     -1/3
    A 2 3  4 2  1 3 -2 0
     2-s
    A 1 1  4 3  4 0 -3 0
     -1
    A 1 1  4 3  4 -1 -2 0
     3
    A 1 1  4 3  4 -2 -1 0
     -3
    A 1 1  4 3  4 -3 0 0
     1
    A 1 1  4 2  4 0 -2 0
     3*s
    A 1 1  4 2  4 -1 -1 0
     -6*s
    A 1 1  4 2  4 -2 0 0
     3*s
    A 1 1  4 1  4 0 -1 0
     -3*s^2
    A 1 1  4 1  4 -1 0 0
     3*s^2
    A 1 1  4 0  4 0 0 0
     s^3
    A 1 1  3 2  3 0 -2 0
     -2
    A 1 1  3 2  3 -1 -1 0
     4
    A 1 1  3 2  3 -2 0 0
     -2
    A 1 1  3 1  3 0 -1 0
     4*s
    A 1 1  3 1  3 -1 0 0
     -4*s
    A 1 1  3 0  3 0 0 0
     -2*s^2
    A 1 1  2 1  2 0 -1 0
     -1
    A 1 1  2 1  2 -1 0 0
     1
    A 1 1  2 0  2 0 0 0
     s
;
  A 2 3  5 4  1 4 -3 -1
   1
    A 2 3  5 4  1 4 -4 0
     (-1+t)*s^(-1)
    A 2 3  5 3  1 4 -3 0
     -1-t
    A 2 3  4 3  1 3 -2 -1
     -1
    A 2 3  4 3  1 3 -3 0
     -(-1+t-s)*s^(-1)
    A 2 3  4 2  1 3 -2 0
     2-s
    A 2 3  3 2  1 2 -2 0
     -1
    A 1 1  4 3  4 0 -3 0
     -1
    A 1 1  4 3  4 -1 -2 0
     3
    A 1 1  4 3  4 -2 -1 0
     -3
    A 1 1  4 3  4 -3 0 0
     1
    A 1 1  4 2  4 0 -2 0
     3*s
    A 1 1  4 2  4 -1 -1 0
     -6*s
    A 1 1  4 2  4 -2 0 0
     3*s
    A 1 1  4 1  4 0 -1 0
     -3*s^2
    A 1 1  4 1  4 -1 0 0
     3*s^2
    A 1 1  4 0  4 0 0 0
     s^3
    A 1 1  3 2  3 0 -2 0
     -2
    A 1 1  3 2  3 -1 -1 0
     4
    A 1 1  3 2  3 -2 0 0
     -2
    A 1 1  3 1  3 0 -1 0
     4*s
    A 1 1  3 1  3 -1 0 0
     -4*s
    A 1 1  3 0  3 0 0 0
     -2*s^2
    A 1 1  2 1  2 0 -1 0
     -1
    A 1 1  2 1  2 -1 0 0
     1
    A 1 1  2 0  2 0 0 0
     s
;
  A 2 3  5 4  1 4 -2 -2
   1
    A 2 3  5 4  2 3 -2 -2
     1/3
    A 2 3  5 3  2 3 -1 -2
     -1/3*s
    A 2 3  4 3  1 3 -1 -2
     -4/3
    A 2 3  4 3  1 3 -2 -1
     -2/3
    A 2 3  4 3  2 2 -1 -2
     -1/3
    A 2 3  4 2  1 3 -1 -1
     2/3-2/3*t
    A 2 3  3 2  1 2 0 -2
     1/3
    A 2 3  3 2  1 2 -1 -1
     2/3
;
  A 2 3  5 4  1 4 -2 -2
   1
    A 2 3  5 4  2 3 -2 -2
     1/3
    A 2 3  5 3  1 4 -2 -1
     -1-t
    A 2 3  5 3  2 3 -2 -1
     -2/3
    A 2 3  4 3  1 3 -1 -2
     -2/3
    A 2 3  4 3  1 3 -2 -1
     -2/3
    A 2 3  4 2  1 3 -1 -1
     4/3-2/3*s
    A 1 1  4 3  4 0 -2 -1
     -1
    A 1 1  4 3  4 -1 -1 -1
     2
    A 1 1  4 3  4 -1 -2 0
     1
    A 1 1  4 3  4 -2 0 -1
     -1
    A 1 1  4 3  4 -2 -1 0
     -2
    A 1 1  4 3  4 -3 0 0
     1
    A 1 1  4 2  4 0 -1 -1
     2*s
    A 1 1  4 2  4 0 -2 0
     1-t
    A 1 1  4 2  4 -1 0 -1
     -2*s
    A 1 1  4 2  4 -1 -1 0
     -2+2*t-2*s
    A 1 1  4 2  4 -2 0 0
     1-t+2*s
    A 1 1  4 1  4 0 0 -1
     -s^2
    A 1 1  4 1  4 0 -1 0
     2*t*s-2*s
    A 1 1  4 1  4 -1 0 0
     -2*t*s+s^2+2*s
    A 1 1  4 0  4 0 0 0
     -t*s^2+s^2
    A 1 1  3 2  3 0 -1 -1
     -4/3
    A 1 1  3 2  3 0 -2 0
     -2/3
    A 1 1  3 2  3 -1 0 -1
     4/3
    A 1 1  3 2  3 -1 -1 0
     8/3
    A 1 1  3 2  3 -2 0 0
     -2
    A 1 1  3 1  3 0 0 -1
     4/3*s
    A 1 1  3 1  3 0 -1 0
     4/3-4/3*t+4/3*s
    A 1 1  3 1  3 -1 0 0
     -4/3+4/3*t-8/3*s
    A 1 1  3 0  3 0 0 0
     4/3*t*s-2/3*s^2-4/3*s
    A 1 1  2 1  2 0 0 -1
     -1/3
    A 1 1  2 1  2 0 -1 0
     -2/3
    A 1 1  2 1  2 -1 0 0
     1
    A 1 1  2 0  2 0 0 0
     1/3-1/3*t+2/3*s
;
  A 2 3  5 4  1 4 -2 -2
   1
    A 2 3  5 4  1 4 -3 -1
     (-1+t)*s^(-1)
    A 2 3  5 3  1 4 -2 -1
     -1-t
    A 2 3  4 3  1 3 -1 -2
     -2/3
    A 2 3  4 3  1 3 -2 -1
     -1/3*(-4+4*t-s)*s^(-1)
    A 2 3  4 3  1 3 -3 0
     2/3*s^(-1)
    A 2 3  4 2  1 3 -1 -1
     4/3-2/3*s
    A 2 3  4 2  1 3 -2 0
     2/3*(-1+t)*s^(-1)
    A 2 3  3 2  1 2 -1 -1
     -2/3
    A 2 3  3 2  1 2 -2 0
     -2/3*s^(-1)
    A 1 1  4 3  4 0 -2 -1
     -1
    A 1 1  4 3  4 -1 -1 -1
     2
    A 1 1  4 3  4 -1 -2 0
     1
    A 1 1  4 3  4 -2 0 -1
     -1
    A 1 1  4 3  4 -2 -1 0
     -2
    A 1 1  4 3  4 -3 0 0
     1
    A 1 1  4 2  4 0 -1 -1
     2*s
    A 1 1  4 2  4 0 -2 0
     1-t
    A 1 1  4 2  4 -1 0 -1
     -2*s
    A 1 1  4 2  4 -1 -1 0
     -2+2*t-2*s
    A 1 1  4 2  4 -2 0 0
     1-t+2*s
    A 1 1  4 1  4 0 0 -1
     -s^2
    A 1 1  4 1  4 0 -1 0
     2*t*s-2*s
    A 1 1  4 1  4 -1 0 0
     -2*t*s+s^2+2*s
    A 1 1  4 0  4 0 0 0
     -t*s^2+s^2
    A 1 1  3 2  3 0 -1 -1
     -4/3
    A 1 1  3 2  3 0 -2 0
     1/3*(-1+t-2*s)*s^(-1)
    A 1 1  3 2  3 -1 0 -1
     4/3
    A 1 1  3 2  3 -1 -1 0
     -2/3*(-1+t-4*s)*s^(-1)
    A 1 1  3 2  3 -2 0 0
     1/3*(-1+t-6*s)*s^(-1)
    A 1 1  3 1  3 0 0 -1
     4/3*s
    A 1 1  3 1  3 0 -1 0
     2-2*t+4/3*s
    A 1 1  3 1  3 -1 0 0
     -2+2*t-8/3*s
    A 1 1  3 0  3 0 0 0
     5/3*t*s-2/3*s^2-5/3*s
    A 1 1  2 1  2 0 0 -1
     -1/3
    A 1 1  2 1  2 0 -1 0
     2/3*(-1+t-s)*s^(-1)
    A 1 1  2 1  2 -1 0 0
     -1/3*(-2+2*t-3*s)*s^(-1)
    A 1 1  2 0  2 0 0 0
     1-t+2/3*s
    A 1 1  1 0  1 0 0 0
     1/3*(-1+t)*s^(-1)
;
  A 2 3  5 4  1 4 -1 -3
   1
    A 2 3  5 4  2 3 -1 -3
     1/3
    A 2 3  5 3  2 3 0 -3
     -1/3*s
    A 2 3  4 3  1 3 0 -3
     -1
    A 2 3  4 3  1 3 -1 -2
     -1
    A 2 3  4 3  2 2 0 -3
     -1/3
    A 2 3  4 2  1 3 0 -2
     1-t
    A 2 3  3 2  1 2 0 -2
     1
;
  A 2 3  5 4  1 4 -1 -3
   1
    A 2 3  5 4  2 3 -1 -3
     1/3
    A 2 3  5 3  1 4 -1 -2
     -1-t
    A 2 3  5 3  2 3 -1 -2
     -2/3
    A 2 3  4 3  1 3 0 -3
     -1/3
    A 2 3  4 3  1 3 -1 -2
     -1
    A 2 3  4 2  1 3 0 -2
     2/3-1/3*s
    A 1 1  4 3  4 0 -1 -2
     -1
    A 1 1  4 3  4 -1 0 -2
     1
    A 1 1  4 3  4 -1 -1 -1
     2
    A 1 1  4 3  4 -2 0 -1
     -2
    A 1 1  4 3  4 -2 -1 0
     -1
    A 1 1  4 3  4 -3 0 0
     1
    A 1 1  4 2  4 0 0 -2
     s
    A 1 1  4 2  4 0 -1 -1
     2-2*t
    A 1 1  4 2  4 -1 0 -1
     -2+2*t-2*s
    A 1 1  4 2  4 -1 -1 0
     -2+2*t
    A 1 1  4 2  4 -2 0 0
     2-2*t+s
    A 1 1  4 1  4 0 0 -1
     2*t*s-2*s
    A 1 1  4 1  4 0 -1 0
     -1-t^2+2*t
    A 1 1  4 1  4 -1 0 0
     1+t^2-2*t*s-2*t+2*s
    A 1 1  4 0  4 0 0 0
     -2*t*s+t^2*s+s
    A 1 1  3 2  3 0 0 -2
     -2/3
    A 1 1  3 2  3 0 -1 -1
     -4/3
    A 1 1  3 2  3 -1 0 -1
     8/3
    A 1 1  3 2  3 -1 -1 0
     4/3
    A 1 1  3 2  3 -2 0 0
     -2
    A 1 1  3 1  3 0 0 -1
     4/3-4/3*t+4/3*s
    A 1 1  3 1  3 0 -1 0
     4/3-4/3*t
    A 1 1  3 1  3 -1 0 0
     -8/3+8/3*t-4/3*s
    A 1 1  3 0  3 0 0 0
     -2/3-2/3*t^2+4/3*t*s+4/3*t-4/3*s
    A 1 1  2 1  2 0 0 -1
     -2/3
    A 1 1  2 1  2 0 -1 0
     -1/3
    A 1 1  2 1  2 -1 0 0
     1
    A 1 1  2 0  2 0 0 0
     2/3-2/3*t+1/3*s
;
  A 2 3  5 4  1 4 -1 -3
   1
    A 2 3  5 4  1 4 -2 -2
     (-1+t)*s^(-1)
    A 2 3  5 3  1 4 -1 -2
     -1-t
    A 2 3  4 3  1 3 0 -3
     -1/3
    A 2 3  4 3  1 3 -1 -2
     -1/3*(-5+5*t+s)*s^(-1)
    A 2 3  4 3  1 3 -2 -1
     4/3*s^(-1)
    A 2 3  4 2  1 3 0 -2
     2/3-1/3*s
    A 2 3  4 2  1 3 -1 -1
     4/3*(-1+t)*s^(-1)
    A 2 3  3 2  1 2 0 -2
     -1/3
    A 2 3  3 2  1 2 -1 -1
     -4/3*s^(-1)
    A 1 1  4 3  4 0 -1 -2
     -1
    A 1 1  4 3  4 -1 0 -2
     1
    A 1 1  4 3  4 -1 -1 -1
     2
    A 1 1  4 3  4 -2 0 -1
     -2
    A 1 1  4 3  4 -2 -1 0
     -1
    A 1 1  4 3  4 -3 0 0
     1
    A 1 1  4 2  4 0 0 -2
     s
    A 1 1  4 2  4 0 -1 -1
     2-2*t
    A 1 1  4 2  4 -1 0 -1
     -2+2*t-2*s
    A 1 1  4 2  4 -1 -1 0
     -2+2*t
    A 1 1  4 2  4 -2 0 0
     2-2*t+s
    A 1 1  4 1  4 0 0 -1
     2*t*s-2*s
    A 1 1  4 1  4 0 -1 0
     -1-t^2+2*t
    A 1 1  4 1  4 -1 0 0
     1+t^2-2*t*s-2*t+2*s
    A 1 1  4 0  4 0 0 0
     -2*t*s+t^2*s+s
    A 1 1  3 2  3 0 0 -2
     -2/3
    A 1 1  3 2  3 0 -1 -1
     2/3*(-1+t-2*s)*s^(-1)
    A 1 1  3 2  3 -1 0 -1
     -2/3*(-1+t-4*s)*s^(-1)
    A 1 1  3 2  3 -1 -1 0
     -2/3*(-1+t-2*s)*s^(-1)
    A 1 1  3 2  3 -2 0 0
     2/3*(-1+t-3*s)*s^(-1)
    A 1 1  3 1  3 0 0 -1
     2-2*t+4/3*s
    A 1 1  3 1  3 0 -1 0
     2/3*(1+t^2-2*t*s-2*t+2*s)*s^(-1)
    A 1 1  3 1  3 -1 0 0
     -2/3*(1+t^2-5*t*s+2*s^2-2*t+5*s)*s^(-1)
    A 1 1  3 0  3 0 0 0
     -4/3-4/3*t^2+4/3*t*s+8/3*t-4/3*s
    A 1 1  2 1  2 0 0 -1
     2/3*(-1+t-s)*s^(-1)
    A 1 1  2 1  2 0 -1 0
     1/3*(-2+2*t-s)*s^(-1)
    A 1 1  2 1  2 -1 0 0
     -1/3*(-4+4*t-3*s)*s^(-1)
    A 1 1  2 0  2 0 0 0
     1/3*(2+2*t^2-4*t*s+s^2-4*t+4*s)*s^(-1)
    A 1 1  1 0  1 0 0 0
     2/3*(-1+t)*s^(-1)
;
  A 2 3  5 4  1 4 0 -4
   1
    A 2 3  5 4  2 3 0 -4
     1/3
    A 2 3  5 3  1 4 0 -3
     -1-t
    A 2 3  5 3  2 3 0 -3
     -2/3
    A 2 3  4 3  1 3 0 -3
     -4/3
    A 1 1  4 3  4 0 0 -3
     -1
    A 1 1  4 3  4 -1 0 -2
     3
    A 1 1  4 3  4 -2 0 -1
     -3
    A 1 1  4 3  4 -3 0 0
     1
    A 1 1  4 2  4 0 0 -2
     3-3*t
    A 1 1  4 2  4 -1 0 -1
     -6+6*t
    A 1 1  4 2  4 -2 0 0
     3-3*t
    A 1 1  4 1  4 0 0 -1
     -3-3*t^2+6*t
    A 1 1  4 1  4 -1 0 0
     3+3*t^2-6*t
    A 1 1  4 0  4 0 0 0
     1+3*t^2-t^3-3*t
    A 1 1  3 2  3 0 0 -2
     -2
    A 1 1  3 2  3 -1 0 -1
     4
    A 1 1  3 2  3 -2 0 0
     -2
    A 1 1  3 1  3 0 0 -1
     4-4*t
    A 1 1  3 1  3 -1 0 0
     -4+4*t
    A 1 1  3 0  3 0 0 0
     -2-2*t^2+4*t
    A 1 1  2 1  2 0 0 -1
     -1
    A 1 1  2 1  2 -1 0 0
     1
    A 1 1  2 0  2 0 0 0
     1-t
;
  A 2 3  5 4  1 4 0 -4
   1
    A 2 3  5 4  1 4 -1 -3
     (-1+t)*s^(-1)
    A 2 3  5 3  1 4 0 -3
     -1-t
    A 2 3  4 3  1 3 0 -3
     -(-2+2*t+s)*s^(-1)
    A 2 3  4 3  1 3 -1 -2
     2*s^(-1)
    A 2 3  4 2  1 3 0 -2
     2*(-1+t)*s^(-1)
    A 2 3  3 2  1 2 0 -2
     -2*s^(-1)
    A 1 1  4 3  4 0 0 -3
     -1
    A 1 1  4 3  4 -1 0 -2
     3
    A 1 1  4 3  4 -2 0 -1
     -3
    A 1 1  4 3  4 -3 0 0
     1
    A 1 1  4 2  4 0 0 -2
     3-3*t
    A 1 1  4 2  4 -1 0 -1
     -6+6*t
    A 1 1  4 2  4 -2 0 0
     3-3*t
    A 1 1  4 1  4 0 0 -1
     -3-3*t^2+6*t
    A 1 1  4 1  4 -1 0 0
     3+3*t^2-6*t
    A 1 1  4 0  4 0 0 0
     1+3*t^2-t^3-3*t
    A 1 1  3 2  3 0 0 -2
     (-1+t-2*s)*s^(-1)
    A 1 1  3 2  3 -1 0 -1
     -2*(-1+t-2*s)*s^(-1)
    A 1 1  3 2  3 -2 0 0
     (-1+t-2*s)*s^(-1)
    A 1 1  3 1  3 0 0 -1
     2*(1+t^2-2*t*s-2*t+2*s)*s^(-1)
    A 1 1  3 1  3 -1 0 0
     -2*(1+t^2-2*t*s-2*t+2*s)*s^(-1)
    A 1 1  3 0  3 0 0 0
     -(1+3*t^2-4*t*s-t^3-3*t+2*t^2*s+2*s)*s^(-1)
    A 1 1  2 1  2 0 0 -1
     (-2+2*t-s)*s^(-1)
    A 1 1  2 1  2 -1 0 0
     -(-2+2*t-s)*s^(-1)
    A 1 1  2 0  2 0 0 0
     (2+2*t^2-t*s-4*t+s)*s^(-1)
    A 1 1  1 0  1 0 0 0
     (-1+t)*s^(-1)
;
