  A 1 1  1 1  1 -1 0 0
   1
;
  A 1 1  1 1  1 0 -1 0
   1
    A 1 1  1 0  1 0 0 0
     -s
;
  A 1 1  1 1  1 0 0 -1
   1
    A 1 1  1 0  1 0 0 0
     -2
;
  A 1 1  1 2  1 -2 0 0
   1
;
  A 1 1  1 2  1 -1 -1 0
   1
    A 1 1  1 0  1 0 0 0
     -2*d^(-1)*s
;
  A 1 1  1 2  1 -1 0 -1
   1
    A 1 1  1 0  1 0 0 0
     2*d^(-1)*(-1+t)
;
  A 1 1  1 2  1 0 -2 0
   1
    A 1 1  1 0  1 0 0 0
     -d^(-1)*(d*s^2+4*s)
;
  A 1 1  1 2  1 0 -1 -1
   1
    A 1 1  1 0  1 0 0 0
     -2*d^(-1)*(d*s+s)
;
  A 1 1  1 2  1 0 0 -2
   1
    A 1 1  1 0  1 0 0 0
     -4*d^(-1)*(1+d)
;
  A 1 1  1 3  1 -3 0 0
   1
;
  A 1 1  1 3  1 -2 -1 0
   1
;
  A 1 1  1 3  1 -2 0 -1
   1
;
  A 1 1  1 3  1 -1 -2 0
   1
    A 1 1  1 0  1 0 0 0
     -4*d^(-1)*s^2
;
  A 1 1  1 3  1 -1 -1 -1
   1
    A 1 1  1 0  1 0 0 0
     2*d^(-1)*(-3+t)*s
;
  A 1 1  1 3  1 -1 0 -2
   1
    A 1 1  1 0  1 0 0 0
     8*d^(-1)*(-1+t)
;
  A 1 1  1 3  1 0 -3 0
   1
    A 1 1  1 0  1 0 0 0
     -d^(-1)*(d*s^3+12*s^2)
;
  A 1 1  1 3  1 0 -2 -1
   1
    A 1 1  1 0  1 0 0 0
     -2*d^(-1)*(d*s^2+2*s^2+4*s)
;
  A 1 1  1 3  1 0 -1 -2
   1
    A 1 1  1 0  1 0 0 0
     -4*d^(-1)*(d*s+3*s)
;
  A 1 1  1 3  1 0 0 -3
   1
    A 1 1  1 0  1 0 0 0
     -8*d^(-1)*(3+d)
;
  A 1 1  2 0  2 0 0 0
   1
    A 1 1  1 0  1 0 0 0
     1-1/2*d
;
  A 1 1  2 1  2 -1 0 0
   1
    A 1 1  1 0  1 0 0 0
     -1
;
  A 1 1  2 1  2 0 -1 0
   1
    A 1 1  1 0  1 0 0 0
     -1-1/2*d*s+s
;
  A 1 1  2 1  2 0 0 -1
   1
    A 1 1  1 0  1 0 0 0
     1-d
;
  A 1 1  2 2  2 -2 0 0
   1
;
  A 1 1  2 2  2 -1 -1 0
   1
    A 1 1  1 0  1 0 0 0
     -2*s
;
  A 1 1  2 2  2 -1 0 -1
   1
    A 1 1  1 0  1 0 0 0
     -3+t
;
  A 1 1  2 2  2 0 -2 0
   1
    A 1 1  1 0  1 0 0 0
     -1/2*d*s^2+s^2-4*s
;
  A 1 1  2 2  2 0 -1 -1
   1
    A 1 1  1 0  1 0 0 0
     -2-d*s
;
  A 1 1  2 2  2 0 0 -2
   1
    A 1 1  1 0  1 0 0 0
     -2-2*d
;
  A 1 1  2 3  2 -3 0 0
   1
;
  A 1 1  2 3  2 -2 -1 0
   1
    A 1 1  1 0  1 0 0 0
     -4*d^(-1)*s
;
  A 1 1  2 3  2 -2 0 -1
   1
    A 1 1  1 0  1 0 0 0
     4*d^(-1)*(-1+t)
;
  A 1 1  2 3  2 -1 -2 0
   1
    A 1 1  1 0  1 0 0 0
     -d^(-1)*(3*d*s^2+8*s)
;
  A 1 1  2 3  2 -1 -1 -1
   1
    A 1 1  1 0  1 0 0 0
     -d^(-1)*(2+5*d*s-2*t-d*t*s+4*s)
;
  A 1 1  2 3  2 -1 0 -2
   1
    A 1 1  1 0  1 0 0 0
     -4*d^(-1)*(2+2*d-t-d*t)
;
  A 1 1  2 3  2 0 -3 0
   1
    A 1 1  1 0  1 0 0 0
     -1/2*d^(-1)*(18*d*s^2-2*d*s^3+d^2*s^3+24*s)
;
  A 1 1  2 3  2 0 -2 -1
   1
    A 1 1  1 0  1 0 0 0
     -d^(-1)*(d*s^2+8*d*s+d^2*s^2+8*s)
;
  A 1 1  2 3  2 0 -1 -2
   1
    A 1 1  1 0  1 0 0 0
     -2*(2+2*d+3*d*s+d^2*s+2*s)*d^(-1)
;
  A 1 1  2 3  2 0 0 -3
   1
    A 1 1  1 0  1 0 0 0
     -4*d^(-1)*(3+d)*(1+d)
;
  A 1 1  2 4  2 -4 0 0
   1
    A 1 1  1 3  1 -3 0 0
     -4
;
  A 1 1  2 4  2 -3 -1 0
   1
    A 1 1  1 3  1 -2 -1 0
     -3
    A 1 1  1 3  1 -3 0 0
     -1
    A 1 1  1 2  1 -2 0 0
     -s
;
  A 1 1  2 4  2 -3 -1 0
   1
    A 1 1  2 4  2 -4 0 0
     -1
    A 1 1  2 3  2 -3 0 0
     -s
    A 1 1  1 3  1 -2 -1 0
     -3
    A 1 1  1 3  1 -3 0 0
     3
;
  A 1 1  2 4  2 -3 0 -1
   1
    A 1 1  1 3  1 -2 0 -1
     -3
    A 1 1  1 3  1 -3 0 0
     -1
    A 1 1  1 2  1 -2 0 0
     -1+t
;
  A 1 1  2 4  2 -3 0 -1
   1
    A 1 1  2 3  2 -3 0 0
     -2
    A 1 1  1 3  1 -2 0 -1
     -3
    A 1 1  1 3  1 -3 0 0
     -1
    A 1 1  1 2  1 -2 0 0
     3+3*t
;
  A 1 1  2 4  2 -2 -2 0
   1
    A 1 1  1 3  1 -1 -2 0
     -2
    A 1 1  1 3  1 -2 -1 0
     -2
    A 1 1  1 2  1 -1 -1 0
     -2*s
;
  A 1 1  2 4  2 -2 -2 0
   1
    A 1 1  2 4  2 -3 -1 0
     -1
    A 1 1  2 3  2 -2 -1 0
     -s
    A 1 1  1 3  1 -1 -2 0
     -2
    A 1 1  1 3  1 -2 -1 0
     1
    A 1 1  1 3  1 -3 0 0
     1
;
  A 1 1  2 4  2 -2 -1 -1
   1
    A 1 1  1 3  1 -1 -1 -1
     -2
    A 1 1  1 3  1 -2 0 -1
     -1
    A 1 1  1 3  1 -2 -1 0
     -1
    A 1 1  1 2  1 -1 0 -1
     -s
    A 1 1  1 2  1 -1 -1 0
     -1+t
;
  A 1 1  2 4  2 -2 -1 -1
   1
    A 1 1  2 3  2 -2 -1 0
     -2
    A 1 1  1 3  1 -1 -1 -1
     -2
    A 1 1  1 3  1 -2 0 -1
     -1
    A 1 1  1 3  1 -2 -1 0
     -1
    A 1 1  1 2  1 -1 -1 0
     2+2*t
    A 1 1  1 2  1 -2 0 0
     2-s
;
  A 1 1  2 4  2 -2 -1 -1
   1
    A 1 1  2 4  2 -3 0 -1
     -1
    A 1 1  2 3  2 -2 0 -1
     -s
    A 1 1  1 3  1 -1 -1 -1
     -2
    A 1 1  1 3  1 -2 0 -1
     2
    A 1 1  1 3  1 -2 -1 0
     -1
    A 1 1  1 3  1 -3 0 0
     1
    A 1 1  1 2  1 -2 0 0
     1-t
;
  A 1 1  2 4  2 -2 0 -2
   1
    A 1 1  1 3  1 -1 0 -2
     -2
    A 1 1  1 3  1 -2 0 -1
     -2
    A 1 1  1 2  1 -1 0 -1
     -2+2*t
;
  A 1 1  2 4  2 -2 0 -2
   1
    A 1 1  2 3  2 -2 0 -1
     -2
    A 1 1  1 3  1 -1 0 -2
     -2
    A 1 1  1 3  1 -2 0 -1
     -2
    A 1 1  1 2  1 -1 0 -1
     2+2*t
;
  A 1 1  2 4  2 -1 -3 0
   1
    A 1 1  1 3  1 0 -3 0
     -1
    A 1 1  1 3  1 -1 -2 0
     -3
    A 1 1  1 2  1 0 -2 0
     -3*s
;
  A 1 1  2 4  2 -1 -3 0
   1
    A 1 1  2 4  2 -2 -2 0
     -1
    A 1 1  2 3  2 -1 -2 0
     -s
    A 1 1  1 3  1 0 -3 0
     -1
    A 1 1  1 3  1 -1 -2 0
     -1
    A 1 1  1 3  1 -2 -1 0
     2
;
  A 1 1  2 4  2 -1 -2 -1
   1
    A 1 1  1 3  1 0 -2 -1
     -1
    A 1 1  1 3  1 -1 -1 -1
     -2
    A 1 1  1 3  1 -1 -2 0
     -1
    A 1 1  1 2  1 0 -1 -1
     -2*s
    A 1 1  1 2  1 0 -2 0
     -1+t
;
  A 1 1  2 4  2 -1 -2 -1
   1
    A 1 1  2 3  2 -1 -2 0
     -2
    A 1 1  1 3  1 0 -2 -1
     -1
    A 1 1  1 3  1 -1 -1 -1
     -2
    A 1 1  1 3  1 -1 -2 0
     -1
    A 1 1  1 2  1 0 -2 0
     1+t
    A 1 1  1 2  1 -1 -1 0
     4-2*s
;
  A 1 1  2 4  2 -1 -2 -1
   1
    A 1 1  2 4  2 -2 -1 -1
     -1
    A 1 1  2 3  2 -1 -1 -1
     -s
    A 1 1  1 3  1 0 -2 -1
     -1
    A 1 1  1 3  1 -1 -2 0
     -1
    A 1 1  1 3  1 -2 0 -1
     1
    A 1 1  1 3  1 -2 -1 0
     1
    A 1 1  1 2  1 -1 -1 0
     1-t
;
  A 1 1  2 4  2 -1 -1 -2
   1
    A 1 1  1 3  1 0 -1 -2
     -1
    A 1 1  1 3  1 -1 0 -2
     -1
    A 1 1  1 3  1 -1 -1 -1
     -2
    A 1 1  1 2  1 0 0 -2
     -s
    A 1 1  1 2  1 0 -1 -1
     -2+2*t
;
  A 1 1  2 4  2 -1 -1 -2
   1
    A 1 1  2 3  2 -1 -1 -1
     -2
    A 1 1  1 3  1 0 -1 -2
     -1
    A 1 1  1 3  1 -1 0 -2
     -1
    A 1 1  1 3  1 -1 -1 -1
     -2
    A 1 1  1 2  1 0 -1 -1
     1+t
    A 1 1  1 2  1 -1 0 -1
     2-s
;
  A 1 1  2 4  2 -1 -1 -2
   1
    A 1 1  2 4  2 -2 0 -2
     -1
    A 1 1  2 3  2 -1 0 -2
     -s
    A 1 1  1 3  1 0 -1 -2
     -1
    A 1 1  1 3  1 -1 0 -2
     1
    A 1 1  1 3  1 -1 -1 -1
     -2
    A 1 1  1 3  1 -2 0 -1
     2
    A 1 1  1 2  1 -1 0 -1
     2-2*t
;
  A 1 1  2 4  2 -1 0 -3
   1
    A 1 1  1 3  1 0 0 -3
     -1
    A 1 1  1 3  1 -1 0 -2
     -3
    A 1 1  1 2  1 0 0 -2
     -3+3*t
;
  A 1 1  2 4  2 -1 0 -3
   1
    A 1 1  2 3  2 -1 0 -2
     -2
    A 1 1  1 3  1 0 0 -3
     -1
    A 1 1  1 3  1 -1 0 -2
     -3
    A 1 1  1 2  1 0 0 -2
     1+t
;
  A 1 1  2 4  2 0 -4 0
   1
    A 1 1  2 4  2 -1 -3 0
     -1
    A 1 1  2 3  2 0 -3 0
     -s
    A 1 1  1 3  1 0 -3 0
     -3
    A 1 1  1 3  1 -1 -2 0
     3
;
  A 1 1  2 4  2 0 -3 -1
   1
    A 1 1  2 3  2 0 -3 0
     -2
    A 1 1  1 3  1 0 -2 -1
     -3
    A 1 1  1 3  1 0 -3 0
     -1
    A 1 1  1 2  1 0 -2 0
     6-3*s
;
  A 1 1  2 4  2 0 -3 -1
   1
    A 1 1  2 4  2 -1 -2 -1
     -1
    A 1 1  2 3  2 0 -2 -1
     -s
    A 1 1  1 3  1 0 -2 -1
     -2
    A 1 1  1 3  1 0 -3 0
     -1
    A 1 1  1 3  1 -1 -1 -1
     2
    A 1 1  1 3  1 -1 -2 0
     1
    A 1 1  1 2  1 0 -2 0
     1-t
;
  A 1 1  2 4  2 0 -2 -2
   1
    A 1 1  2 3  2 0 -2 -1
     -2
    A 1 1  1 3  1 0 -1 -2
     -2
    A 1 1  1 3  1 0 -2 -1
     -2
    A 1 1  1 2  1 0 -1 -1
     4-2*s
;
  A 1 1  2 4  2 0 -2 -2
   1
    A 1 1  2 4  2 -1 -1 -2
     -1
    A 1 1  2 3  2 0 -1 -2
     -s
    A 1 1  1 3  1 0 -1 -2
     -1
    A 1 1  1 3  1 0 -2 -1
     -2
    A 1 1  1 3  1 -1 0 -2
     1
    A 1 1  1 3  1 -1 -1 -1
     2
    A 1 1  1 2  1 0 -1 -1
     2-2*t
;
  A 1 1  2 4  2 0 -1 -3
   1
    A 1 1  2 3  2 0 -1 -2
     -2
    A 1 1  1 3  1 0 0 -3
     -1
    A 1 1  1 3  1 0 -1 -2
     -3
    A 1 1  1 2  1 0 0 -2
     2-s
;
  A 1 1  2 4  2 0 -1 -3
   1
    A 1 1  2 4  2 -1 0 -3
     -1
    A 1 1  2 3  2 0 0 -3
     -s
    A 1 1  1 3  1 0 -1 -2
     -3
    A 1 1  1 3  1 -1 0 -2
     3
    A 1 1  1 2  1 0 0 -2
     3-3*t
;
  A 1 1  2 4  2 0 0 -4
   1
    A 1 1  2 3  2 0 0 -3
     -2
    A 1 1  1 3  1 0 0 -3
     -4
;
  A 1 1  3 0  3 0 0 0
   1
    A 1 1  1 0  1 0 0 0
     -1/8*(-4+d)*(-2+d)
;
  A 1 1  3 1  3 -1 0 0
   1
    A 1 1  1 0  1 0 0 0
     1-1/2*d
;
  A 1 1  3 1  3 0 -1 0
   1
    A 1 1  1 0  1 0 0 0
     1-1/2*d+3/4*d*s-1/8*d^2*s-s
;
  A 1 1  3 1  3 0 0 -1
   1
    A 1 1  1 0  1 0 0 0
     -1+d-1/4*d^2
;
  A 1 1  3 2  3 -2 0 0
   1
    A 1 1  1 0  1 0 0 0
     -1
;
  A 1 1  3 2  3 -1 -1 0
   1
    A 1 1  1 0  1 0 0 0
     -1-3/4*d*s+3/2*s
;
  A 1 1  3 2  3 -1 0 -1
   1
    A 1 1  1 0  1 0 0 0
     3/2-5/4*d-1/2*t+1/4*d*t
;
  A 1 1  3 2  3 0 -2 0
   1
    A 1 1  1 0  1 0 0 0
     -1+3/4*d*s^2-3/2*d*s-s^2-1/8*d^2*s^2+3*s
;
  A 1 1  3 2  3 0 -1 -1
   1
    A 1 1  1 0  1 0 0 0
     1-d+3/4*d*s-1/4*d^2*s-1/2*s
;
  A 1 1  3 2  3 0 0 -2
   1
    A 1 1  1 0  1 0 0 0
     1/2*d-1/2*d^2
;
  A 1 1  3 3  3 -3 0 0
   1
;
  A 1 1  3 3  3 -2 -1 0
   1
    A 1 1  1 0  1 0 0 0
     -3*s
;
  A 1 1  3 3  3 -2 0 -1
   1
    A 1 1  1 0  1 0 0 0
     -4+2*t
;
  A 1 1  3 3  3 -1 -2 0
   1
    A 1 1  1 0  1 0 0 0
     -d*s^2+2*s^2-6*s
;
  A 1 1  3 3  3 -1 -1 -1
   1
    A 1 1  1 0  1 0 0 0
     -3-1/2*t*s-7/4*d*s+t+1/4*d*t*s+1/2*s
;
  A 1 1  3 3  3 -1 0 -2
   1
    A 1 1  1 0  1 0 0 0
     -2-3*d+d*t
;
  A 1 1  3 3  3 0 -3 0
   1
    A 1 1  1 0  1 0 0 0
     -3*d*s^2+3/4*d*s^3+6*s^2-s^3-1/8*d^2*s^3-9*s
;
  A 1 1  3 3  3 0 -2 -1
   1
    A 1 1  1 0  1 0 0 0
     -2+1/2*d*s^2-3*d*s-1/4*d^2*s^2
;
  A 1 1  3 3  3 0 -1 -2
   1
    A 1 1  1 0  1 0 0 0
     -2-2*d-1/2*d*s-1/2*d^2*s
;
  A 1 1  3 3  3 0 0 -3
   1
    A 1 1  1 0  1 0 0 0
     -2-3*d-d^2
;
  A 1 1  3 4  3 -4 0 0
   1
    A 1 1  2 3  2 -3 0 0
     -5/2
    A 1 1  1 2  1 -2 0 0
     3/2
;
  A 1 1  3 4  3 -3 -1 0
   1
    A 1 1  2 3  2 -2 -1 0
     -2
    A 1 1  2 3  2 -3 0 0
     -1/2
    A 1 1  2 2  2 -2 0 0
     -1/2*s
    A 1 1  1 2  1 -1 -1 0
     1
    A 1 1  1 2  1 -2 0 0
     1/2
;
  A 1 1  3 4  3 -3 -1 0
   1
    A 1 1  3 4  3 -4 0 0
     -1
    A 1 1  3 3  3 -3 0 0
     -s
    A 1 1  2 3  2 -2 -1 0
     -3/2
    A 1 1  2 3  2 -3 0 0
     3/2
;
  A 1 1  3 4  3 -3 0 -1
   1
    A 1 1  2 3  2 -2 0 -1
     -2
    A 1 1  2 3  2 -3 0 0
     -1/2
    A 1 1  2 2  2 -2 0 0
     -1/2+1/2*t
    A 1 1  1 2  1 -1 0 -1
     1
    A 1 1  1 2  1 -2 0 0
     1/2
;
  A 1 1  3 4  3 -3 0 -1
   1
    A 1 1  3 3  3 -3 0 0
     -2
    A 1 1  2 3  2 -2 0 -1
     -3/2
    A 1 1  2 3  2 -3 0 0
     -1
    A 1 1  2 2  2 -2 0 0
     3/2+3/2*t
    A 1 1  1 2  1 -2 0 0
     3/2
;
  A 1 1  3 4  3 -2 -2 0
   1
    A 1 1  2 3  2 -1 -2 0
     -3/2
    A 1 1  2 3  2 -2 -1 0
     -1
    A 1 1  2 2  2 -1 -1 0
     -s
    A 1 1  1 2  1 0 -2 0
     1/2
    A 1 1  1 2  1 -1 -1 0
     1
;
  A 1 1  3 4  3 -2 -2 0
   1
    A 1 1  3 4  3 -3 -1 0
     -1
    A 1 1  3 3  3 -2 -1 0
     -s
    A 1 1  2 3  2 -1 -2 0
     -1
    A 1 1  2 3  2 -2 -1 0
     1/2
    A 1 1  2 3  2 -3 0 0
     1/2
;
  A 1 1  3 4  3 -2 -1 -1
   1
    A 1 1  2 3  2 -1 -1 -1
     -3/2
    A 1 1  2 3  2 -2 0 -1
     -1/2
    A 1 1  2 3  2 -2 -1 0
     -1/2
    A 1 1  2 2  2 -1 0 -1
     -1/2*s
    A 1 1  2 2  2 -1 -1 0
     -1/2+1/2*t
    A 1 1  1 2  1 0 -1 -1
     1/2
    A 1 1  1 2  1 -1 0 -1
     1/2
    A 1 1  1 2  1 -1 -1 0
     1/2
;
  A 1 1  3 4  3 -2 -1 -1
   1
    A 1 1  3 3  3 -2 -1 0
     -2
    A 1 1  2 3  2 -1 -1 -1
     -1
    A 1 1  2 3  2 -2 0 -1
     -1/2
    A 1 1  2 3  2 -2 -1 0
     -1
    A 1 1  2 2  2 -1 -1 0
     1+t
    A 1 1  2 2  2 -2 0 0
     1-1/2*s
    A 1 1  1 2  1 -1 -1 0
     1
    A 1 1  1 2  1 -2 0 0
     1/2
;
  A 1 1  3 4  3 -2 -1 -1
   1
    A 1 1  3 4  3 -3 0 -1
     -1
    A 1 1  3 3  3 -2 0 -1
     -s
    A 1 1  2 3  2 -1 -1 -1
     -1
    A 1 1  2 3  2 -2 0 -1
     1
    A 1 1  2 3  2 -2 -1 0
     -1/2
    A 1 1  2 3  2 -3 0 0
     1/2
    A 1 1  2 2  2 -2 0 0
     1/2-1/2*t
;
  A 1 1  3 4  3 -2 0 -2
   1
    A 1 1  2 3  2 -1 0 -2
     -3/2
    A 1 1  2 3  2 -2 0 -1
     -1
    A 1 1  2 2  2 -1 0 -1
     -1+t
    A 1 1  1 2  1 0 0 -2
     1/2
    A 1 1  1 2  1 -1 0 -1
     1
;
  A 1 1  3 4  3 -2 0 -2
   1
    A 1 1  3 3  3 -2 0 -1
     -2
    A 1 1  2 3  2 -1 0 -2
     -1
    A 1 1  2 3  2 -2 0 -1
     -3/2
    A 1 1  2 2  2 -1 0 -1
     1+t
    A 1 1  1 2  1 -1 0 -1
     1
    A 1 1  1 2  1 -2 0 0
     1/2
;
  A 1 1  3 4  3 -1 -3 0
   1
    A 1 1  2 3  2 0 -3 0
     -1
    A 1 1  2 3  2 -1 -2 0
     -3/2
    A 1 1  2 2  2 0 -2 0
     -3/2*s
    A 1 1  1 2  1 0 -2 0
     3/2
;
  A 1 1  3 4  3 -1 -3 0
   1
    A 1 1  3 4  3 -2 -2 0
     -1
    A 1 1  3 3  3 -1 -2 0
     -s
    A 1 1  2 3  2 0 -3 0
     -1/2
    A 1 1  2 3  2 -1 -2 0
     -1/2
    A 1 1  2 3  2 -2 -1 0
     1
;
  A 1 1  3 4  3 -1 -2 -1
   1
    A 1 1  2 3  2 0 -2 -1
     -1
    A 1 1  2 3  2 -1 -1 -1
     -1
    A 1 1  2 3  2 -1 -2 0
     -1/2
    A 1 1  2 2  2 0 -1 -1
     -s
    A 1 1  2 2  2 0 -2 0
     -1/2+1/2*t
    A 1 1  1 2  1 0 -1 -1
     1
    A 1 1  1 2  1 0 -2 0
     1/2
;
  A 1 1  3 4  3 -1 -2 -1
   1
    A 1 1  3 3  3 -1 -2 0
     -2
    A 1 1  2 3  2 0 -2 -1
     -1/2
    A 1 1  2 3  2 -1 -1 -1
     -1
    A 1 1  2 3  2 -1 -2 0
     -1
    A 1 1  2 2  2 0 -2 0
     1/2+1/2*t
    A 1 1  2 2  2 -1 -1 0
     2-s
    A 1 1  1 2  1 0 -2 0
     1/2
    A 1 1  1 2  1 -1 -1 0
     1
;
  A 1 1  3 4  3 -1 -2 -1
   1
    A 1 1  3 4  3 -2 -1 -1
     -1
    A 1 1  3 3  3 -1 -1 -1
     -s
    A 1 1  2 3  2 0 -2 -1
     -1/2
    A 1 1  2 3  2 -1 -2 0
     -1/2
    A 1 1  2 3  2 -2 0 -1
     1/2
    A 1 1  2 3  2 -2 -1 0
     1/2
    A 1 1  2 2  2 -1 -1 0
     1/2-1/2*t
;
  A 1 1  3 4  3 -1 -1 -2
   1
    A 1 1  2 3  2 0 -1 -2
     -1
    A 1 1  2 3  2 -1 0 -2
     -1/2
    A 1 1  2 3  2 -1 -1 -1
     -1
    A 1 1  2 2  2 0 0 -2
     -1/2*s
    A 1 1  2 2  2 0 -1 -1
     -1+t
    A 1 1  1 2  1 0 0 -2
     1/2
    A 1 1  1 2  1 0 -1 -1
     1
;
  A 1 1  3 4  3 -1 -1 -2
   1
    A 1 1  3 3  3 -1 -1 -1
     -2
    A 1 1  2 3  2 0 -1 -2
     -1/2
    A 1 1  2 3  2 -1 0 -2
     -1/2
    A 1 1  2 3  2 -1 -1 -1
     -3/2
    A 1 1  2 2  2 0 -1 -1
     1/2+1/2*t
    A 1 1  2 2  2 -1 0 -1
     1-1/2*s
    A 1 1  1 2  1 0 -1 -1
     1/2
    A 1 1  1 2  1 -1 0 -1
     1/2
    A 1 1  1 2  1 -1 -1 0
     1/2
;
  A 1 1  3 4  3 -1 -1 -2
   1
    A 1 1  3 4  3 -2 0 -2
     -1
    A 1 1  3 3  3 -1 0 -2
     -s
    A 1 1  2 3  2 0 -1 -2
     -1/2
    A 1 1  2 3  2 -1 0 -2
     1/2
    A 1 1  2 3  2 -1 -1 -1
     -1
    A 1 1  2 3  2 -2 0 -1
     1
    A 1 1  2 2  2 -1 0 -1
     1-t
;
  A 1 1  3 4  3 -1 0 -3
   1
    A 1 1  2 3  2 0 0 -3
     -1
    A 1 1  2 3  2 -1 0 -2
     -3/2
    A 1 1  2 2  2 0 0 -2
     -3/2+3/2*t
    A 1 1  1 2  1 0 0 -2
     3/2
;
  A 1 1  3 4  3 -1 0 -3
   1
    A 1 1  3 3  3 -1 0 -2
     -2
    A 1 1  2 3  2 0 0 -3
     -1/2
    A 1 1  2 3  2 -1 0 -2
     -2
    A 1 1  2 2  2 0 0 -2
     1/2+1/2*t
    A 1 1  1 2  1 0 0 -2
     1/2
    A 1 1  1 2  1 -1 0 -1
     1
;
  A 1 1  3 4  3 0 -4 0
   1
    A 1 1  3 4  3 -1 -3 0
     -1
    A 1 1  3 3  3 0 -3 0
     -s
    A 1 1  2 3  2 0 -3 0
     -3/2
    A 1 1  2 3  2 -1 -2 0
     3/2
;
  A 1 1  3 4  3 0 -3 -1
   1
    A 1 1  3 3  3 0 -3 0
     -2
    A 1 1  2 3  2 0 -2 -1
     -3/2
    A 1 1  2 3  2 0 -3 0
     -1
    A 1 1  2 2  2 0 -2 0
     3-3/2*s
    A 1 1  1 2  1 0 -2 0
     3/2
;
  A 1 1  3 4  3 0 -3 -1
   1
    A 1 1  3 4  3 -1 -2 -1
     -1
    A 1 1  3 3  3 0 -2 -1
     -s
    A 1 1  2 3  2 0 -2 -1
     -1
    A 1 1  2 3  2 0 -3 0
     -1/2
    A 1 1  2 3  2 -1 -1 -1
     1
    A 1 1  2 3  2 -1 -2 0
     1/2
    A 1 1  2 2  2 0 -2 0
     1/2-1/2*t
;
  A 1 1  3 4  3 0 -2 -2
   1
    A 1 1  3 3  3 0 -2 -1
     -2
    A 1 1  2 3  2 0 -1 -2
     -1
    A 1 1  2 3  2 0 -2 -1
     -3/2
    A 1 1  2 2  2 0 -1 -1
     2-s
    A 1 1  1 2  1 0 -1 -1
     1
    A 1 1  1 2  1 0 -2 0
     1/2
;
  A 1 1  3 4  3 0 -2 -2
   1
    A 1 1  3 4  3 -1 -1 -2
     -1
    A 1 1  3 3  3 0 -1 -2
     -s
    A 1 1  2 3  2 0 -1 -2
     -1/2
    A 1 1  2 3  2 0 -2 -1
     -1
    A 1 1  2 3  2 -1 0 -2
     1/2
    A 1 1  2 3  2 -1 -1 -1
     1
    A 1 1  2 2  2 0 -1 -1
     1-t
;
  A 1 1  3 4  3 0 -1 -3
   1
    A 1 1  3 3  3 0 -1 -2
     -2
    A 1 1  2 3  2 0 0 -3
     -1/2
    A 1 1  2 3  2 0 -1 -2
     -2
    A 1 1  2 2  2 0 0 -2
     1-1/2*s
    A 1 1  1 2  1 0 0 -2
     1/2
    A 1 1  1 2  1 0 -1 -1
     1
;
  A 1 1  3 4  3 0 -1 -3
   1
    A 1 1  3 4  3 -1 0 -3
     -1
    A 1 1  3 3  3 0 0 -3
     -s
    A 1 1  2 3  2 0 -1 -2
     -3/2
    A 1 1  2 3  2 -1 0 -2
     3/2
    A 1 1  2 2  2 0 0 -2
     3/2-3/2*t
;
  A 1 1  3 4  3 0 0 -4
   1
    A 1 1  3 3  3 0 0 -3
     -2
    A 1 1  2 3  2 0 0 -3
     -5/2
    A 1 1  1 2  1 0 0 -2
     3/2
;
  A 1 1  4 0  4 0 0 0
   1
    A 1 1  1 0  1 0 0 0
     -1/48*(-4+d)*(-6+d)*(-2+d)
;
  A 1 1  4 1  4 -1 0 0
   1
    A 1 1  1 0  1 0 0 0
     -1+3/4*d-1/8*d^2
;
  A 1 1  4 1  4 0 -1 0
   1
    A 1 1  1 0  1 0 0 0
     -1+3/4*d-1/8*d^2-11/12*d*s+1/4*d^2*s-1/48*d^3*s+s
;
  A 1 1  4 1  4 0 0 -1
   1
    A 1 1  1 0  1 0 0 0
     1-13/12*d+3/8*d^2-1/24*d^3
;
  A 1 1  4 2  4 -2 0 0
   1
    A 1 1  1 0  1 0 0 0
     1-1/2*d
;
  A 1 1  4 2  4 -1 -1 0
   1
    A 1 1  1 0  1 0 0 0
     1-1/2*d+d*s-1/6*d^2*s-4/3*s
;
  A 1 1  4 2  4 -1 0 -1
   1
    A 1 1  1 0  1 0 0 0
     -4/3+5/4*d+1/24*d^2*t-7/24*d^2+1/3*t-1/4*d*t
;
  A 1 1  4 2  4 0 -2 0
   1
    A 1 1  1 0  1 0 0 0
     1-11/12*d*s^2-1/2*d+2*d*s-1/3*d^2*s+s^2-1/48*d^3*s^2+1/4*d^2*s^2-8/3*s
;
  A 1 1  4 2  4 0 -1 -1
   1
    A 1 1  1 0  1 0 0 0
     -1+d-1/4*d^2-5/6*d*s+1/3*d^2*s-1/24*d^3*s+2/3*s
;
  A 1 1  4 2  4 0 0 -2
   1
    A 1 1  1 0  1 0 0 0
     1/3-2/3*d+5/12*d^2-1/12*d^3
;
  A 1 1  4 3  4 -3 0 0
   1
    A 1 1  1 0  1 0 0 0
     -1
;
  A 1 1  4 3  4 -2 -1 0
   1
    A 1 1  1 0  1 0 0 0
     -1-d*s+2*s
;
  A 1 1  4 3  4 -2 0 -1
   1
    A 1 1  1 0  1 0 0 0
     2-3/2*d-t+1/2*d*t
;
  A 1 1  4 3  4 -1 -2 0
   1
    A 1 1  1 0  1 0 0 0
     -1+5/4*d*s^2-2*d*s-5/3*s^2-5/24*d^2*s^2+4*s
;
  A 1 1  4 3  4 -1 -1 -1
   1
    A 1 1  1 0  1 0 0 0
     3/2-5/4*d+1/3*t*s+1/24*d^2*t*s+5/4*d*s-3/8*d^2*s-1/2*t-1/4*d*t*s+1/4*d*t-s
;
  A 1 1  4 3  4 -1 0 -2
   1
    A 1 1  1 0  1 0 0 0
     -1/3+d+1/6*d^2*t-2/3*d^2+1/3*t-1/2*d*t
;
  A 1 1  4 3  4 0 -3 0
   1
    A 1 1  1 0  1 0 0 0
     -1+15/4*d*s^2-11/12*d*s^3-3*d*s-1/48*d^3*s^3-5*s^2+s^3+1/4*d^2*s^3-5/8*d^2*s^2+6*s
;
  A 1 1  4 3  4 0 -2 -1
   1
    A 1 1  1 0  1 0 0 0
     1-7/12*d*s^2-d+2*d*s-2/3*d^2*s+1/3*s^2-1/24*d^3*s^2+7/24*d^2*s^2-4/3*s
;
  A 1 1  4 3  4 0 -1 -2
   1
    A 1 1  1 0  1 0 0 0
     1/2*d-1/2*d^2-1/6*d*s+1/4*d^2*s-1/12*d^3*s
;
  A 1 1  4 3  4 0 0 -3
   1
    A 1 1  1 0  1 0 0 0
     1/6*d-1/6*d^3
;
  A 1 1  4 4  4 -4 0 0
   1
    A 1 1  3 3  3 -3 0 0
     -2
    A 1 1  2 2  2 -2 0 0
     1
;
  A 1 1  4 4  4 -3 -1 0
   1
    A 1 1  3 3  3 -2 -1 0
     -5/3
    A 1 1  3 3  3 -3 0 0
     -1/3
    A 1 1  3 2  3 -2 0 0
     -1/3*s
    A 1 1  2 2  2 -1 -1 0
     2/3
    A 1 1  2 2  2 -2 0 0
     1/3
;
  A 1 1  4 4  4 -3 -1 0
   1
    A 1 1  4 4  4 -4 0 0
     -1
    A 1 1  4 3  4 -3 0 0
     -s
    A 1 1  3 3  3 -2 -1 0
     -1
    A 1 1  3 3  3 -3 0 0
     1
;
  A 1 1  4 4  4 -3 0 -1
   1
    A 1 1  3 3  3 -2 0 -1
     -5/3
    A 1 1  3 3  3 -3 0 0
     -1/3
    A 1 1  3 2  3 -2 0 0
     -1/3+1/3*t
    A 1 1  2 2  2 -1 0 -1
     2/3
    A 1 1  2 2  2 -2 0 0
     1/3
;
  A 1 1  4 4  4 -3 0 -1
   1
    A 1 1  4 3  4 -3 0 0
     -2
    A 1 1  3 3  3 -2 0 -1
     -1
    A 1 1  3 3  3 -3 0 0
     -1
    A 1 1  3 2  3 -2 0 0
     1+t
    A 1 1  2 2  2 -2 0 0
     1
;
  A 1 1  4 4  4 -2 -2 0
   1
    A 1 1  3 3  3 -1 -2 0
     -4/3
    A 1 1  3 3  3 -2 -1 0
     -2/3
    A 1 1  3 2  3 -1 -1 0
     -2/3*s
    A 1 1  2 2  2 0 -2 0
     1/3
    A 1 1  2 2  2 -1 -1 0
     2/3
;
  A 1 1  4 4  4 -2 -2 0
   1
    A 1 1  4 4  4 -3 -1 0
     -1
    A 1 1  4 3  4 -2 -1 0
     -s
    A 1 1  3 3  3 -1 -2 0
     -2/3
    A 1 1  3 3  3 -2 -1 0
     1/3
    A 1 1  3 3  3 -3 0 0
     1/3
;
  A 1 1  4 4  4 -2 -1 -1
   1
    A 1 1  3 3  3 -1 -1 -1
     -4/3
    A 1 1  3 3  3 -2 0 -1
     -1/3
    A 1 1  3 3  3 -2 -1 0
     -1/3
    A 1 1  3 2  3 -1 0 -1
     -1/3*s
    A 1 1  3 2  3 -1 -1 0
     -1/3+1/3*t
    A 1 1  2 2  2 0 -1 -1
     1/3
    A 1 1  2 2  2 -1 0 -1
     1/3
    A 1 1  2 2  2 -1 -1 0
     1/3
;
  A 1 1  4 4  4 -2 -1 -1
   1
    A 1 1  4 3  4 -2 -1 0
     -2
    A 1 1  3 3  3 -1 -1 -1
     -2/3
    A 1 1  3 3  3 -2 0 -1
     -1/3
    A 1 1  3 3  3 -2 -1 0
     -1
    A 1 1  3 2  3 -1 -1 0
     2/3+2/3*t
    A 1 1  3 2  3 -2 0 0
     2/3-1/3*s
    A 1 1  2 2  2 -1 -1 0
     2/3
    A 1 1  2 2  2 -2 0 0
     1/3
;
  A 1 1  4 4  4 -2 -1 -1
   1
    A 1 1  4 4  4 -3 0 -1
     -1
    A 1 1  4 3  4 -2 0 -1
     -s
    A 1 1  3 3  3 -1 -1 -1
     -2/3
    A 1 1  3 3  3 -2 0 -1
     2/3
    A 1 1  3 3  3 -2 -1 0
     -1/3
    A 1 1  3 3  3 -3 0 0
     1/3
    A 1 1  3 2  3 -2 0 0
     1/3-1/3*t
;
  A 1 1  4 4  4 -2 0 -2
   1
    A 1 1  3 3  3 -1 0 -2
     -4/3
    A 1 1  3 3  3 -2 0 -1
     -2/3
    A 1 1  3 2  3 -1 0 -1
     -2/3+2/3*t
    A 1 1  2 2  2 0 0 -2
     1/3
    A 1 1  2 2  2 -1 0 -1
     2/3
;
  A 1 1  4 4  4 -2 0 -2
   1
    A 1 1  4 3  4 -2 0 -1
     -2
    A 1 1  3 3  3 -1 0 -2
     -2/3
    A 1 1  3 3  3 -2 0 -1
     -4/3
    A 1 1  3 2  3 -1 0 -1
     2/3+2/3*t
    A 1 1  2 2  2 -1 0 -1
     2/3
    A 1 1  2 2  2 -2 0 0
     1/3
;
  A 1 1  4 4  4 -1 -3 0
   1
    A 1 1  3 3  3 0 -3 0
     -1
    A 1 1  3 3  3 -1 -2 0
     -1
    A 1 1  3 2  3 0 -2 0
     -s
    A 1 1  2 2  2 0 -2 0
     1
;
  A 1 1  4 4  4 -1 -3 0
   1
    A 1 1  4 4  4 -2 -2 0
     -1
    A 1 1  4 3  4 -1 -2 0
     -s
    A 1 1  3 3  3 0 -3 0
     -1/3
    A 1 1  3 3  3 -1 -2 0
     -1/3
    A 1 1  3 3  3 -2 -1 0
     2/3
;
  A 1 1  4 4  4 -1 -2 -1
   1
    A 1 1  3 3  3 0 -2 -1
     -1
    A 1 1  3 3  3 -1 -1 -1
     -2/3
    A 1 1  3 3  3 -1 -2 0
     -1/3
    A 1 1  3 2  3 0 -1 -1
     -2/3*s
    A 1 1  3 2  3 0 -2 0
     -1/3+1/3*t
    A 1 1  2 2  2 0 -1 -1
     2/3
    A 1 1  2 2  2 0 -2 0
     1/3
;
  A 1 1  4 4  4 -1 -2 -1
   1
    A 1 1  4 3  4 -1 -2 0
     -2
    A 1 1  3 3  3 0 -2 -1
     -1/3
    A 1 1  3 3  3 -1 -1 -1
     -2/3
    A 1 1  3 3  3 -1 -2 0
     -1
    A 1 1  3 2  3 0 -2 0
     1/3+1/3*t
    A 1 1  3 2  3 -1 -1 0
     4/3-2/3*s
    A 1 1  2 2  2 0 -2 0
     1/3
    A 1 1  2 2  2 -1 -1 0
     2/3
;
  A 1 1  4 4  4 -1 -2 -1
   1
    A 1 1  4 4  4 -2 -1 -1
     -1
    A 1 1  4 3  4 -1 -1 -1
     -s
    A 1 1  3 3  3 0 -2 -1
     -1/3
    A 1 1  3 3  3 -1 -2 0
     -1/3
    A 1 1  3 3  3 -2 0 -1
     1/3
    A 1 1  3 3  3 -2 -1 0
     1/3
    A 1 1  3 2  3 -1 -1 0
     1/3-1/3*t
;
  A 1 1  4 4  4 -1 -1 -2
   1
    A 1 1  3 3  3 0 -1 -2
     -1
    A 1 1  3 3  3 -1 0 -2
     -1/3
    A 1 1  3 3  3 -1 -1 -1
     -2/3
    A 1 1  3 2  3 0 0 -2
     -1/3*s
    A 1 1  3 2  3 0 -1 -1
     -2/3+2/3*t
    A 1 1  2 2  2 0 0 -2
     1/3
    A 1 1  2 2  2 0 -1 -1
     2/3
;
  A 1 1  4 4  4 -1 -1 -2
   1
    A 1 1  4 3  4 -1 -1 -1
     -2
    A 1 1  3 3  3 0 -1 -2
     -1/3
    A 1 1  3 3  3 -1 0 -2
     -1/3
    A 1 1  3 3  3 -1 -1 -1
     -4/3
    A 1 1  3 2  3 0 -1 -1
     1/3+1/3*t
    A 1 1  3 2  3 -1 0 -1
     2/3-1/3*s
    A 1 1  2 2  2 0 -1 -1
     1/3
    A 1 1  2 2  2 -1 0 -1
     1/3
    A 1 1  2 2  2 -1 -1 0
     1/3
;
  A 1 1  4 4  4 -1 -1 -2
   1
    A 1 1  4 4  4 -2 0 -2
     -1
    A 1 1  4 3  4 -1 0 -2
     -s
    A 1 1  3 3  3 0 -1 -2
     -1/3
    A 1 1  3 3  3 -1 0 -2
     1/3
    A 1 1  3 3  3 -1 -1 -1
     -2/3
    A 1 1  3 3  3 -2 0 -1
     2/3
    A 1 1  3 2  3 -1 0 -1
     2/3-2/3*t
;
  A 1 1  4 4  4 -1 0 -3
   1
    A 1 1  3 3  3 0 0 -3
     -1
    A 1 1  3 3  3 -1 0 -2
     -1
    A 1 1  3 2  3 0 0 -2
     -1+t
    A 1 1  2 2  2 0 0 -2
     1
;
  A 1 1  4 4  4 -1 0 -3
   1
    A 1 1  4 3  4 -1 0 -2
     -2
    A 1 1  3 3  3 0 0 -3
     -1/3
    A 1 1  3 3  3 -1 0 -2
     -5/3
    A 1 1  3 2  3 0 0 -2
     1/3+1/3*t
    A 1 1  2 2  2 0 0 -2
     1/3
    A 1 1  2 2  2 -1 0 -1
     2/3
;
  A 1 1  4 4  4 0 -4 0
   1
    A 1 1  4 4  4 -1 -3 0
     -1
    A 1 1  4 3  4 0 -3 0
     -s
    A 1 1  3 3  3 0 -3 0
     -1
    A 1 1  3 3  3 -1 -2 0
     1
;
  A 1 1  4 4  4 0 -3 -1
   1
    A 1 1  4 3  4 0 -3 0
     -2
    A 1 1  3 3  3 0 -2 -1
     -1
    A 1 1  3 3  3 0 -3 0
     -1
    A 1 1  3 2  3 0 -2 0
     2-s
    A 1 1  2 2  2 0 -2 0
     1
;
  A 1 1  4 4  4 0 -3 -1
   1
    A 1 1  4 4  4 -1 -2 -1
     -1
    A 1 1  4 3  4 0 -2 -1
     -s
    A 1 1  3 3  3 0 -2 -1
     -2/3
    A 1 1  3 3  3 0 -3 0
     -1/3
    A 1 1  3 3  3 -1 -1 -1
     2/3
    A 1 1  3 3  3 -1 -2 0
     1/3
    A 1 1  3 2  3 0 -2 0
     1/3-1/3*t
;
  A 1 1  4 4  4 0 -2 -2
   1
    A 1 1  4 3  4 0 -2 -1
     -2
    A 1 1  3 3  3 0 -1 -2
     -2/3
    A 1 1  3 3  3 0 -2 -1
     -4/3
    A 1 1  3 2  3 0 -1 -1
     4/3-2/3*s
    A 1 1  2 2  2 0 -1 -1
     2/3
    A 1 1  2 2  2 0 -2 0
     1/3
;
  A 1 1  4 4  4 0 -2 -2
   1
    A 1 1  4 4  4 -1 -1 -2
     -1
    A 1 1  4 3  4 0 -1 -2
     -s
    A 1 1  3 3  3 0 -1 -2
     -1/3
    A 1 1  3 3  3 0 -2 -1
     -2/3
    A 1 1  3 3  3 -1 0 -2
     1/3
    A 1 1  3 3  3 -1 -1 -1
     2/3
    A 1 1  3 2  3 0 -1 -1
     2/3-2/3*t
;
  A 1 1  4 4  4 0 -1 -3
   1
    A 1 1  4 3  4 0 -1 -2
     -2
    A 1 1  3 3  3 0 0 -3
     -1/3
    A 1 1  3 3  3 0 -1 -2
     -5/3
    A 1 1  3 2  3 0 0 -2
     2/3-1/3*s
    A 1 1  2 2  2 0 0 -2
     1/3
    A 1 1  2 2  2 0 -1 -1
     2/3
;
  A 1 1  4 4  4 0 -1 -3
   1
    A 1 1  4 4  4 -1 0 -3
     -1
    A 1 1  4 3  4 0 0 -3
     -s
    A 1 1  3 3  3 0 -1 -2
     -1
    A 1 1  3 3  3 -1 0 -2
     1
    A 1 1  3 2  3 0 0 -2
     1-t
;
  A 1 1  4 4  4 0 0 -4
   1
    A 1 1  4 3  4 0 0 -3
     -2
    A 1 1  3 3  3 0 0 -3
     -2
    A 1 1  2 2  2 0 0 -2
     1
;
  A 1 1  5 0  5 0 0 0
   1
    A 1 1  4 0  4 0 0 0
     1-1/8*d
;
  A 1 1  5 1  5 -1 0 0
   1
    A 1 1  4 0  4 0 0 0
     -1
;
  A 1 1  5 1  5 -1 0 0
   1
    A 1 1  4 1  4 -1 0 0
     7/8-1/8*d
    A 1 1  4 0  4 0 0 0
     -1/4
    A 1 1  3 0  3 0 0 0
     -1/8
;
  A 1 1  5 1  5 0 -1 0
   1
    A 1 1  4 1  4 0 -1 0
     7/8-1/8*d
    A 1 1  4 0  4 0 0 0
     -1/4+1/8*s
    A 1 1  3 0  3 0 0 0
     -1/8
;
  A 1 1  5 1  5 0 -1 0
   1
    A 1 1  5 1  5 -1 0 0
     -1
    A 1 1  5 0  5 0 0 0
     -s
;
  A 1 1  5 1  5 0 0 -1
   1
    A 1 1  4 1  4 0 0 -1
     7/8-1/8*d
    A 1 1  3 0  3 0 0 0
     -1/8
;
  A 1 1  5 1  5 0 0 -1
   1
    A 1 1  5 0  5 0 0 0
     -2
    A 1 1  4 0  4 0 0 0
     -1
;
  A 1 1  5 2  5 -2 0 0
   1
    A 1 1  4 1  4 -1 0 0
     -5/4
    A 1 1  3 0  3 0 0 0
     1/4
;
  A 1 1  5 2  5 -2 0 0
   1
    A 1 1  4 2  4 -2 0 0
     3/4-1/8*d
    A 1 1  4 1  4 -1 0 0
     -1/2
    A 1 1  3 1  3 -1 0 0
     -1/4
;
  A 1 1  5 2  5 -1 -1 0
   1
    A 1 1  4 1  4 0 -1 0
     -1
    A 1 1  4 1  4 -1 0 0
     -1/4
    A 1 1  4 0  4 0 0 0
     -1/4*s
    A 1 1  3 0  3 0 0 0
     1/4
;
  A 1 1  5 2  5 -1 -1 0
   1
    A 1 1  4 2  4 -1 -1 0
     3/4-1/8*d
    A 1 1  4 1  4 0 -1 0
     -1/4
    A 1 1  4 1  4 -1 0 0
     -1/4+1/8*s
    A 1 1  3 1  3 0 -1 0
     -1/8
    A 1 1  3 1  3 -1 0 0
     -1/8
;
  A 1 1  5 2  5 -1 -1 0
   1
    A 1 1  5 2  5 -2 0 0
     -1
    A 1 1  5 1  5 -1 0 0
     -s
    A 1 1  4 1  4 0 -1 0
     -1/4
    A 1 1  4 1  4 -1 0 0
     1/4
;
  A 1 1  5 2  5 -1 0 -1
   1
    A 1 1  4 1  4 0 0 -1
     -1
    A 1 1  4 1  4 -1 0 0
     -1/4
    A 1 1  4 0  4 0 0 0
     -1/4+1/4*t
    A 1 1  3 0  3 0 0 0
     1/4
;
  A 1 1  5 2  5 -1 0 -1
   1
    A 1 1  4 2  4 -1 0 -1
     3/4-1/8*d
    A 1 1  4 1  4 0 0 -1
     -1/4
    A 1 1  3 1  3 0 0 -1
     -1/8
    A 1 1  3 1  3 -1 0 0
     -1/8
;
  A 1 1  5 2  5 -1 0 -1
   1
    A 1 1  5 1  5 -1 0 0
     -2
    A 1 1  4 1  4 0 0 -1
     -1/4
    A 1 1  4 1  4 -1 0 0
     -1
    A 1 1  4 0  4 0 0 0
     1/4+1/4*t
    A 1 1  3 0  3 0 0 0
     1/4
;
  A 1 1  5 2  5 0 -2 0
   1
    A 1 1  4 2  4 0 -2 0
     3/4-1/8*d
    A 1 1  4 1  4 0 -1 0
     -1/2+1/4*s
    A 1 1  3 1  3 0 -1 0
     -1/4
;
  A 1 1  5 2  5 0 -2 0
   1
    A 1 1  5 2  5 -1 -1 0
     -1
    A 1 1  5 1  5 0 -1 0
     -s
    A 1 1  4 1  4 0 -1 0
     -1/4
    A 1 1  4 1  4 -1 0 0
     1/4
;
  A 1 1  5 2  5 0 -1 -1
   1
    A 1 1  4 2  4 0 -1 -1
     3/4-1/8*d
    A 1 1  4 1  4 0 0 -1
     -1/4+1/8*s
    A 1 1  3 1  3 0 0 -1
     -1/8
    A 1 1  3 1  3 0 -1 0
     -1/8
;
  A 1 1  5 2  5 0 -1 -1
   1
    A 1 1  5 1  5 0 -1 0
     -2
    A 1 1  4 1  4 0 0 -1
     -1/4
    A 1 1  4 1  4 0 -1 0
     -1
    A 1 1  4 0  4 0 0 0
     1/2-1/4*s
    A 1 1  3 0  3 0 0 0
     1/4
;
  A 1 1  5 2  5 0 -1 -1
   1
    A 1 1  5 2  5 -1 0 -1
     -1
    A 1 1  5 1  5 0 0 -1
     -s
    A 1 1  4 1  4 0 -1 0
     -1/4
    A 1 1  4 1  4 -1 0 0
     1/4
    A 1 1  4 0  4 0 0 0
     1/4-1/4*t
;
  A 1 1  5 2  5 0 0 -2
   1
    A 1 1  4 2  4 0 0 -2
     3/4-1/8*d
    A 1 1  3 1  3 0 0 -1
     -1/4
;
  A 1 1  5 2  5 0 0 -2
   1
    A 1 1  5 1  5 0 0 -1
     -2
    A 1 1  4 1  4 0 0 -1
     -5/4
    A 1 1  3 0  3 0 0 0
     1/4
;
  A 1 1  5 3  5 -3 0 0
   1
    A 1 1  4 2  4 -2 0 0
     -3/2
    A 1 1  3 1  3 -1 0 0
     1/2
;
  A 1 1  5 3  5 -3 0 0
   1
    A 1 1  4 3  4 -3 0 0
     5/8-1/8*d
    A 1 1  4 2  4 -2 0 0
     -3/4
    A 1 1  3 2  3 -2 0 0
     -3/8
;
  A 1 1  5 3  5 -2 -1 0
   1
    A 1 1  4 2  4 -1 -1 0
     -5/4
    A 1 1  4 2  4 -2 0 0
     -1/4
    A 1 1  4 1  4 -1 0 0
     -1/4*s
    A 1 1  3 1  3 0 -1 0
     1/4
    A 1 1  3 1  3 -1 0 0
     1/4
;
  A 1 1  5 3  5 -2 -1 0
   1
    A 1 1  4 3  4 -2 -1 0
     5/8-1/8*d
    A 1 1  4 2  4 -1 -1 0
     -1/2
    A 1 1  4 2  4 -2 0 0
     -1/4+1/8*s
    A 1 1  3 2  3 -1 -1 0
     -1/4
    A 1 1  3 2  3 -2 0 0
     -1/8
;
  A 1 1  5 3  5 -2 -1 0
   1
    A 1 1  5 3  5 -3 0 0
     -1
    A 1 1  5 2  5 -2 0 0
     -s
    A 1 1  4 2  4 -1 -1 0
     -1/2
    A 1 1  4 2  4 -2 0 0
     1/2
;
  A 1 1  5 3  5 -2 0 -1
   1
    A 1 1  4 2  4 -1 0 -1
     -5/4
    A 1 1  4 2  4 -2 0 0
     -1/4
    A 1 1  4 1  4 -1 0 0
     -1/4+1/4*t
    A 1 1  3 1  3 0 0 -1
     1/4
    A 1 1  3 1  3 -1 0 0
     1/4
;
  A 1 1  5 3  5 -2 0 -1
   1
    A 1 1  4 3  4 -2 0 -1
     5/8-1/8*d
    A 1 1  4 2  4 -1 0 -1
     -1/2
    A 1 1  3 2  3 -1 0 -1
     -1/4
    A 1 1  3 2  3 -2 0 0
     -1/8
;
  A 1 1  5 3  5 -2 0 -1
   1
    A 1 1  5 2  5 -2 0 0
     -2
    A 1 1  4 2  4 -1 0 -1
     -1/2
    A 1 1  4 2  4 -2 0 0
     -1
    A 1 1  4 1  4 -1 0 0
     1/2+1/2*t
    A 1 1  3 1  3 -1 0 0
     1/2
;
  A 1 1  5 3  5 -1 -2 0
   1
    A 1 1  4 2  4 0 -2 0
     -1
    A 1 1  4 2  4 -1 -1 0
     -1/2
    A 1 1  4 1  4 0 -1 0
     -1/2*s
    A 1 1  3 1  3 0 -1 0
     1/2
;
  A 1 1  5 3  5 -1 -2 0
   1
    A 1 1  4 3  4 -1 -2 0
     5/8-1/8*d
    A 1 1  4 2  4 0 -2 0
     -1/4
    A 1 1  4 2  4 -1 -1 0
     -1/2+1/4*s
    A 1 1  3 2  3 0 -2 0
     -1/8
    A 1 1  3 2  3 -1 -1 0
     -1/4
;
  A 1 1  5 3  5 -1 -2 0
   1
    A 1 1  5 3  5 -2 -1 0
     -1
    A 1 1  5 2  5 -1 -1 0
     -s
    A 1 1  4 2  4 0 -2 0
     -1/4
    A 1 1  4 2  4 -2 0 0
     1/4
;
  A 1 1  5 3  5 -1 -1 -1
   1
    A 1 1  4 2  4 0 -1 -1
     -1
    A 1 1  4 2  4 -1 0 -1
     -1/4
    A 1 1  4 2  4 -1 -1 0
     -1/4
    A 1 1  4 1  4 0 0 -1
     -1/4*s
    A 1 1  4 1  4 0 -1 0
     -1/4+1/4*t
    A 1 1  3 1  3 0 0 -1
     1/4
    A 1 1  3 1  3 0 -1 0
     1/4
;
  A 1 1  5 3  5 -1 -1 -1
   1
    A 1 1  4 3  4 -1 -1 -1
     5/8-1/8*d
    A 1 1  4 2  4 0 -1 -1
     -1/4
    A 1 1  4 2  4 -1 0 -1
     -1/4+1/8*s
    A 1 1  3 2  3 0 -1 -1
     -1/8
    A 1 1  3 2  3 -1 0 -1
     -1/8
    A 1 1  3 2  3 -1 -1 0
     -1/8
;
  A 1 1  5 3  5 -1 -1 -1
   1
    A 1 1  5 2  5 -1 -1 0
     -2
    A 1 1  4 2  4 0 -1 -1
     -1/4
    A 1 1  4 2  4 -1 0 -1
     -1/4
    A 1 1  4 2  4 -1 -1 0
     -1
    A 1 1  4 1  4 0 -1 0
     1/4+1/4*t
    A 1 1  4 1  4 -1 0 0
     1/2-1/4*s
    A 1 1  3 1  3 0 -1 0
     1/4
    A 1 1  3 1  3 -1 0 0
     1/4
;
  A 1 1  5 3  5 -1 -1 -1
   1
    A 1 1  5 3  5 -2 0 -1
     -1
    A 1 1  5 2  5 -1 0 -1
     -s
    A 1 1  4 2  4 0 -1 -1
     -1/4
    A 1 1  4 2  4 -1 0 -1
     1/4
    A 1 1  4 2  4 -1 -1 0
     -1/4
    A 1 1  4 2  4 -2 0 0
     1/4
    A 1 1  4 1  4 -1 0 0
     1/4-1/4*t
;
  A 1 1  5 3  5 -1 0 -2
   1
    A 1 1  4 2  4 0 0 -2
     -1
    A 1 1  4 2  4 -1 0 -1
     -1/2
    A 1 1  4 1  4 0 0 -1
     -1/2+1/2*t
    A 1 1  3 1  3 0 0 -1
     1/2
;
  A 1 1  5 3  5 -1 0 -2
   1
    A 1 1  4 3  4 -1 0 -2
     5/8-1/8*d
    A 1 1  4 2  4 0 0 -2
     -1/4
    A 1 1  3 2  3 0 0 -2
     -1/8
    A 1 1  3 2  3 -1 0 -1
     -1/4
;
  A 1 1  5 3  5 -1 0 -2
   1
    A 1 1  5 2  5 -1 0 -1
     -2
    A 1 1  4 2  4 0 0 -2
     -1/4
    A 1 1  4 2  4 -1 0 -1
     -5/4
    A 1 1  4 1  4 0 0 -1
     1/4+1/4*t
    A 1 1  3 1  3 0 0 -1
     1/4
    A 1 1  3 1  3 -1 0 0
     1/4
;
  A 1 1  5 3  5 0 -3 0
   1
    A 1 1  4 3  4 0 -3 0
     5/8-1/8*d
    A 1 1  4 2  4 0 -2 0
     -3/4+3/8*s
    A 1 1  3 2  3 0 -2 0
     -3/8
;
  A 1 1  5 3  5 0 -3 0
   1
    A 1 1  5 3  5 -1 -2 0
     -1
    A 1 1  5 2  5 0 -2 0
     -s
    A 1 1  4 2  4 0 -2 0
     -1/2
    A 1 1  4 2  4 -1 -1 0
     1/2
;
  A 1 1  5 3  5 0 -2 -1
   1
    A 1 1  4 3  4 0 -2 -1
     5/8-1/8*d
    A 1 1  4 2  4 0 -1 -1
     -1/2+1/4*s
    A 1 1  3 2  3 0 -1 -1
     -1/4
    A 1 1  3 2  3 0 -2 0
     -1/8
;
  A 1 1  5 3  5 0 -2 -1
   1
    A 1 1  5 2  5 0 -2 0
     -2
    A 1 1  4 2  4 0 -1 -1
     -1/2
    A 1 1  4 2  4 0 -2 0
     -1
    A 1 1  4 1  4 0 -1 0
     1-1/2*s
    A 1 1  3 1  3 0 -1 0
     1/2
;
  A 1 1  5 3  5 0 -2 -1
   1
    A 1 1  5 3  5 -1 -1 -1
     -1
    A 1 1  5 2  5 0 -1 -1
     -s
    A 1 1  4 2  4 0 -1 -1
     -1/4
    A 1 1  4 2  4 0 -2 0
     -1/4
    A 1 1  4 2  4 -1 0 -1
     1/4
    A 1 1  4 2  4 -1 -1 0
     1/4
    A 1 1  4 1  4 0 -1 0
     1/4-1/4*t
;
  A 1 1  5 3  5 0 -1 -2
   1
    A 1 1  4 3  4 0 -1 -2
     5/8-1/8*d
    A 1 1  4 2  4 0 0 -2
     -1/4+1/8*s
    A 1 1  3 2  3 0 0 -2
     -1/8
    A 1 1  3 2  3 0 -1 -1
     -1/4
;
  A 1 1  5 3  5 0 -1 -2
   1
    A 1 1  5 2  5 0 -1 -1
     -2
    A 1 1  4 2  4 0 0 -2
     -1/4
    A 1 1  4 2  4 0 -1 -1
     -5/4
    A 1 1  4 1  4 0 0 -1
     1/2-1/4*s
    A 1 1  3 1  3 0 0 -1
     1/4
    A 1 1  3 1  3 0 -1 0
     1/4
;
  A 1 1  5 3  5 0 -1 -2
   1
    A 1 1  5 3  5 -1 0 -2
     -1
    A 1 1  5 2  5 0 0 -2
     -s
    A 1 1  4 2  4 0 -1 -1
     -1/2
    A 1 1  4 2  4 -1 0 -1
     1/2
    A 1 1  4 1  4 0 0 -1
     1/2-1/2*t
;
  A 1 1  5 3  5 0 0 -3
   1
    A 1 1  4 3  4 0 0 -3
     5/8-1/8*d
    A 1 1  3 2  3 0 0 -2
     -3/8
;
  A 1 1  5 3  5 0 0 -3
   1
    A 1 1  5 2  5 0 0 -2
     -2
    A 1 1  4 2  4 0 0 -2
     -3/2
    A 1 1  3 1  3 0 0 -1
     1/2
;
  A 1 1  5 4  5 -4 0 0
   1
    A 1 1  4 3  4 -3 0 0
     -7/4
    A 1 1  3 2  3 -2 0 0
     3/4
;
  A 1 1  5 4  5 -3 -1 0
   1
    A 1 1  4 3  4 -2 -1 0
     -3/2
    A 1 1  4 3  4 -3 0 0
     -1/4
    A 1 1  4 2  4 -2 0 0
     -1/4*s
    A 1 1  3 2  3 -1 -1 0
     1/2
    A 1 1  3 2  3 -2 0 0
     1/4
;
  A 1 1  5 4  5 -3 -1 0
   1
    A 1 1  5 4  5 -4 0 0
     -1
    A 1 1  5 3  5 -3 0 0
     -s
    A 1 1  4 3  4 -2 -1 0
     -3/4
    A 1 1  4 3  4 -3 0 0
     3/4
;
  A 1 1  5 4  5 -3 0 -1
   1
    A 1 1  4 3  4 -2 0 -1
     -3/2
    A 1 1  4 3  4 -3 0 0
     -1/4
    A 1 1  4 2  4 -2 0 0
     -1/4+1/4*t
    A 1 1  3 2  3 -1 0 -1
     1/2
    A 1 1  3 2  3 -2 0 0
     1/4
;
  A 1 1  5 4  5 -3 0 -1
   1
    A 1 1  5 3  5 -3 0 0
     -2
    A 1 1  4 3  4 -2 0 -1
     -3/4
    A 1 1  4 3  4 -3 0 0
     -1
    A 1 1  4 2  4 -2 0 0
     3/4+3/4*t
    A 1 1  3 2  3 -2 0 0
     3/4
;
  A 1 1  5 4  5 -2 -2 0
   1
    A 1 1  4 3  4 -1 -2 0
     -5/4
    A 1 1  4 3  4 -2 -1 0
     -1/2
    A 1 1  4 2  4 -1 -1 0
     -1/2*s
    A 1 1  3 2  3 0 -2 0
     1/4
    A 1 1  3 2  3 -1 -1 0
     1/2
;
  A 1 1  5 4  5 -2 -2 0
   1
    A 1 1  5 4  5 -3 -1 0
     -1
    A 1 1  5 3  5 -2 -1 0
     -s
    A 1 1  4 3  4 -1 -2 0
     -1/2
    A 1 1  4 3  4 -2 -1 0
     1/4
    A 1 1  4 3  4 -3 0 0
     1/4
;
  A 1 1  5 4  5 -2 -1 -1
   1
    A 1 1  4 3  4 -1 -1 -1
     -5/4
    A 1 1  4 3  4 -2 0 -1
     -1/4
    A 1 1  4 3  4 -2 -1 0
     -1/4
    A 1 1  4 2  4 -1 0 -1
     -1/4*s
    A 1 1  4 2  4 -1 -1 0
     -1/4+1/4*t
    A 1 1  3 2  3 0 -1 -1
     1/4
    A 1 1  3 2  3 -1 0 -1
     1/4
    A 1 1  3 2  3 -1 -1 0
     1/4
;
  A 1 1  5 4  5 -2 -1 -1
   1
    A 1 1  5 3  5 -2 -1 0
     -2
    A 1 1  4 3  4 -1 -1 -1
     -1/2
    A 1 1  4 3  4 -2 0 -1
     -1/4
    A 1 1  4 3  4 -2 -1 0
     -1
    A 1 1  4 2  4 -1 -1 0
     1/2+1/2*t
    A 1 1  4 2  4 -2 0 0
     1/2-1/4*s
    A 1 1  3 2  3 -1 -1 0
     1/2
    A 1 1  3 2  3 -2 0 0
     1/4
;
  A 1 1  5 4  5 -2 -1 -1
   1
    A 1 1  5 4  5 -3 0 -1
     -1
    A 1 1  5 3  5 -2 0 -1
     -s
    A 1 1  4 3  4 -1 -1 -1
     -1/2
    A 1 1  4 3  4 -2 0 -1
     1/2
    A 1 1  4 3  4 -2 -1 0
     -1/4
    A 1 1  4 3  4 -3 0 0
     1/4
    A 1 1  4 2  4 -2 0 0
     1/4-1/4*t
;
  A 1 1  5 4  5 -2 0 -2
   1
    A 1 1  4 3  4 -1 0 -2
     -5/4
    A 1 1  4 3  4 -2 0 -1
     -1/2
    A 1 1  4 2  4 -1 0 -1
     -1/2+1/2*t
    A 1 1  3 2  3 0 0 -2
     1/4
    A 1 1  3 2  3 -1 0 -1
     1/2
;
  A 1 1  5 4  5 -2 0 -2
   1
    A 1 1  5 3  5 -2 0 -1
     -2
    A 1 1  4 3  4 -1 0 -2
     -1/2
    A 1 1  4 3  4 -2 0 -1
     -5/4
    A 1 1  4 2  4 -1 0 -1
     1/2+1/2*t
    A 1 1  3 2  3 -1 0 -1
     1/2
    A 1 1  3 2  3 -2 0 0
     1/4
;
  A 1 1  5 4  5 -1 -3 0
   1
    A 1 1  4 3  4 0 -3 0
     -1
    A 1 1  4 3  4 -1 -2 0
     -3/4
    A 1 1  4 2  4 0 -2 0
     -3/4*s
    A 1 1  3 2  3 0 -2 0
     3/4
;
  A 1 1  5 4  5 -1 -3 0
   1
    A 1 1  5 4  5 -2 -2 0
     -1
    A 1 1  5 3  5 -1 -2 0
     -s
    A 1 1  4 3  4 0 -3 0
     -1/4
    A 1 1  4 3  4 -1 -2 0
     -1/4
    A 1 1  4 3  4 -2 -1 0
     1/2
;
  A 1 1  5 4  5 -1 -2 -1
   1
    A 1 1  4 3  4 0 -2 -1
     -1
    A 1 1  4 3  4 -1 -1 -1
     -1/2
    A 1 1  4 3  4 -1 -2 0
     -1/4
    A 1 1  4 2  4 0 -1 -1
     -1/2*s
    A 1 1  4 2  4 0 -2 0
     -1/4+1/4*t
    A 1 1  3 2  3 0 -1 -1
     1/2
    A 1 1  3 2  3 0 -2 0
     1/4
;
  A 1 1  5 4  5 -1 -2 -1
   1
    A 1 1  5 3  5 -1 -2 0
     -2
    A 1 1  4 3  4 0 -2 -1
     -1/4
    A 1 1  4 3  4 -1 -1 -1
     -1/2
    A 1 1  4 3  4 -1 -2 0
     -1
    A 1 1  4 2  4 0 -2 0
     1/4+1/4*t
    A 1 1  4 2  4 -1 -1 0
     1-1/2*s
    A 1 1  3 2  3 0 -2 0
     1/4
    A 1 1  3 2  3 -1 -1 0
     1/2
;
  A 1 1  5 4  5 -1 -2 -1
   1
    A 1 1  5 4  5 -2 -1 -1
     -1
    A 1 1  5 3  5 -1 -1 -1
     -s
    A 1 1  4 3  4 0 -2 -1
     -1/4
    A 1 1  4 3  4 -1 -2 0
     -1/4
    A 1 1  4 3  4 -2 0 -1
     1/4
    A 1 1  4 3  4 -2 -1 0
     1/4
    A 1 1  4 2  4 -1 -1 0
     1/4-1/4*t
;
  A 1 1  5 4  5 -1 -1 -2
   1
    A 1 1  4 3  4 0 -1 -2
     -1
    A 1 1  4 3  4 -1 0 -2
     -1/4
    A 1 1  4 3  4 -1 -1 -1
     -1/2
    A 1 1  4 2  4 0 0 -2
     -1/4*s
    A 1 1  4 2  4 0 -1 -1
     -1/2+1/2*t
    A 1 1  3 2  3 0 0 -2
     1/4
    A 1 1  3 2  3 0 -1 -1
     1/2
;
  A 1 1  5 4  5 -1 -1 -2
   1
    A 1 1  5 3  5 -1 -1 -1
     -2
    A 1 1  4 3  4 0 -1 -2
     -1/4
    A 1 1  4 3  4 -1 0 -2
     -1/4
    A 1 1  4 3  4 -1 -1 -1
     -5/4
    A 1 1  4 2  4 0 -1 -1
     1/4+1/4*t
    A 1 1  4 2  4 -1 0 -1
     1/2-1/4*s
    A 1 1  3 2  3 0 -1 -1
     1/4
    A 1 1  3 2  3 -1 0 -1
     1/4
    A 1 1  3 2  3 -1 -1 0
     1/4
;
  A 1 1  5 4  5 -1 -1 -2
   1
    A 1 1  5 4  5 -2 0 -2
     -1
    A 1 1  5 3  5 -1 0 -2
     -s
    A 1 1  4 3  4 0 -1 -2
     -1/4
    A 1 1  4 3  4 -1 0 -2
     1/4
    A 1 1  4 3  4 -1 -1 -1
     -1/2
    A 1 1  4 3  4 -2 0 -1
     1/2
    A 1 1  4 2  4 -1 0 -1
     1/2-1/2*t
;
  A 1 1  5 4  5 -1 0 -3
   1
    A 1 1  4 3  4 0 0 -3
     -1
    A 1 1  4 3  4 -1 0 -2
     -3/4
    A 1 1  4 2  4 0 0 -2
     -3/4+3/4*t
    A 1 1  3 2  3 0 0 -2
     3/4
;
  A 1 1  5 4  5 -1 0 -3
   1
    A 1 1  5 3  5 -1 0 -2
     -2
    A 1 1  4 3  4 0 0 -3
     -1/4
    A 1 1  4 3  4 -1 0 -2
     -3/2
    A 1 1  4 2  4 0 0 -2
     1/4+1/4*t
    A 1 1  3 2  3 0 0 -2
     1/4
    A 1 1  3 2  3 -1 0 -1
     1/2
;
  A 1 1  5 4  5 0 -4 0
   1
    A 1 1  5 4  5 -1 -3 0
     -1
    A 1 1  5 3  5 0 -3 0
     -s
    A 1 1  4 3  4 0 -3 0
     -3/4
    A 1 1  4 3  4 -1 -2 0
     3/4
;
  A 1 1  5 4  5 0 -3 -1
   1
    A 1 1  5 3  5 0 -3 0
     -2
    A 1 1  4 3  4 0 -2 -1
     -3/4
    A 1 1  4 3  4 0 -3 0
     -1
    A 1 1  4 2  4 0 -2 0
     3/2-3/4*s
    A 1 1  3 2  3 0 -2 0
     3/4
;
  A 1 1  5 4  5 0 -3 -1
   1
    A 1 1  5 4  5 -1 -2 -1
     -1
    A 1 1  5 3  5 0 -2 -1
     -s
    A 1 1  4 3  4 0 -2 -1
     -1/2
    A 1 1  4 3  4 0 -3 0
     -1/4
    A 1 1  4 3  4 -1 -1 -1
     1/2
    A 1 1  4 3  4 -1 -2 0
     1/4
    A 1 1  4 2  4 0 -2 0
     1/4-1/4*t
;
  A 1 1  5 4  5 0 -2 -2
   1
    A 1 1  5 3  5 0 -2 -1
     -2
    A 1 1  4 3  4 0 -1 -2
     -1/2
    A 1 1  4 3  4 0 -2 -1
     -5/4
    A 1 1  4 2  4 0 -1 -1
     1-1/2*s
    A 1 1  3 2  3 0 -1 -1
     1/2
    A 1 1  3 2  3 0 -2 0
     1/4
;
  A 1 1  5 4  5 0 -2 -2
   1
    A 1 1  5 4  5 -1 -1 -2
     -1
    A 1 1  5 3  5 0 -1 -2
     -s
    A 1 1  4 3  4 0 -1 -2
     -1/4
    A 1 1  4 3  4 0 -2 -1
     -1/2
    A 1 1  4 3  4 -1 0 -2
     1/4
    A 1 1  4 3  4 -1 -1 -1
     1/2
    A 1 1  4 2  4 0 -1 -1
     1/2-1/2*t
;
  A 1 1  5 4  5 0 -1 -3
   1
    A 1 1  5 3  5 0 -1 -2
     -2
    A 1 1  4 3  4 0 0 -3
     -1/4
    A 1 1  4 3  4 0 -1 -2
     -3/2
    A 1 1  4 2  4 0 0 -2
     1/2-1/4*s
    A 1 1  3 2  3 0 0 -2
     1/4
    A 1 1  3 2  3 0 -1 -1
     1/2
;
  A 1 1  5 4  5 0 -1 -3
   1
    A 1 1  5 4  5 -1 0 -3
     -1
    A 1 1  5 3  5 0 0 -3
     -s
    A 1 1  4 3  4 0 -1 -2
     -3/4
    A 1 1  4 3  4 -1 0 -2
     3/4
    A 1 1  4 2  4 0 0 -2
     3/4-3/4*t
;
  A 1 1  5 4  5 0 0 -4
   1
    A 1 1  5 3  5 0 0 -3
     -2
    A 1 1  4 3  4 0 0 -3
     -7/4
    A 1 1  3 2  3 0 0 -2
     3/4
;
