  C 2 12  2 1  -1 0 1 1
   1
    C 2 12  2 0  0 0 1 1
     1-1/2*s
;
  C 2 12  2 1  0 -1 1 1
   1
    C 2 12  2 0  0 0 1 1
     3/2-1/2*t
;
  C 2 12  2 2  -2 0 1 1
   1
    C 2 12  2 0  0 0 1 1
     -1/4*(-1+d)^(-1)*(-4+d*s^2+4*d-4*d*s)
;
  C 2 12  2 2  -1 -1 1 1
   1
    C 2 12  2 0  0 0 1 1
     -1/4*(-1+d)^(-1)*(-6+6*d-2*t*s-3*d*s+2*t+d*t*s-2*d*t+2*s)
;
  C 2 12  2 2  0 -2 1 1
   1
    C 2 12  2 0  0 0 1 1
     -1/4*(-1+d)^(-1)*(-8+9*d+4*t-6*d*t+d*t^2)
;
  C 2 12  2 3  -3 0 1 1
   1
    C 2 12  2 0  0 0 1 1
     1/8*(-8+6*d*s^2+8*d-d*s^3-12*d*s+12*s^2-2*s^3-12*s)*(-1+d)^(-1)
;
  C 2 12  2 3  -2 -1 1 1
   1
    C 2 12  2 0  0 0 1 1
     1/8*(-1+d)^(-1)*(-12+3*d*s^2+12*d+2*t*s^2-4*t*s-12*d*s+2*s^2+4*t+4*d*t*s-4*d*t-d*t*s^2-4*s)
;
  C 2 12  2 3  -1 -2 1 1
   1
    C 2 12  2 0  0 0 1 1
     1/8*(-1+d)^(-1)*(-16+18*d-8*t*s-9*d*s-d*t^2*s+8*t+6*d*t*s-12*d*t+2*t^2*s+2*d*t^2+2*s)
;
  C 2 12  2 3  0 -3 1 1
   1
    C 2 12  2 0  0 0 1 1
     1/8*(-1+d)^(-1)*(-18+27*d+6*t^2-2*t^3+6*t-27*d*t+9*d*t^2-d*t^3)
;
  C 2 12  3 0  0 0 2 1
   1
    C 2 12  2 0  0 0 1 1
     -3+d
;
  C 2 12  3 0  0 0 1 2
   1
    C 2 12  2 0  0 0 1 1
     -3+d
;
  C 2 12  3 1  -1 0 2 1
   1
    C 2 12  2 0  0 0 1 1
     1/2*(-2+s)*(-2+d)
;
  C 2 12  3 1  -1 0 1 2
   1
    C 2 12  2 0  0 0 1 1
     3-d+1/2*d*s-2*s
;
  C 2 12  3 1  0 -1 2 1
   1
    C 2 12  2 0  0 0 1 1
     4-3/2*d-2*t+1/2*d*t
;
  C 2 12  3 1  0 -1 1 2
   1
    C 2 12  2 0  0 0 1 1
     4-3/2*d-t+1/2*d*t
;
  C 2 12  3 2  -2 0 2 1
   1
    C 2 12  2 0  0 0 1 1
     -1+1/4*d*s^2+d-d*s
;
  C 2 12  3 2  -2 0 1 2
   1
    C 2 12  2 0  0 0 1 1
     -3+1/4*d*s^2+d-d*s-s^2+3*s
;
  C 2 12  3 2  -1 -1 2 1
   1
    C 2 12  2 0  0 0 1 1
     -5/2+3/2*d-t*s-3/4*d*s+3/2*t+1/4*d*t*s-1/2*d*t+s
;
  C 2 12  3 2  -1 -1 1 2
   1
    C 2 12  2 0  0 0 1 1
     -4+3/2*d-t*s-3/4*d*s+t+1/4*d*t*s-1/2*d*t+5/2*s
;
  C 2 12  3 2  0 -2 2 1
   1
    C 2 12  2 0  0 0 1 1
     -5+9/4*d-t^2+5*t-3/2*d*t+1/4*d*t^2
;
  C 2 12  3 2  0 -2 1 2
   1
    C 2 12  2 0  0 0 1 1
     -5+9/4*d+2*t-3/2*d*t+1/4*d*t^2
;
  C 2 12  3 3  -3 0 2 1
   1
    C 2 12  2 0  0 0 1 1
     1/8*(-2+s)*(-1+d)^(-1)*(2*d*s^2-4*d+4*d^2-8*d*s-4*d^2*s+d^2*s^2)
;
  C 2 12  3 3  -3 0 1 2
   1
    C 2 12  2 0  0 0 1 1
     1/8*(-1+d)^(-1)*(-24+18*d*s^2+32*d-4*d*s^3-8*d^2-36*d*s+12*d^2*s+d^2*s^3-6*d^2*s^2+24*s)
;
  C 2 12  3 3  -2 -1 2 1
   1
    C 2 12  2 0  0 0 1 1
     1/8*(-1+d)^(-1)*(-8+20*d+d^2*t*s^2+4*d^2*t-12*d^2-4*d^2*t*s-4*d*s+12*d^2*s+8*t+12*d*t*s-12*d*t-4*d*t*s^2-3*d^2*s^2)
;
  C 2 12  3 3  -2 -1 1 2
   1
    C 2 12  2 0  0 0 1 1
     1/8*(-32+12*d*s^2+44*d+d^2*t*s^2+8*t*s^2+4*d^2*t-12*d^2-16*t*s-4*d^2*t*s-40*d*s+12*d^2*s-8*s^2+8*t+16*d*t*s-12*d*t-6*d*t*s^2-3*d^2*s^2+32*s)*(-1+d)^(-1)
;
  C 2 12  3 3  -1 -2 2 1
   1
    C 2 12  2 0  0 0 1 1
     1/8*(-1+d)^(-1)*(-24+40*d-2*d^2*t^2+12*d^2*t-18*d^2-8*t^2-16*t*s-6*d^2*t*s-14*d*s-6*d*t^2*s+9*d^2*s+32*t+24*d*t*s-40*d*t+8*t^2*s+d^2*t^2*s+8*d*t^2+8*s)
;
  C 2 12  3 3  -1 -2 1 2
   1
    C 2 12  2 0  0 0 1 1
     1/8*(-1+d)^(-1)*(-40+58*d-2*d^2*t^2+12*d^2*t-18*d^2-16*t*s-6*d^2*t*s-32*d*s-4*d*t^2*s+9*d^2*s+16*t+24*d*t*s-28*d*t+d^2*t^2*s+2*d*t^2+24*s)
;
  C 2 12  3 3  0 -3 2 1
   1
    C 2 12  2 0  0 0 1 1
     1/8*(-1+d)^(-1)*(-48+72*d+d^2*t^3-9*d^2*t^2+27*d^2*t-27*d^2-24*t^2+72*t-96*d*t+36*d*t^2-4*d*t^3)
;
  C 2 12  3 3  0 -3 1 2
   1
    C 2 12  2 0  0 0 1 1
     1/8*(-1+d)^(-1)*(-48+72*d+d^2*t^3-9*d^2*t^2+27*d^2*t-27*d^2+24*t-42*d*t+2*d*t^3)
;
  C 2 12  3 4  -4 0 2 1
   1
    C 2 12  2 0  0 0 1 1
     1/16*(-16+120*d*s^2+d^2*s^4-48*d*s^3+8*s^4+16*d^2-96*d*s-32*d^2*s+144*s^2-64*s^3+6*d*s^4-8*d^2*s^3+24*d^2*s^2-64*s)*(-1+d)^(-1)
;
  C 2 12  3 4  -4 0 1 2
   1
    C 2 12  2 0  0 0 1 1
     -1/16*(-1+d)^(-1)*(-48+24*d*s^2+64*d-d^2*s^4-8*d*s^3+8*s^4-16*d^2-64*d*s+32*d^2*s+48*s^2-48*s^3+2*d*s^4+8*d^2*s^3-24*d^2*s^2+32*s)
;
  C 2 12  3 4  -3 -1 2 1
   1
    C 2 12  2 0  0 0 1 1
     -1/16*(-1+d)^(-1)*(8+8*t*s^3-d^2*t*s^3-54*d*s^2+16*d+6*d^2*t*s^2-36*t*s^2+10*d*s^3+8*d^2*t-24*d^2+24*t*s-12*d^2*t*s+60*d*s+36*d^2*s-36*s^2+8*t+12*d*t*s-16*d*t+8*s^3+2*d*t*s^3+3*d^2*s^3-6*d*t*s^2-18*d^2*s^2+24*s)
;
  C 2 12  3 4  -3 -1 1 2
   1
    C 2 12  2 0  0 0 1 1
     1/16*(64+8*t*s^3+d^2*t*s^3-36*d*s^2-88*d-6*d^2*t*s^2-24*t*s^2+8*d*s^3-8*d^2*t+24*d^2+48*t*s+12*d^2*t*s+84*d*s-36*d^2*s-16*t-36*d*t*s+24*d*t+4*s^3-6*d*t*s^3-3*d^2*s^3+24*d*t*s^2+18*d^2*s^2-72*s)*(-1+d)^(-1)
;
  C 2 12  3 4  -2 -2 2 1
   1
    C 2 12  2 0  0 0 1 1
     -1/16*(-16+6*d*t^2*s^2-10*d*s^2+44*d+6*d^2*t*s^2-8*t*s^2-4*d^2*t^2+24*d^2*t-36*d^2-16*t^2-24*d^2*t*s+16*d*s-16*d*t^2*s+36*d^2*s-8*s^2+48*t+48*d*t*s-56*d*t+16*t^2*s+4*d^2*t^2*s-d^2*t^2*s^2-8*t^2*s^2+12*d*t^2-16*d*t*s^2-9*d^2*s^2+16*s)*(-1+d)^(-1)
;
  C 2 12  3 4  -2 -2 1 2
   1
    C 2 12  2 0  0 0 1 1
     -1/16*(-1+d)^(-1)*(-80+6*d*t^2*s^2+26*d*s^2+116*d+6*d^2*t*s^2+32*t*s^2-4*d^2*t^2+24*d^2*t-36*d^2-80*t*s-24*d^2*t*s-92*d*s-12*d*t^2*s+36*d^2*s-16*s^2+32*t+72*d*t*s-56*d*t+8*t^2*s+4*d^2*t^2*s-d^2*t^2*s^2-8*t^2*s^2+4*d*t^2-28*d*t*s^2-9*d^2*s^2+88*s)
;
  C 2 12  3 4  -1 -3 2 1
   1
    C 2 12  2 0  0 0 1 1
     -1/16*(-1+d)^(-1)*(-60+90*d+2*d^2*t^3+6*d*t^3*s-18*d^2*t^2+54*d^2*t-54*d^2-60*t^2-48*t*s-27*d^2*t*s-18*d*s-42*d*t^2*s+4*t^3+27*d^2*s+132*t+78*d*t*s-138*d*t+48*t^2*s+9*d^2*t^2*s+54*d*t^2-d^2*t^3*s-8*t^3*s+24*s-6*d*t^3)
;
  C 2 12  3 4  -1 -3 1 2
   1
    C 2 12  2 0  0 0 1 1
     -1/16*(-1+d)^(-1)*(-96+144*d+2*d^2*t^3+2*d*t^3*s-18*d^2*t^2+54*d^2*t-54*d^2-48*t*s-27*d^2*t*s-72*d*s-24*d*t^2*s+27*d^2*s+48*t+78*d*t*s-84*d*t-12*t^2*s+9*d^2*t^2*s-d^2*t^3*s+8*t^3*s+60*s+4*d*t^3)
;
  C 2 12  3 4  0 -4 2 1
   1
    C 2 12  2 0  0 0 1 1
     -1/16*(-1+d)^(-1)*(-120+2*d*t^4+162*d+12*d^2*t^3-54*d^2*t^2+108*d^2*t-81*d^2-96*t^2-16*t^3+8*t^4+240*t-288*d*t+156*d*t^2-d^2*t^4-32*d*t^3)
;
  C 2 12  3 4  0 -4 1 2
   1
    C 2 12  2 0  0 0 1 1
     1/16*(120+6*d*t^4-162*d-12*d^2*t^3+54*d^2*t^2-108*d^2*t+81*d^2+48*t^2-32*t^3+8*t^4-96*t+72*d*t+60*d*t^2+d^2*t^4-40*d*t^3)*(-1+d)^(-1)
;
  C 2 12  4 0  0 0 3 1
   1
    C 2 12  2 0  0 0 1 1
     -6+7/2*d-1/2*d^2
;
  C 2 12  4 0  0 0 2 2
   1
    C 2 12  2 0  0 0 1 1
     -18+9*d-d^2
;
  C 2 12  4 0  0 0 1 3
   1
    C 2 12  2 0  0 0 1 1
     -6+7/2*d-1/2*d^2
;
  C 2 12  4 1  -1 0 3 1
   1
    C 2 12  2 0  0 0 1 1
     3-5/2*d+1/2*d^2+5/4*d*s-1/4*d^2*s-3/2*s
;
  C 2 12  4 1  -1 0 2 2
   1
    C 2 12  2 0  0 0 1 1
     15-8*d+d^2+9/2*d*s-1/2*d^2*s-9*s
;
  C 2 12  4 1  -1 0 1 3
   1
    C 2 12  2 0  0 0 1 1
     6-7/2*d+1/2*d^2+9/4*d*s-1/4*d^2*s-9/2*s
;
  C 2 12  4 1  0 -1 3 1
   1
    C 2 12  2 0  0 0 1 1
     15/2-19/4*d-1/4*d^2*t+3/4*d^2-9/2*t+9/4*d*t
;
  C 2 12  4 1  0 -1 2 2
   1
    C 2 12  2 0  0 0 1 1
     24-25/2*d-1/2*d^2*t+3/2*d^2-9*t+9/2*d*t
;
  C 2 12  4 1  0 -1 1 3
   1
    C 2 12  2 0  0 0 1 1
     15/2-19/4*d-1/4*d^2*t+3/4*d^2-3/2*t+5/4*d*t
;
  C 2 12  4 2  -2 0 3 1
   1
    C 2 12  2 0  0 0 1 1
     -1+1/4*d*s^2+3/2*d-1/2*d^2-d*s+1/2*d^2*s-1/8*d^2*s^2
;
  C 2 12  4 2  -2 0 2 2
   1
    C 2 12  2 0  0 0 1 1
     -12+2*d*s^2+7*d-d^2-7*d*s+d^2*s-3*s^2-1/4*d^2*s^2+10*s
;
  C 2 12  4 2  -2 0 1 3
   1
    C 2 12  2 0  0 0 1 1
     -6+5/4*d*s^2+7/2*d-1/2*d^2-4*d*s+1/2*d^2*s-3*s^2-1/8*d^2*s^2+8*s
;
  C 2 12  4 2  -1 -1 3 1
   1
    C 2 12  2 0  0 0 1 1
     -7/2+13/4*d+1/4*d^2*t-3/4*d^2-3/2*t*s-1/8*d^2*t*s-3/2*d*s+3/8*d^2*s+5/2*t+d*t*s-7/4*d*t+3/2*s
;
  C 2 12  4 2  -1 -1 2 2
   1
    C 2 12  2 0  0 0 1 1
     -20+11*d+1/2*d^2*t-3/2*d^2-6*t*s-1/4*d^2*t*s-6*d*s+3/4*d^2*s+8*t+5/2*d*t*s-4*d*t+11*s
;
  C 2 12  4 2  -1 -1 1 3
   1
    C 2 12  2 0  0 0 1 1
     -15/2+19/4*d+1/4*d^2*t-3/4*d^2-3/2*t*s-1/8*d^2*t*s-3*d*s+3/8*d^2*s+3/2*t+d*t*s-5/4*d*t+11/2*s
;
  C 2 12  4 2  0 -2 3 1
   1
    C 2 12  2 0  0 0 1 1
     -9+25/4*d-1/8*d^2*t^2+3/4*d^2*t-9/8*d^2-3*t^2+11*t-6*d*t+5/4*d*t^2
;
  C 2 12  4 2  0 -2 2 2
   1
    C 2 12  2 0  0 0 1 1
     -31+17*d-1/4*d^2*t^2+3/2*d^2*t-9/4*d^2-3*t^2+22*t-12*d*t+2*d*t^2
;
  C 2 12  4 2  0 -2 1 3
   1
    C 2 12  2 0  0 0 1 1
     -9+25/4*d-1/8*d^2*t^2+3/4*d^2*t-9/8*d^2+3*t-3*d*t+1/4*d*t^2
;
  C 2 12  4 3  -3 0 3 1
   1
    C 2 12  2 0  0 0 1 1
     3/4*d*s^2-1/2*d-1/8*d*s^3+1/2*d^2-3/4*d*s-3/4*d^2*s-1/16*d^2*s^3+3/8*d^2*s^2
;
  C 2 12  4 3  -3 0 2 2
   1
    C 2 12  2 0  0 0 1 1
     9-15/4*d*s^2-6*d+3/4*d*s^3+d^2+15/2*d*s-3/2*d^2*s-1/8*d^2*s^3+3/4*d^2*s^2-6*s
;
  C 2 12  4 3  -3 0 1 3
   1
    C 2 12  2 0  0 0 1 1
     6-3*d*s^2-7/2*d+5/8*d*s^3+1/2*d^2+21/4*d*s-3/4*d^2*s+6*s^2-3/2*s^3-1/16*d^2*s^3+3/8*d^2*s^2-21/2*s
;
  C 2 12  4 3  -2 -1 3 1
   1
    C 2 12  2 0  0 0 1 1
     1-1/8*d*s^2-7/4*d-1/16*d^2*t*s^2-1/4*d^2*t+3/4*d^2+1/4*d^2*t*s+3/4*d*s-3/4*d^2*s-t-5/4*d*t*s+5/4*d*t+3/8*d*t*s^2+3/16*d^2*s^2
;
  C 2 12  4 3  -2 -1 2 2
   1
    C 2 12  2 0  0 0 1 1
     16-5/2*d*s^2-19/2*d-1/8*d^2*t*s^2-3*t*s^2-1/2*d^2*t+3/2*d^2+8*t*s+1/2*d^2*t*s+9*d*s-3/2*d^2*s+3*s^2-7*t-4*d*t*s+7/2*d*t+5/4*d*t*s^2+3/8*d^2*s^2-12*s
;
  C 2 12  4 3  -2 -1 1 3
   1
    C 2 12  2 0  0 0 1 1
     15/2-13/8*d*s^2-19/4*d-1/16*d^2*t*s^2-3/2*t*s^2-1/4*d^2*t+3/4*d^2+3*t*s+1/4*d^2*t*s+21/4*d*s-3/4*d^2*s+7/2*s^2-3/2*t-7/4*d*t*s+5/4*d*t+5/8*d*t*s^2+3/16*d^2*s^2-10*s
;
  C 2 12  4 3  -1 -2 3 1
   1
    C 2 12  2 0  0 0 1 1
     4-4*d+1/8*d^2*t^2-3/4*d^2*t+9/8*d^2+2*t^2+3*t*s+3/8*d^2*t*s+13/8*d*s+5/8*d*t^2*s-9/16*d^2*s-6*t-5/2*d*t*s+9/2*d*t-3/2*t^2*s-1/16*d^2*t^2*s-d*t^2-3/2*s
;
  C 2 12  4 3  -1 -2 2 2
   1
    C 2 12  2 0  0 0 1 1
     26-59/4*d+1/4*d^2*t^2-3/2*d^2*t+9/4*d^2+3*t^2+14*t*s+3/4*d^2*t*s+31/4*d*s+5/4*d*t^2*s-9/8*d^2*s-20*t-13/2*d*t*s+21/2*d*t-3*t^2*s-1/8*d^2*t^2*s-7/4*d*t^2-13*s
;
  C 2 12  4 3  -1 -2 1 3
   1
    C 2 12  2 0  0 0 1 1
     9-25/4*d+1/8*d^2*t^2-3/4*d^2*t+9/8*d^2+3*t*s+3/8*d^2*t*s+31/8*d*s+3/8*d*t^2*s-9/16*d^2*s-3*t-5/2*d*t*s+3*d*t-1/16*d^2*t^2*s-1/4*d*t^2-13/2*s
;
  C 2 12  4 3  0 -3 3 1
   1
    C 2 12  2 0  0 0 1 1
     21/2-63/8*d-1/16*d^2*t^3+9/16*d^2*t^2-27/16*d^2*t+27/16*d^2+21/2*t^2-3/2*t^3-39/2*t+93/8*d*t-39/8*d*t^2+5/8*d*t^3
;
  C 2 12  4 3  0 -3 2 2
   1
    C 2 12  2 0  0 0 1 1
     39-45/2*d-1/8*d^2*t^3+9/8*d^2*t^2-27/8*d^2*t+27/8*d^2+9*t^2-39*t+93/4*d*t-15/2*d*t^2+3/4*d*t^3
;
  C 2 12  4 3  0 -3 1 3
   1
    C 2 12  2 0  0 0 1 1
     21/2-63/8*d-1/16*d^2*t^3+9/16*d^2*t^2-27/16*d^2*t+27/16*d^2-9/2*t+39/8*d*t-3/8*d*t^2-1/8*d*t^3
;
  C 2 12  4 4  -4 0 2 2
   1
    C 2 12  4 4  -4 0 3 1
     2
    C 2 12  4 3  -3 0 3 1
     2-2*s
    C 2 12  3 3  -3 0 2 1
     -3-d
    C 2 12  3 2  -2 0 2 1
     -6
;
  C 2 12  4 4  -4 0 2 2
   1
    C 2 12  4 4  -4 0 3 1
     2
    C 2 12  4 3  -3 0 3 1
     4-2*s
    C 2 12  3 3  -3 0 2 1
     -4
    C 2 12  3 2  -2 0 2 1
     -6
;
  C 2 12  4 4  -4 0 1 3
   1
    C 2 12  4 4  -4 0 2 2
     1/2
    C 2 12  4 3  -3 0 2 2
     1/2-1/2*s
    C 2 12  3 3  -3 0 1 2
     -3/2-1/2*d
    C 2 12  3 2  -2 0 1 2
     -3
;
  C 2 12  4 4  -4 0 1 3
   1
    C 2 12  4 4  -4 0 2 2
     1/2
    C 2 12  4 3  -3 0 2 2
     1-1/2*s
    C 2 12  3 3  -3 0 1 2
     -5/2
    C 2 12  3 3  -3 0 2 1
     -1/2
    C 2 12  3 2  -2 0 1 2
     -3
    C 2 12  2 2  -2 0 1 1
     3/2
;
  C 2 12  4 4  -3 -1 2 2
   1
    C 2 12  4 4  -3 -1 3 1
     2
    C 2 12  4 3  -3 0 2 2
     2-t
    C 2 12  4 3  -3 0 3 1
     2
    C 2 12  3 3  -2 -1 2 1
     -3
    C 2 12  3 3  -3 0 1 2
     -1
    C 2 12  3 3  -3 0 2 1
     -2
    C 2 12  3 2  -2 0 2 1
     -3-3*s
    C 2 12  2 2  -2 0 1 1
     3
;
  C 2 12  4 4  -3 -1 2 2
   1
    C 2 12  4 4  -3 -1 3 1
     2
    C 2 12  4 3  -2 -1 3 1
     2-2*s
    C 2 12  3 3  -2 -1 2 1
     -2-d
    C 2 12  3 3  -3 0 2 1
     -1
    C 2 12  3 2  -1 -1 2 1
     -4
    C 2 12  3 2  -2 0 2 1
     -2
;
  C 2 12  4 4  -3 -1 2 2
   1
    C 2 12  4 4  -3 -1 3 1
     2
    C 2 12  4 3  -2 -1 3 1
     4-2*s
    C 2 12  3 3  -2 -1 2 1
     -3
    C 2 12  3 3  -3 0 2 1
     -1
    C 2 12  3 2  -1 -1 2 1
     -4
    C 2 12  3 2  -2 0 2 1
     -1-t
;
  C 2 12  4 4  -3 -1 2 2
   1
    C 2 12  4 4  -3 -1 3 1
     s
    C 2 12  4 4  -4 0 2 2
     -1/2-1/2*t
    C 2 12  4 3  -3 0 2 2
     1-t
    C 2 12  4 3  -3 0 3 1
     2*s
    C 2 12  3 3  -3 0 2 1
     -1/2+1/2*t
;
  C 2 12  4 4  -3 -1 2 2
   1
    C 2 12  4 4  -3 -1 3 1
     4
    C 2 12  4 4  -4 0 2 2
     -(-1+t+s)*s^(-1)
    C 2 12  4 4  -4 0 3 1
     -2
    C 2 12  4 3  -3 0 2 2
     -(-1+t*s+t-s)*s^(-1)
    C 2 12  4 3  -3 0 3 1
     2+2*s
    C 2 12  3 3  -3 0 1 2
     (-1+t)*s^(-1)
    C 2 12  3 3  -3 0 2 1
     -2
;
  C 2 12  4 4  -3 -1 2 2
   1
    C 2 12  4 4  -3 -1 3 1
     s
    C 2 12  4 4  -4 0 2 2
     1/2-1/2*t-1/2*s
    C 2 12  4 4  -4 0 3 1
     -s
    C 2 12  4 3  -3 0 2 2
     2-t
    C 2 12  4 3  -3 0 3 1
     s^2-s
    C 2 12  3 3  -3 0 1 2
     -1
    C 2 12  3 3  -3 0 2 1
     -1/2+1/2*t-1/2*s
;
  C 2 12  4 4  -3 -1 2 2
   1
    C 2 12  4 4  -3 -1 3 1
     2
    C 2 12  4 4  -4 0 2 2
     -1
    C 2 12  4 4  -4 0 3 1
     -2
    C 2 12  4 3  -3 0 2 2
     1-t
    C 2 12  4 3  -3 0 3 1
     2*s
    C 2 12  3 3  -2 -1 2 1
     -3
    C 2 12  3 3  -3 0 2 1
     3
;
  C 2 12  4 4  -3 -1 1 3
   1
    C 2 12  4 4  -3 -1 2 2
     1/2
    C 2 12  4 3  -3 0 1 3
     2-t
    C 2 12  4 3  -3 0 2 2
     1/2
    C 2 12  3 3  -2 -1 1 2
     -3/2
    C 2 12  3 3  -3 0 1 2
     -1/2
    C 2 12  3 2  -2 0 1 2
     -3/2-3/2*s
;
  C 2 12  4 4  -3 -1 1 3
   1
    C 2 12  4 4  -3 -1 2 2
     1/2
    C 2 12  4 3  -2 -1 2 2
     1/2-1/2*s
    C 2 12  3 3  -2 -1 1 2
     -1-1/2*d
    C 2 12  3 3  -3 0 1 2
     -1/2
    C 2 12  3 2  -1 -1 1 2
     -2
    C 2 12  3 2  -2 0 1 2
     -1
;
  C 2 12  4 4  -3 -1 1 3
   1
    C 2 12  4 4  -3 -1 2 2
     1/2
    C 2 12  4 3  -2 -1 2 2
     1-1/2*s
    C 2 12  3 3  -2 -1 1 2
     -2
    C 2 12  3 3  -2 -1 2 1
     -1/2
    C 2 12  3 3  -3 0 1 2
     -1/2
    C 2 12  3 2  -1 -1 1 2
     -2
    C 2 12  3 2  -2 0 1 2
     -1/2-1/2*t
    C 2 12  2 2  -1 -1 1 1
     1
    C 2 12  2 2  -2 0 1 1
     1/2
;
  C 2 12  4 4  -3 -1 1 3
   1
    C 2 12  4 4  -3 -1 2 2
     1/4*s
    C 2 12  4 4  -4 0 1 3
     -1/2-1/2*t
    C 2 12  4 3  -3 0 1 3
     1-t
    C 2 12  4 3  -3 0 2 2
     1/2*s
    C 2 12  3 3  -3 0 1 2
     -1/2+1/2*t
    C 2 12  3 3  -3 0 2 1
     -1/4*s
;
  C 2 12  4 4  -3 -1 1 3
   1
    C 2 12  4 4  -3 -1 2 2
     1
    C 2 12  4 4  -4 0 1 3
     -(-1+t+s)*s^(-1)
    C 2 12  4 4  -4 0 2 2
     -1/2
    C 2 12  4 3  -3 0 1 3
     -(-1+t*s+t-s)*s^(-1)
    C 2 12  4 3  -3 0 2 2
     1/2+1/2*s
    C 2 12  3 3  -3 0 1 2
     -1/2
;
  C 2 12  4 4  -3 -1 1 3
   1
    C 2 12  4 4  -3 -1 2 2
     1/4*s
    C 2 12  4 4  -4 0 1 3
     1/2-1/2*t-1/2*s
    C 2 12  4 4  -4 0 2 2
     -1/4*s
    C 2 12  4 3  -3 0 1 3
     2-t
    C 2 12  4 3  -3 0 2 2
     1/4*s^2-1/4*s
    C 2 12  3 3  -3 0 1 2
     -1/2+1/2*t+1/4*s
    C 2 12  3 3  -3 0 2 1
     1/4*s
;
  C 2 12  4 4  -3 -1 1 3
   1
    C 2 12  4 4  -3 -1 2 2
     1/2
    C 2 12  4 4  -4 0 1 3
     -1
    C 2 12  4 4  -4 0 2 2
     -1/2
    C 2 12  4 3  -3 0 1 3
     1-t
    C 2 12  4 3  -3 0 2 2
     1/2*s
    C 2 12  3 3  -2 -1 1 2
     -3/2
    C 2 12  3 3  -3 0 1 2
     3/2
;
  C 2 12  4 4  -2 -2 2 2
   1
    C 2 12  4 4  -2 -2 3 1
     2
    C 2 12  4 3  -2 -1 2 2
     2-t
    C 2 12  4 3  -2 -1 3 1
     2
    C 2 12  3 3  -1 -2 2 1
     -2
    C 2 12  3 3  -2 -1 1 2
     -1
    C 2 12  3 3  -2 -1 2 1
     -3
    C 2 12  3 2  -1 -1 2 1
     -2-2*s
    C 2 12  3 2  -2 0 2 1
     -1
    C 2 12  2 2  -1 -1 1 1
     2
    C 2 12  2 2  -2 0 1 1
     1
;
  C 2 12  4 4  -2 -2 2 2
   1
    C 2 12  4 4  -2 -2 3 1
     2
    C 2 12  4 3  -1 -2 3 1
     2-2*s
    C 2 12  3 3  -1 -2 2 1
     -1-d
    C 2 12  3 3  -2 -1 2 1
     -2
    C 2 12  3 2  0 -2 2 1
     -2
    C 2 12  3 2  -1 -1 2 1
     -4
;
  C 2 12  4 4  -2 -2 2 2
   1
    C 2 12  4 4  -2 -2 3 1
     2
    C 2 12  4 3  -1 -2 3 1
     4-2*s
    C 2 12  3 3  -1 -2 2 1
     -2
    C 2 12  3 3  -2 -1 2 1
     -2
    C 2 12  3 2  0 -2 2 1
     -2
    C 2 12  3 2  -1 -1 2 1
     -2-2*t
;
  C 2 12  4 4  -2 -2 2 2
   1
    C 2 12  4 4  -2 -2 3 1
     s
    C 2 12  4 4  -3 -1 2 2
     -1/2-1/2*t
    C 2 12  4 3  -2 -1 2 2
     1-t
    C 2 12  4 3  -2 -1 3 1
     2*s
    C 2 12  3 3  -2 -1 2 1
     -1+t
    C 2 12  3 3  -3 0 2 1
     1/2-1/2*t
;
  C 2 12  4 4  -2 -2 2 2
   1
    C 2 12  4 4  -2 -2 3 1
     4
    C 2 12  4 4  -3 -1 2 2
     -(-1+t+s)*s^(-1)
    C 2 12  4 4  -3 -1 3 1
     -2
    C 2 12  4 3  -2 -1 2 2
     -(-1+t*s+t-s)*s^(-1)
    C 2 12  4 3  -2 -1 3 1
     2+2*s
    C 2 12  3 3  -2 -1 1 2
     (-1+t)*s^(-1)
    C 2 12  3 3  -2 -1 2 1
     -3
    C 2 12  3 3  -3 0 2 1
     1
;
  C 2 12  4 4  -2 -2 2 2
   1
    C 2 12  4 4  -2 -2 3 1
     s
    C 2 12  4 4  -3 -1 2 2
     1/2-1/2*t-1/2*s
    C 2 12  4 4  -3 -1 3 1
     -s
    C 2 12  4 3  -2 -1 2 2
     2-t
    C 2 12  4 3  -2 -1 3 1
     s^2-s
    C 2 12  3 3  -2 -1 1 2
     -1
    C 2 12  3 3  -2 -1 2 1
     -1+t-1/2*s
    C 2 12  3 3  -3 0 2 1
     1/2*s
    C 2 12  3 2  -2 0 2 1
     -1/2+1/2*t*s+1/2*t+1/2*s
    C 2 12  2 2  -2 0 1 1
     1/2-1/2*t
;
  C 2 12  4 4  -2 -2 2 2
   1
    C 2 12  4 4  -2 -2 3 1
     2
    C 2 12  4 4  -3 -1 2 2
     -1
    C 2 12  4 4  -3 -1 3 1
     -2
    C 2 12  4 3  -2 -1 2 2
     1-t
    C 2 12  4 3  -2 -1 3 1
     2*s
    C 2 12  3 3  -1 -2 2 1
     -2
    C 2 12  3 3  -2 -1 2 1
     1
    C 2 12  3 3  -3 0 2 1
     1
;
  C 2 12  4 4  -2 -2 1 3
   1
    C 2 12  4 4  -2 -2 2 2
     1/2
    C 2 12  4 3  -2 -1 1 3
     2-t
    C 2 12  4 3  -2 -1 2 2
     1/2
    C 2 12  3 3  -1 -2 1 2
     -1
    C 2 12  3 3  -2 -1 1 2
     -1
    C 2 12  3 2  -1 -1 1 2
     -1-s
    C 2 12  3 2  -2 0 1 2
     -1/2
;
  C 2 12  4 4  -2 -2 1 3
   1
    C 2 12  4 4  -2 -2 2 2
     1/2
    C 2 12  4 3  -1 -2 2 2
     1/2-1/2*s
    C 2 12  3 3  -1 -2 1 2
     -1/2-1/2*d
    C 2 12  3 3  -2 -1 1 2
     -1
    C 2 12  3 2  0 -2 1 2
     -1
    C 2 12  3 2  -1 -1 1 2
     -2
;
  C 2 12  4 4  -2 -2 1 3
   1
    C 2 12  4 4  -2 -2 2 2
     1/2
    C 2 12  4 3  -1 -2 2 2
     1-1/2*s
    C 2 12  3 3  -1 -2 1 2
     -3/2
    C 2 12  3 3  -1 -2 2 1
     -1/2
    C 2 12  3 3  -2 -1 1 2
     -1
    C 2 12  3 2  0 -2 1 2
     -1
    C 2 12  3 2  -1 -1 1 2
     -1-t
    C 2 12  2 2  0 -2 1 1
     1/2
    C 2 12  2 2  -1 -1 1 1
     1
;
  C 2 12  4 4  -2 -2 1 3
   1
    C 2 12  4 4  -2 -2 2 2
     1/4*s
    C 2 12  4 4  -3 -1 1 3
     -1/2-1/2*t
    C 2 12  4 3  -2 -1 1 3
     1-t
    C 2 12  4 3  -2 -1 2 2
     1/2*s
    C 2 12  3 3  -2 -1 1 2
     -3/4+3/4*t
    C 2 12  3 3  -2 -1 2 1
     -1/4*s
    C 2 12  3 3  -3 0 1 2
     1/4-1/4*t
;
  C 2 12  4 4  -2 -2 1 3
   1
    C 2 12  4 4  -2 -2 2 2
     1
    C 2 12  4 4  -3 -1 1 3
     -(-1+t+s)*s^(-1)
    C 2 12  4 4  -3 -1 2 2
     -1/2
    C 2 12  4 3  -2 -1 1 3
     -(-1+t*s+t-s)*s^(-1)
    C 2 12  4 3  -2 -1 2 2
     1/2+1/2*s
    C 2 12  3 3  -2 -1 1 2
     -1
    C 2 12  3 3  -3 0 1 2
     1/2
;
  C 2 12  4 4  -2 -2 1 3
   1
    C 2 12  4 4  -2 -2 2 2
     1/4*s
    C 2 12  4 4  -3 -1 1 3
     1/2-1/2*t-1/2*s
    C 2 12  4 4  -3 -1 2 2
     -1/4*s
    C 2 12  4 3  -2 -1 1 3
     2-t
    C 2 12  4 3  -2 -1 2 2
     1/4*s^2-1/4*s
    C 2 12  3 3  -2 -1 1 2
     -3/4+3/4*t+1/4*s
    C 2 12  3 3  -2 -1 2 1
     1/4*s
    C 2 12  3 3  -3 0 1 2
     1/4*s
    C 2 12  3 2  -2 0 1 2
     -1/4+1/4*t*s+1/4*t+1/4*s
    C 2 12  2 2  -2 0 1 1
     -1/4*s
;
  C 2 12  4 4  -2 -2 1 3
   1
    C 2 12  4 4  -2 -2 2 2
     1/2
    C 2 12  4 4  -3 -1 1 3
     -1
    C 2 12  4 4  -3 -1 2 2
     -1/2
    C 2 12  4 3  -2 -1 1 3
     1-t
    C 2 12  4 3  -2 -1 2 2
     1/2*s
    C 2 12  3 3  -1 -2 1 2
     -1
    C 2 12  3 3  -2 -1 1 2
     1/2
    C 2 12  3 3  -3 0 1 2
     1/2
;
  C 2 12  4 4  -1 -3 2 2
   1
    C 2 12  4 4  -1 -3 3 1
     2
    C 2 12  4 3  -1 -2 2 2
     2-t
    C 2 12  4 3  -1 -2 3 1
     2
    C 2 12  3 3  0 -3 2 1
     -1
    C 2 12  3 3  -1 -2 1 2
     -1
    C 2 12  3 3  -1 -2 2 1
     -4
    C 2 12  3 2  0 -2 2 1
     -1-s
    C 2 12  3 2  -1 -1 2 1
     -2
    C 2 12  2 2  0 -2 1 1
     1
    C 2 12  2 2  -1 -1 1 1
     2
;
  C 2 12  4 4  -1 -3 2 2
   1
    C 2 12  4 4  -1 -3 3 1
     2
    C 2 12  4 3  0 -3 3 1
     2-2*s
    C 2 12  3 3  0 -3 2 1
     -d
    C 2 12  3 3  -1 -2 2 1
     -3
    C 2 12  3 2  0 -2 2 1
     -6
;
  C 2 12  4 4  -1 -3 2 2
   1
    C 2 12  4 4  -1 -3 3 1
     2
    C 2 12  4 3  0 -3 3 1
     4-2*s
    C 2 12  3 3  0 -3 2 1
     -1
    C 2 12  3 3  -1 -2 2 1
     -3
    C 2 12  3 2  0 -2 2 1
     -3-3*t
;
  C 2 12  4 4  -1 -3 2 2
   1
    C 2 12  4 4  -1 -3 3 1
     s
    C 2 12  4 4  -2 -2 2 2
     -1/2-1/2*t
    C 2 12  4 3  -1 -2 2 2
     1-t
    C 2 12  4 3  -1 -2 3 1
     2*s
    C 2 12  3 3  -1 -2 2 1
     -3/2+3/2*t
    C 2 12  3 3  -2 -1 2 1
     1-t
;
  C 2 12  4 4  -1 -3 2 2
   1
    C 2 12  4 4  -1 -3 3 1
     4
    C 2 12  4 4  -2 -2 2 2
     -(-1+t+s)*s^(-1)
    C 2 12  4 4  -2 -2 3 1
     -2
    C 2 12  4 3  -1 -2 2 2
     -(-1+t*s+t-s)*s^(-1)
    C 2 12  4 3  -1 -2 3 1
     2+2*s
    C 2 12  3 3  -1 -2 1 2
     (-1+t)*s^(-1)
    C 2 12  3 3  -1 -2 2 1
     -4
    C 2 12  3 3  -2 -1 2 1
     2
;
  C 2 12  4 4  -1 -3 2 2
   1
    C 2 12  4 4  -1 -3 3 1
     s
    C 2 12  4 4  -2 -2 2 2
     1/2-1/2*t-1/2*s
    C 2 12  4 4  -2 -2 3 1
     -s
    C 2 12  4 3  -1 -2 2 2
     2-t
    C 2 12  4 3  -1 -2 3 1
     s^2-s
    C 2 12  3 3  -1 -2 1 2
     -1
    C 2 12  3 3  -1 -2 2 1
     -3/2+3/2*t-1/2*s
    C 2 12  3 3  -2 -1 2 1
     s
    C 2 12  3 2  -1 -1 2 1
     -1+t*s+t+s
    C 2 12  2 2  -1 -1 1 1
     1-t
;
  C 2 12  4 4  -1 -3 2 2
   1
    C 2 12  4 4  -1 -3 3 1
     2
    C 2 12  4 4  -2 -2 2 2
     -1
    C 2 12  4 4  -2 -2 3 1
     -2
    C 2 12  4 3  -1 -2 2 2
     1-t
    C 2 12  4 3  -1 -2 3 1
     2*s
    C 2 12  3 3  0 -3 2 1
     -1
    C 2 12  3 3  -1 -2 2 1
     -1
    C 2 12  3 3  -2 -1 2 1
     2
;
  C 2 12  4 4  -1 -3 1 3
   1
    C 2 12  4 4  -1 -3 2 2
     1/2
    C 2 12  4 3  -1 -2 1 3
     2-t
    C 2 12  4 3  -1 -2 2 2
     1/2
    C 2 12  3 3  0 -3 1 2
     -1/2
    C 2 12  3 3  -1 -2 1 2
     -3/2
    C 2 12  3 2  0 -2 1 2
     -1/2-1/2*s
    C 2 12  3 2  -1 -1 1 2
     -1
;
  C 2 12  4 4  -1 -3 1 3
   1
    C 2 12  4 4  -1 -3 2 2
     1/2
    C 2 12  4 3  0 -3 2 2
     1/2-1/2*s
    C 2 12  3 3  0 -3 1 2
     -1/2*d
    C 2 12  3 3  -1 -2 1 2
     -3/2
    C 2 12  3 2  0 -2 1 2
     -3
;
  C 2 12  4 4  -1 -3 1 3
   1
    C 2 12  4 4  -1 -3 2 2
     1/2
    C 2 12  4 3  0 -3 2 2
     1-1/2*s
    C 2 12  3 3  0 -3 1 2
     -1
    C 2 12  3 3  0 -3 2 1
     -1/2
    C 2 12  3 3  -1 -2 1 2
     -3/2
    C 2 12  3 2  0 -2 1 2
     -3/2-3/2*t
    C 2 12  2 2  0 -2 1 1
     3/2
;
  C 2 12  4 4  -1 -3 1 3
   1
    C 2 12  4 4  -1 -3 2 2
     1/4*s
    C 2 12  4 4  -2 -2 1 3
     -1/2-1/2*t
    C 2 12  4 3  -1 -2 1 3
     1-t
    C 2 12  4 3  -1 -2 2 2
     1/2*s
    C 2 12  3 3  -1 -2 1 2
     -1+t
    C 2 12  3 3  -1 -2 2 1
     -1/4*s
    C 2 12  3 3  -2 -1 1 2
     1/2-1/2*t
;
  C 2 12  4 4  -1 -3 1 3
   1
    C 2 12  4 4  -1 -3 2 2
     1
    C 2 12  4 4  -2 -2 1 3
     -(-1+t+s)*s^(-1)
    C 2 12  4 4  -2 -2 2 2
     -1/2
    C 2 12  4 3  -1 -2 1 3
     -(-1+t*s+t-s)*s^(-1)
    C 2 12  4 3  -1 -2 2 2
     1/2+1/2*s
    C 2 12  3 3  -1 -2 1 2
     -3/2
    C 2 12  3 3  -2 -1 1 2
     1
;
  C 2 12  4 4  -1 -3 1 3
   1
    C 2 12  4 4  -1 -3 2 2
     1/4*s
    C 2 12  4 4  -2 -2 1 3
     1/2-1/2*t-1/2*s
    C 2 12  4 4  -2 -2 2 2
     -1/4*s
    C 2 12  4 3  -1 -2 1 3
     2-t
    C 2 12  4 3  -1 -2 2 2
     1/4*s^2-1/4*s
    C 2 12  3 3  -1 -2 1 2
     -1+t+1/4*s
    C 2 12  3 3  -1 -2 2 1
     1/4*s
    C 2 12  3 3  -2 -1 1 2
     1/2*s
    C 2 12  3 2  -1 -1 1 2
     -1/2+1/2*t*s+1/2*t+1/2*s
    C 2 12  2 2  -1 -1 1 1
     -1/2*s
;
  C 2 12  4 4  -1 -3 1 3
   1
    C 2 12  4 4  -1 -3 2 2
     1/2
    C 2 12  4 4  -2 -2 1 3
     -1
    C 2 12  4 4  -2 -2 2 2
     -1/2
    C 2 12  4 3  -1 -2 1 3
     1-t
    C 2 12  4 3  -1 -2 2 2
     1/2*s
    C 2 12  3 3  0 -3 1 2
     -1/2
    C 2 12  3 3  -1 -2 1 2
     -1/2
    C 2 12  3 3  -2 -1 1 2
     1
;
  C 2 12  4 4  0 -4 2 2
   1
    C 2 12  4 4  0 -4 3 1
     2
    C 2 12  4 3  0 -3 2 2
     2-t
    C 2 12  4 3  0 -3 3 1
     2
    C 2 12  3 3  0 -3 1 2
     -1
    C 2 12  3 3  0 -3 2 1
     -5
    C 2 12  3 2  0 -2 2 1
     -3
    C 2 12  2 2  0 -2 1 1
     3
;
  C 2 12  4 4  0 -4 2 2
   1
    C 2 12  4 4  0 -4 3 1
     s
    C 2 12  4 4  -1 -3 2 2
     -1/2-1/2*t
    C 2 12  4 3  0 -3 2 2
     1-t
    C 2 12  4 3  0 -3 3 1
     2*s
    C 2 12  3 3  0 -3 2 1
     -2+2*t
    C 2 12  3 3  -1 -2 2 1
     3/2-3/2*t
;
  C 2 12  4 4  0 -4 2 2
   1
    C 2 12  4 4  0 -4 3 1
     2
    C 2 12  4 4  -1 -3 2 2
     -1
    C 2 12  4 4  -1 -3 3 1
     -2
    C 2 12  4 3  0 -3 2 2
     1-t
    C 2 12  4 3  0 -3 3 1
     2*s
    C 2 12  3 3  0 -3 2 1
     -3
    C 2 12  3 3  -1 -2 2 1
     3
;
  C 2 12  4 4  0 -4 2 2
   1
    C 2 12  4 4  0 -4 3 1
     4
    C 2 12  4 4  -1 -3 2 2
     -(-1+t+s)*s^(-1)
    C 2 12  4 4  -1 -3 3 1
     -2
    C 2 12  4 3  0 -3 2 2
     -(-1+t*s+t-s)*s^(-1)
    C 2 12  4 3  0 -3 3 1
     2+2*s
    C 2 12  3 3  0 -3 1 2
     (-1+t)*s^(-1)
    C 2 12  3 3  0 -3 2 1
     -5
    C 2 12  3 3  -1 -2 2 1
     3
;
  C 2 12  4 4  0 -4 2 2
   1
    C 2 12  4 4  0 -4 3 1
     s
    C 2 12  4 4  -1 -3 2 2
     1/2-1/2*t-1/2*s
    C 2 12  4 4  -1 -3 3 1
     -s
    C 2 12  4 3  0 -3 2 2
     2-t
    C 2 12  4 3  0 -3 3 1
     s^2-s
    C 2 12  3 3  0 -3 1 2
     -1
    C 2 12  3 3  0 -3 2 1
     -2+2*t-1/2*s
    C 2 12  3 3  -1 -2 2 1
     3/2*s
    C 2 12  3 2  0 -2 2 1
     -3/2+3/2*t*s+3/2*t+3/2*s
    C 2 12  2 2  0 -2 1 1
     3/2-3/2*t
;
  C 2 12  4 4  0 -4 1 3
   1
    C 2 12  4 4  0 -4 2 2
     1/2
    C 2 12  4 3  0 -3 1 3
     2-t
    C 2 12  4 3  0 -3 2 2
     1/2
    C 2 12  3 3  0 -3 1 2
     -2
    C 2 12  3 2  0 -2 1 2
     -3/2
;
  C 2 12  4 4  0 -4 1 3
   1
    C 2 12  4 4  0 -4 2 2
     1/4*s
    C 2 12  4 4  -1 -3 1 3
     -1/2-1/2*t
    C 2 12  4 3  0 -3 1 3
     1-t
    C 2 12  4 3  0 -3 2 2
     1/2*s
    C 2 12  3 3  0 -3 1 2
     -5/4+5/4*t
    C 2 12  3 3  0 -3 2 1
     -1/4*s
    C 2 12  3 3  -1 -2 1 2
     3/4-3/4*t
;
  C 2 12  4 4  0 -4 1 3
   1
    C 2 12  4 4  0 -4 2 2
     1
    C 2 12  4 4  -1 -3 1 3
     -(-1+t+s)*s^(-1)
    C 2 12  4 4  -1 -3 2 2
     -1/2
    C 2 12  4 3  0 -3 1 3
     -(-1+t*s+t-s)*s^(-1)
    C 2 12  4 3  0 -3 2 2
     1/2+1/2*s
    C 2 12  3 3  0 -3 1 2
     -2
    C 2 12  3 3  -1 -2 1 2
     3/2
;
  C 2 12  4 4  0 -4 1 3
   1
    C 2 12  4 4  0 -4 2 2
     1/2
    C 2 12  4 4  -1 -3 1 3
     -1
    C 2 12  4 4  -1 -3 2 2
     -1/2
    C 2 12  4 3  0 -3 1 3
     1-t
    C 2 12  4 3  0 -3 2 2
     1/2*s
    C 2 12  3 3  0 -3 1 2
     -3/2
    C 2 12  3 3  -1 -2 1 2
     3/2
;
  C 2 12  4 4  0 -4 1 3
   1
    C 2 12  4 4  0 -4 2 2
     1/4*s
    C 2 12  4 4  -1 -3 1 3
     1/2-1/2*t-1/2*s
    C 2 12  4 4  -1 -3 2 2
     -1/4*s
    C 2 12  4 3  0 -3 1 3
     2-t
    C 2 12  4 3  0 -3 2 2
     1/4*s^2-1/4*s
    C 2 12  3 3  0 -3 1 2
     -5/4+5/4*t+1/4*s
    C 2 12  3 3  0 -3 2 1
     1/4*s
    C 2 12  3 3  -1 -2 1 2
     3/4*s
    C 2 12  3 2  0 -2 1 2
     -3/4+3/4*t*s+3/4*t+3/4*s
    C 2 12  2 2  0 -2 1 1
     -3/4*s
;
  C 2 12  5 1  -1 0 3 2
   1
    C 2 12  5 1  -1 0 4 1
     3
    C 2 12  5 0  0 0 4 1
     3-3*s
    C 2 12  4 0  0 0 3 1
     4-d
;
  C 2 12  5 1  -1 0 3 2
   1
    C 2 12  5 1  -1 0 4 1
     3
    C 2 12  5 0  0 0 4 1
     6-3*s
    C 2 12  4 0  0 0 3 1
     -1
;
  C 2 12  5 1  -1 0 2 3
   1
    C 2 12  5 1  -1 0 3 2
     1
    C 2 12  5 0  0 0 3 2
     1-s
    C 2 12  4 0  0 0 2 2
     2-1/2*d
;
  C 2 12  5 1  -1 0 2 3
   1
    C 2 12  5 1  -1 0 3 2
     1
    C 2 12  5 0  0 0 3 2
     2-s
    C 2 12  4 0  0 0 2 2
     -1
    C 2 12  4 0  0 0 3 1
     -1
;
  C 2 12  5 1  -1 0 1 4
   1
    C 2 12  5 1  -1 0 2 3
     1/3
    C 2 12  5 0  0 0 2 3
     1/3-1/3*s
    C 2 12  4 0  0 0 1 3
     4/3-1/3*d
;
  C 2 12  5 1  -1 0 1 4
   1
    C 2 12  5 1  -1 0 2 3
     1/3
    C 2 12  5 0  0 0 2 3
     2/3-1/3*s
    C 2 12  4 0  0 0 1 3
     -1
    C 2 12  4 0  0 0 2 2
     -1/3
;
  C 2 12  5 1  0 -1 3 2
   1
    C 2 12  5 1  0 -1 4 1
     3
    C 2 12  5 0  0 0 3 2
     2-t
    C 2 12  5 0  0 0 4 1
     3
    C 2 12  4 0  0 0 2 2
     -1
    C 2 12  4 0  0 0 3 1
     -3
;
  C 2 12  5 1  0 -1 3 2
   1
    C 2 12  5 1  0 -1 4 1
     3/2*s
    C 2 12  5 1  -1 0 3 2
     -1/2-1/2*t
    C 2 12  5 0  0 0 3 2
     1-t
    C 2 12  5 0  0 0 4 1
     3*s
    C 2 12  4 0  0 0 3 1
     -1/2+1/2*t
;
  C 2 12  5 1  0 -1 3 2
   1
    C 2 12  5 1  0 -1 4 1
     3
    C 2 12  5 1  -1 0 3 2
     -1
    C 2 12  5 1  -1 0 4 1
     -3
    C 2 12  5 0  0 0 3 2
     1-t
    C 2 12  5 0  0 0 4 1
     3*s
;
  C 2 12  5 1  0 -1 3 2
   1
    C 2 12  5 1  0 -1 4 1
     3/2*s
    C 2 12  5 1  -1 0 3 2
     1/2-1/2*t-1/2*s
    C 2 12  5 1  -1 0 4 1
     -3/2*s
    C 2 12  5 0  0 0 3 2
     2-t
    C 2 12  5 0  0 0 4 1
     3/2*s^2-3/2*s
    C 2 12  4 0  0 0 2 2
     -1
    C 2 12  4 0  0 0 3 1
     -1/2+1/2*t-s
;
  C 2 12  5 1  0 -1 3 2
   1
    C 2 12  5 1  0 -1 4 1
     6
    C 2 12  5 1  -1 0 3 2
     -(-1+t+s)*s^(-1)
    C 2 12  5 1  -1 0 4 1
     -3
    C 2 12  5 0  0 0 3 2
     -(-1+t*s+t-s)*s^(-1)
    C 2 12  5 0  0 0 4 1
     3+3*s
    C 2 12  4 0  0 0 2 2
     (-1+t)*s^(-1)
    C 2 12  4 0  0 0 3 1
     -3
;
  C 2 12  5 1  0 -1 2 3
   1
    C 2 12  5 1  0 -1 3 2
     1
    C 2 12  5 0  0 0 2 3
     2-t
    C 2 12  5 0  0 0 3 2
     1
    C 2 12  4 0  0 0 1 3
     -1
    C 2 12  4 0  0 0 2 2
     -1
;
  C 2 12  5 1  0 -1 2 3
   1
    C 2 12  5 1  0 -1 3 2
     1/2*s
    C 2 12  5 1  -1 0 2 3
     -1/2-1/2*t
    C 2 12  5 0  0 0 2 3
     1-t
    C 2 12  5 0  0 0 3 2
     s
    C 2 12  4 0  0 0 2 2
     -1/2+1/2*t
    C 2 12  4 0  0 0 3 1
     -1/2*s
;
  C 2 12  5 1  0 -1 2 3
   1
    C 2 12  5 1  0 -1 3 2
     1
    C 2 12  5 1  -1 0 2 3
     -1
    C 2 12  5 1  -1 0 3 2
     -1
    C 2 12  5 0  0 0 2 3
     1-t
    C 2 12  5 0  0 0 3 2
     s
;
  C 2 12  5 1  0 -1 2 3
   1
    C 2 12  5 1  0 -1 3 2
     2
    C 2 12  5 1  -1 0 2 3
     -(-1+t+s)*s^(-1)
    C 2 12  5 1  -1 0 3 2
     -1
    C 2 12  5 0  0 0 2 3
     -(-1+t*s+t-s)*s^(-1)
    C 2 12  5 0  0 0 3 2
     1+s
    C 2 12  4 0  0 0 1 3
     (-1+t)*s^(-1)
    C 2 12  4 0  0 0 2 2
     -1
;
  C 2 12  5 1  0 -1 2 3
   1
    C 2 12  5 1  0 -1 3 2
     1/2*s
    C 2 12  5 1  -1 0 2 3
     1/2-1/2*t-1/2*s
    C 2 12  5 1  -1 0 3 2
     -1/2*s
    C 2 12  5 0  0 0 2 3
     2-t
    C 2 12  5 0  0 0 3 2
     1/2*s^2-1/2*s
    C 2 12  4 0  0 0 1 3
     -1
    C 2 12  4 0  0 0 2 2
     -1/2+1/2*t
    C 2 12  4 0  0 0 3 1
     1/2*s
;
  C 2 12  5 1  0 -1 1 4
   1
    C 2 12  5 1  0 -1 2 3
     1/3
    C 2 12  5 0  0 0 1 4
     2-t
    C 2 12  5 0  0 0 2 3
     1/3
    C 2 12  4 0  0 0 1 3
     -1/3
;
  C 2 12  5 1  0 -1 1 4
   1
    C 2 12  5 1  0 -1 2 3
     1/6*s
    C 2 12  5 1  -1 0 1 4
     -1/2-1/2*t
    C 2 12  5 0  0 0 1 4
     1-t
    C 2 12  5 0  0 0 2 3
     1/3*s
    C 2 12  4 0  0 0 1 3
     -1/2+1/2*t
    C 2 12  4 0  0 0 2 2
     -1/6*s
;
  C 2 12  5 1  0 -1 1 4
   1
    C 2 12  5 1  0 -1 2 3
     1/3
    C 2 12  5 1  -1 0 1 4
     -1
    C 2 12  5 1  -1 0 2 3
     -1/3
    C 2 12  5 0  0 0 1 4
     1-t
    C 2 12  5 0  0 0 2 3
     1/3*s
;
  C 2 12  5 1  0 -1 1 4
   1
    C 2 12  5 1  0 -1 2 3
     2/3
    C 2 12  5 1  -1 0 1 4
     -(-1+t+s)*s^(-1)
    C 2 12  5 1  -1 0 2 3
     -1/3
    C 2 12  5 0  0 0 1 4
     -(-1+t*s+t-s)*s^(-1)
    C 2 12  5 0  0 0 2 3
     1/3+1/3*s
    C 2 12  4 0  0 0 1 3
     -1/3
;
  C 2 12  5 1  0 -1 1 4
   1
    C 2 12  5 1  0 -1 2 3
     1/6*s
    C 2 12  5 1  -1 0 1 4
     1/2-1/2*t-1/2*s
    C 2 12  5 1  -1 0 2 3
     -1/6*s
    C 2 12  5 0  0 0 1 4
     2-t
    C 2 12  5 0  0 0 2 3
     1/6*s^2-1/6*s
    C 2 12  4 0  0 0 1 3
     -1/2+1/2*t+1/3*s
    C 2 12  4 0  0 0 2 2
     1/6*s
;
  C 2 12  5 2  -2 0 3 2
   1
    C 2 12  5 2  -2 0 4 1
     3
    C 2 12  5 1  -1 0 4 1
     3-3*s
    C 2 12  4 1  -1 0 3 1
     2-d
    C 2 12  4 0  0 0 3 1
     -2
;
  C 2 12  5 2  -2 0 3 2
   1
    C 2 12  5 2  -2 0 4 1
     3
    C 2 12  5 1  -1 0 4 1
     6-3*s
    C 2 12  4 1  -1 0 3 1
     -2
    C 2 12  4 0  0 0 3 1
     -2
;
  C 2 12  5 2  -2 0 2 3
   1
    C 2 12  5 2  -2 0 3 2
     1
    C 2 12  5 1  -1 0 3 2
     1-s
    C 2 12  4 1  -1 0 2 2
     1-1/2*d
    C 2 12  4 0  0 0 2 2
     -1
;
  C 2 12  5 2  -2 0 2 3
   1
    C 2 12  5 2  -2 0 3 2
     1
    C 2 12  5 1  -1 0 3 2
     2-s
    C 2 12  4 1  -1 0 2 2
     -3/2
    C 2 12  4 1  -1 0 3 1
     -1
    C 2 12  4 0  0 0 2 2
     -1
    C 2 12  3 0  0 0 2 1
     1/2
;
  C 2 12  5 2  -2 0 1 4
   1
    C 2 12  5 2  -2 0 2 3
     1/3
    C 2 12  5 1  -1 0 2 3
     1/3-1/3*s
    C 2 12  4 1  -1 0 1 3
     2/3-1/3*d
    C 2 12  4 0  0 0 1 3
     -2/3
;
  C 2 12  5 2  -2 0 1 4
   1
    C 2 12  5 2  -2 0 2 3
     1/3
    C 2 12  5 1  -1 0 2 3
     2/3-1/3*s
    C 2 12  4 1  -1 0 1 3
     -4/3
    C 2 12  4 1  -1 0 2 2
     -1/3
    C 2 12  4 0  0 0 1 3
     -2/3
    C 2 12  3 0  0 0 1 2
     1/3
;
  C 2 12  5 2  -1 -1 3 2
   1
    C 2 12  5 2  -1 -1 4 1
     3
    C 2 12  5 1  -1 0 3 2
     2-t
    C 2 12  5 1  -1 0 4 1
     3
    C 2 12  4 1  0 -1 3 1
     -1
    C 2 12  4 1  -1 0 2 2
     -1
    C 2 12  4 1  -1 0 3 1
     -3
    C 2 12  4 0  0 0 3 1
     -1-s
    C 2 12  3 0  0 0 2 1
     1
;
  C 2 12  5 2  -1 -1 3 2
   1
    C 2 12  5 2  -1 -1 4 1
     3
    C 2 12  5 1  0 -1 4 1
     3-3*s
    C 2 12  4 1  0 -1 3 1
     3-d
    C 2 12  4 1  -1 0 3 1
     -1
    C 2 12  4 0  0 0 3 1
     -2
;
  C 2 12  5 2  -1 -1 3 2
   1
    C 2 12  5 2  -1 -1 4 1
     3
    C 2 12  5 1  0 -1 4 1
     6-3*s
    C 2 12  4 1  0 -1 3 1
     -1
    C 2 12  4 1  -1 0 3 1
     -1
    C 2 12  4 0  0 0 3 1
     -1-t
;
  C 2 12  5 2  -1 -1 3 2
   1
    C 2 12  5 2  -1 -1 4 1
     3/2*s
    C 2 12  5 2  -2 0 3 2
     -1/2-1/2*t
    C 2 12  5 1  -1 0 3 2
     1-t
    C 2 12  5 1  -1 0 4 1
     3*s
    C 2 12  4 1  -1 0 3 1
     -1/2+1/2*t
;
  C 2 12  5 2  -1 -1 3 2
   1
    C 2 12  5 2  -1 -1 4 1
     3/2*s
    C 2 12  5 2  -2 0 3 2
     1/2-1/2*t-1/2*s
    C 2 12  5 2  -2 0 4 1
     -3/2*s
    C 2 12  5 1  -1 0 3 2
     2-t
    C 2 12  5 1  -1 0 4 1
     3/2*s^2-3/2*s
    C 2 12  4 1  -1 0 2 2
     -1
    C 2 12  4 1  -1 0 3 1
     -1/2+1/2*t-s
;
  C 2 12  5 2  -1 -1 3 2
   1
    C 2 12  5 2  -1 -1 4 1
     6
    C 2 12  5 2  -2 0 3 2
     -(-1+t+s)*s^(-1)
    C 2 12  5 2  -2 0 4 1
     -3
    C 2 12  5 1  -1 0 3 2
     -(-1+t*s+t-s)*s^(-1)
    C 2 12  5 1  -1 0 4 1
     3+3*s
    C 2 12  4 1  -1 0 2 2
     (-1+t)*s^(-1)
    C 2 12  4 1  -1 0 3 1
     -3
;
  C 2 12  5 2  -1 -1 3 2
   1
    C 2 12  5 2  -1 -1 4 1
     3
    C 2 12  5 2  -2 0 3 2
     -1
    C 2 12  5 2  -2 0 4 1
     -3
    C 2 12  5 1  -1 0 3 2
     1-t
    C 2 12  5 1  -1 0 4 1
     3*s
    C 2 12  4 1  0 -1 3 1
     -1
    C 2 12  4 1  -1 0 3 1
     1
;
  C 2 12  5 2  -1 -1 2 3
   1
    C 2 12  5 2  -1 -1 3 2
     1
    C 2 12  5 1  -1 0 2 3
     2-t
    C 2 12  5 1  -1 0 3 2
     1
    C 2 12  4 1  0 -1 2 2
     -1/2
    C 2 12  4 1  -1 0 1 3
     -1
    C 2 12  4 1  -1 0 2 2
     -1
    C 2 12  4 0  0 0 2 2
     -1/2-1/2*s
    C 2 12  3 0  0 0 1 2
     1/2
;
  C 2 12  5 2  -1 -1 2 3
   1
    C 2 12  5 2  -1 -1 3 2
     1
    C 2 12  5 1  0 -1 3 2
     1-s
    C 2 12  4 1  0 -1 2 2
     3/2-1/2*d
    C 2 12  4 1  -1 0 2 2
     -1/2
    C 2 12  4 0  0 0 2 2
     -1
;
  C 2 12  5 2  -1 -1 2 3
   1
    C 2 12  5 2  -1 -1 3 2
     1
    C 2 12  5 1  0 -1 3 2
     2-s
    C 2 12  4 1  0 -1 2 2
     -1
    C 2 12  4 1  0 -1 3 1
     -1
    C 2 12  4 1  -1 0 2 2
     -1/2
    C 2 12  4 0  0 0 2 2
     -1/2-1/2*t
    C 2 12  3 0  0 0 2 1
     1/2
;
  C 2 12  5 2  -1 -1 2 3
   1
    C 2 12  5 2  -1 -1 3 2
     1/2*s
    C 2 12  5 2  -2 0 2 3
     -1/2-1/2*t
    C 2 12  5 1  -1 0 2 3
     1-t
    C 2 12  5 1  -1 0 3 2
     s
    C 2 12  4 1  -1 0 2 2
     -1/2+1/2*t
    C 2 12  4 1  -1 0 3 1
     -1/2*s
;
  C 2 12  5 2  -1 -1 2 3
   1
    C 2 12  5 2  -1 -1 3 2
     2
    C 2 12  5 2  -2 0 2 3
     -(-1+t+s)*s^(-1)
    C 2 12  5 2  -2 0 3 2
     -1
    C 2 12  5 1  -1 0 2 3
     -(-1+t*s+t-s)*s^(-1)
    C 2 12  5 1  -1 0 3 2
     1+s
    C 2 12  4 1  -1 0 1 3
     (-1+t)*s^(-1)
    C 2 12  4 1  -1 0 2 2
     -1
;
  C 2 12  5 2  -1 -1 2 3
   1
    C 2 12  5 2  -1 -1 3 2
     1/2*s
    C 2 12  5 2  -2 0 2 3
     1/2-1/2*t-1/2*s
    C 2 12  5 2  -2 0 3 2
     -1/2*s
    C 2 12  5 1  -1 0 2 3
     2-t
    C 2 12  5 1  -1 0 3 2
     1/2*s^2-1/2*s
    C 2 12  4 1  -1 0 1 3
     -1
    C 2 12  4 1  -1 0 2 2
     -1/2+1/2*t
    C 2 12  4 1  -1 0 3 1
     1/2*s
;
  C 2 12  5 2  -1 -1 2 3
   1
    C 2 12  5 2  -1 -1 3 2
     1
    C 2 12  5 2  -2 0 2 3
     -1
    C 2 12  5 2  -2 0 3 2
     -1
    C 2 12  5 1  -1 0 2 3
     1-t
    C 2 12  5 1  -1 0 3 2
     s
    C 2 12  4 1  0 -1 2 2
     -1/2
    C 2 12  4 1  -1 0 2 2
     1/2
;
  C 2 12  5 2  -1 -1 1 4
   1
    C 2 12  5 2  -1 -1 2 3
     1/3
    C 2 12  5 1  -1 0 1 4
     2-t
    C 2 12  5 1  -1 0 2 3
     1/3
    C 2 12  4 1  0 -1 1 3
     -1/3
    C 2 12  4 1  -1 0 1 3
     -1/3
    C 2 12  4 0  0 0 1 3
     -1/3-1/3*s
;
  C 2 12  5 2  -1 -1 1 4
   1
    C 2 12  5 2  -1 -1 2 3
     1/3
    C 2 12  5 1  0 -1 2 3
     1/3-1/3*s
    C 2 12  4 1  0 -1 1 3
     1-1/3*d
    C 2 12  4 1  -1 0 1 3
     -1/3
    C 2 12  4 0  0 0 1 3
     -2/3
;
  C 2 12  5 2  -1 -1 1 4
   1
    C 2 12  5 2  -1 -1 2 3
     1/3
    C 2 12  5 1  0 -1 2 3
     2/3-1/3*s
    C 2 12  4 1  0 -1 1 3
     -1
    C 2 12  4 1  0 -1 2 2
     -1/3
    C 2 12  4 1  -1 0 1 3
     -1/3
    C 2 12  4 0  0 0 1 3
     -1/3-1/3*t
    C 2 12  3 0  0 0 1 2
     1/3
;
  C 2 12  5 2  -1 -1 1 4
   1
    C 2 12  5 2  -1 -1 2 3
     1/6*s
    C 2 12  5 2  -2 0 1 4
     -1/2-1/2*t
    C 2 12  5 1  -1 0 1 4
     1-t
    C 2 12  5 1  -1 0 2 3
     1/3*s
    C 2 12  4 1  -1 0 1 3
     -1/2+1/2*t
    C 2 12  4 1  -1 0 2 2
     -1/6*s
;
  C 2 12  5 2  -1 -1 1 4
   1
    C 2 12  5 2  -1 -1 2 3
     2/3
    C 2 12  5 2  -2 0 1 4
     -(-1+t+s)*s^(-1)
    C 2 12  5 2  -2 0 2 3
     -1/3
    C 2 12  5 1  -1 0 1 4
     -(-1+t*s+t-s)*s^(-1)
    C 2 12  5 1  -1 0 2 3
     1/3+1/3*s
    C 2 12  4 1  -1 0 1 3
     -1/3
;
  C 2 12  5 2  -1 -1 1 4
   1
    C 2 12  5 2  -1 -1 2 3
     1/6*s
    C 2 12  5 2  -2 0 1 4
     1/2-1/2*t-1/2*s
    C 2 12  5 2  -2 0 2 3
     -1/6*s
    C 2 12  5 1  -1 0 1 4
     2-t
    C 2 12  5 1  -1 0 2 3
     1/6*s^2-1/6*s
    C 2 12  4 1  -1 0 1 3
     -1/2+1/2*t+1/3*s
    C 2 12  4 1  -1 0 2 2
     1/6*s
;
  C 2 12  5 2  -1 -1 1 4
   1
    C 2 12  5 2  -1 -1 2 3
     1/3
    C 2 12  5 2  -2 0 1 4
     -1
    C 2 12  5 2  -2 0 2 3
     -1/3
    C 2 12  5 1  -1 0 1 4
     1-t
    C 2 12  5 1  -1 0 2 3
     1/3*s
    C 2 12  4 1  0 -1 1 3
     -1/3
    C 2 12  4 1  -1 0 1 3
     1/3
;
  C 2 12  5 2  0 -2 3 2
   1
    C 2 12  5 2  0 -2 4 1
     3
    C 2 12  5 1  0 -1 3 2
     2-t
    C 2 12  5 1  0 -1 4 1
     3
    C 2 12  4 1  0 -1 2 2
     -1
    C 2 12  4 1  0 -1 3 1
     -4
    C 2 12  4 0  0 0 3 1
     -1
    C 2 12  3 0  0 0 2 1
     1
;
  C 2 12  5 2  0 -2 3 2
   1
    C 2 12  5 2  0 -2 4 1
     3/2*s
    C 2 12  5 2  -1 -1 3 2
     -1/2-1/2*t
    C 2 12  5 1  0 -1 3 2
     1-t
    C 2 12  5 1  0 -1 4 1
     3*s
    C 2 12  4 1  0 -1 3 1
     -1+t
    C 2 12  4 1  -1 0 3 1
     1/2-1/2*t
;
  C 2 12  5 2  0 -2 3 2
   1
    C 2 12  5 2  0 -2 4 1
     3
    C 2 12  5 2  -1 -1 3 2
     -1
    C 2 12  5 2  -1 -1 4 1
     -3
    C 2 12  5 1  0 -1 3 2
     1-t
    C 2 12  5 1  0 -1 4 1
     3*s
    C 2 12  4 1  0 -1 3 1
     -1
    C 2 12  4 1  -1 0 3 1
     1
;
  C 2 12  5 2  0 -2 3 2
   1
    C 2 12  5 2  0 -2 4 1
     6
    C 2 12  5 2  -1 -1 3 2
     -(-1+t+s)*s^(-1)
    C 2 12  5 2  -1 -1 4 1
     -3
    C 2 12  5 1  0 -1 3 2
     -(-1+t*s+t-s)*s^(-1)
    C 2 12  5 1  0 -1 4 1
     3+3*s
    C 2 12  4 1  0 -1 2 2
     (-1+t)*s^(-1)
    C 2 12  4 1  0 -1 3 1
     -4
    C 2 12  4 1  -1 0 3 1
     1
;
  C 2 12  5 2  0 -2 3 2
   1
    C 2 12  5 2  0 -2 4 1
     3/2*s
    C 2 12  5 2  -1 -1 3 2
     1/2-1/2*t-1/2*s
    C 2 12  5 2  -1 -1 4 1
     -3/2*s
    C 2 12  5 1  0 -1 3 2
     2-t
    C 2 12  5 1  0 -1 4 1
     3/2*s^2-3/2*s
    C 2 12  4 1  0 -1 2 2
     -1
    C 2 12  4 1  0 -1 3 1
     -1+t-s
    C 2 12  4 1  -1 0 3 1
     1/2*s
    C 2 12  4 0  0 0 3 1
     -1/2+1/2*t*s+1/2*t+1/2*s
    C 2 12  3 0  0 0 2 1
     1/2-1/2*t
;
  C 2 12  5 2  0 -2 2 3
   1
    C 2 12  5 2  0 -2 3 2
     1
    C 2 12  5 1  0 -1 2 3
     2-t
    C 2 12  5 1  0 -1 3 2
     1
    C 2 12  4 1  0 -1 1 3
     -1
    C 2 12  4 1  0 -1 2 2
     -3/2
    C 2 12  4 0  0 0 2 2
     -1/2
    C 2 12  3 0  0 0 1 2
     1/2
;
  C 2 12  5 2  0 -2 2 3
   1
    C 2 12  5 2  0 -2 3 2
     1/2*s
    C 2 12  5 2  -1 -1 2 3
     -1/2-1/2*t
    C 2 12  5 1  0 -1 2 3
     1-t
    C 2 12  5 1  0 -1 3 2
     s
    C 2 12  4 1  0 -1 2 2
     -3/4+3/4*t
    C 2 12  4 1  0 -1 3 1
     -1/2*s
    C 2 12  4 1  -1 0 2 2
     1/4-1/4*t
;
  C 2 12  5 2  0 -2 2 3
   1
    C 2 12  5 2  0 -2 3 2
     1
    C 2 12  5 2  -1 -1 2 3
     -1
    C 2 12  5 2  -1 -1 3 2
     -1
    C 2 12  5 1  0 -1 2 3
     1-t
    C 2 12  5 1  0 -1 3 2
     s
    C 2 12  4 1  0 -1 2 2
     -1/2
    C 2 12  4 1  -1 0 2 2
     1/2
;
  C 2 12  5 2  0 -2 2 3
   1
    C 2 12  5 2  0 -2 3 2
     2
    C 2 12  5 2  -1 -1 2 3
     -(-1+t+s)*s^(-1)
    C 2 12  5 2  -1 -1 3 2
     -1
    C 2 12  5 1  0 -1 2 3
     -(-1+t*s+t-s)*s^(-1)
    C 2 12  5 1  0 -1 3 2
     1+s
    C 2 12  4 1  0 -1 1 3
     (-1+t)*s^(-1)
    C 2 12  4 1  0 -1 2 2
     -3/2
    C 2 12  4 1  -1 0 2 2
     1/2
;
  C 2 12  5 2  0 -2 2 3
   1
    C 2 12  5 2  0 -2 3 2
     1/2*s
    C 2 12  5 2  -1 -1 2 3
     1/2-1/2*t-1/2*s
    C 2 12  5 2  -1 -1 3 2
     -1/2*s
    C 2 12  5 1  0 -1 2 3
     2-t
    C 2 12  5 1  0 -1 3 2
     1/2*s^2-1/2*s
    C 2 12  4 1  0 -1 1 3
     -1
    C 2 12  4 1  0 -1 2 2
     -3/4+3/4*t
    C 2 12  4 1  0 -1 3 1
     1/2*s
    C 2 12  4 1  -1 0 2 2
     1/4*s
    C 2 12  4 0  0 0 2 2
     -1/4+1/4*t*s+1/4*t+1/4*s
    C 2 12  3 0  0 0 1 2
     1/4-1/4*t
    C 2 12  3 0  0 0 2 1
     -1/4*s
;
  C 2 12  5 2  0 -2 1 4
   1
    C 2 12  5 2  0 -2 2 3
     1/3
    C 2 12  5 1  0 -1 1 4
     2-t
    C 2 12  5 1  0 -1 2 3
     1/3
    C 2 12  4 1  0 -1 1 3
     -2/3
    C 2 12  4 0  0 0 1 3
     -1/3
;
  C 2 12  5 2  0 -2 1 4
   1
    C 2 12  5 2  0 -2 2 3
     1/6*s
    C 2 12  5 2  -1 -1 1 4
     -1/2-1/2*t
    C 2 12  5 1  0 -1 1 4
     1-t
    C 2 12  5 1  0 -1 2 3
     1/3*s
    C 2 12  4 1  0 -1 1 3
     -2/3+2/3*t
    C 2 12  4 1  0 -1 2 2
     -1/6*s
    C 2 12  4 1  -1 0 1 3
     1/6-1/6*t
;
  C 2 12  5 2  0 -2 1 4
   1
    C 2 12  5 2  0 -2 2 3
     1/3
    C 2 12  5 2  -1 -1 1 4
     -1
    C 2 12  5 2  -1 -1 2 3
     -1/3
    C 2 12  5 1  0 -1 1 4
     1-t
    C 2 12  5 1  0 -1 2 3
     1/3*s
    C 2 12  4 1  0 -1 1 3
     -1/3
    C 2 12  4 1  -1 0 1 3
     1/3
;
  C 2 12  5 2  0 -2 1 4
   1
    C 2 12  5 2  0 -2 2 3
     2/3
    C 2 12  5 2  -1 -1 1 4
     -(-1+t+s)*s^(-1)
    C 2 12  5 2  -1 -1 2 3
     -1/3
    C 2 12  5 1  0 -1 1 4
     -(-1+t*s+t-s)*s^(-1)
    C 2 12  5 1  0 -1 2 3
     1/3+1/3*s
    C 2 12  4 1  0 -1 1 3
     -2/3
    C 2 12  4 1  -1 0 1 3
     1/3
;
  C 2 12  5 2  0 -2 1 4
   1
    C 2 12  5 2  0 -2 2 3
     1/6*s
    C 2 12  5 2  -1 -1 1 4
     1/2-1/2*t-1/2*s
    C 2 12  5 2  -1 -1 2 3
     -1/6*s
    C 2 12  5 1  0 -1 1 4
     2-t
    C 2 12  5 1  0 -1 2 3
     1/6*s^2-1/6*s
    C 2 12  4 1  0 -1 1 3
     -2/3+2/3*t+1/3*s
    C 2 12  4 1  0 -1 2 2
     1/6*s
    C 2 12  4 1  -1 0 1 3
     1/6*s
    C 2 12  4 0  0 0 1 3
     -1/6+1/6*t*s+1/6*t+1/6*s
    C 2 12  3 0  0 0 1 2
     -1/6*s
;
  C 2 12  5 3  -3 0 3 2
   1
    C 2 12  5 3  -3 0 4 1
     3
    C 2 12  5 2  -2 0 4 1
     3-3*s
    C 2 12  4 2  -2 0 3 1
     -d
    C 2 12  4 1  -1 0 3 1
     -4
;
  C 2 12  5 3  -3 0 3 2
   1
    C 2 12  5 3  -3 0 4 1
     3
    C 2 12  5 2  -2 0 4 1
     6-3*s
    C 2 12  4 2  -2 0 3 1
     -3
    C 2 12  4 1  -1 0 3 1
     -4
;
  C 2 12  5 3  -3 0 2 3
   1
    C 2 12  5 3  -3 0 3 2
     1
    C 2 12  5 2  -2 0 3 2
     1-s
    C 2 12  4 2  -2 0 2 2
     -1/2*d
    C 2 12  4 1  -1 0 2 2
     -2
;
  C 2 12  5 3  -3 0 2 3
   1
    C 2 12  5 3  -3 0 3 2
     1
    C 2 12  5 2  -2 0 3 2
     2-s
    C 2 12  4 2  -2 0 2 2
     -2
    C 2 12  4 2  -2 0 3 1
     -1
    C 2 12  4 1  -1 0 2 2
     -2
    C 2 12  3 1  -1 0 2 1
     1
;
  C 2 12  5 3  -3 0 1 4
   1
    C 2 12  5 3  -3 0 2 3
     1/3
    C 2 12  5 2  -2 0 2 3
     1/3-1/3*s
    C 2 12  4 2  -2 0 1 3
     -1/3*d
    C 2 12  4 1  -1 0 1 3
     -4/3
;
  C 2 12  5 3  -3 0 1 4
   1
    C 2 12  5 3  -3 0 2 3
     1/3
    C 2 12  5 2  -2 0 2 3
     2/3-1/3*s
    C 2 12  4 2  -2 0 1 3
     -5/3
    C 2 12  4 2  -2 0 2 2
     -1/3
    C 2 12  4 1  -1 0 1 3
     -4/3
    C 2 12  3 1  -1 0 1 2
     2/3
;
  C 2 12  5 3  -2 -1 3 2
   1
    C 2 12  5 3  -2 -1 4 1
     3
    C 2 12  5 2  -2 0 3 2
     2-t
    C 2 12  5 2  -2 0 4 1
     3
    C 2 12  4 2  -1 -1 3 1
     -2
    C 2 12  4 2  -2 0 2 2
     -1
    C 2 12  4 2  -2 0 3 1
     -3
    C 2 12  4 1  -1 0 3 1
     -2-2*s
    C 2 12  3 1  -1 0 2 1
     2
;
  C 2 12  5 3  -2 -1 3 2
   1
    C 2 12  5 3  -2 -1 4 1
     3
    C 2 12  5 2  -1 -1 4 1
     3-3*s
    C 2 12  4 2  -1 -1 3 1
     1-d
    C 2 12  4 2  -2 0 3 1
     -1
    C 2 12  4 1  0 -1 3 1
     -2
    C 2 12  4 1  -1 0 3 1
     -2
;
  C 2 12  5 3  -2 -1 3 2
   1
    C 2 12  5 3  -2 -1 4 1
     3
    C 2 12  5 2  -1 -1 4 1
     6-3*s
    C 2 12  4 2  -1 -1 3 1
     -2
    C 2 12  4 2  -2 0 3 1
     -1
    C 2 12  4 1  0 -1 3 1
     -2
    C 2 12  4 1  -1 0 3 1
     -1-t
;
  C 2 12  5 3  -2 -1 3 2
   1
    C 2 12  5 3  -2 -1 4 1
     3/2*s
    C 2 12  5 3  -3 0 3 2
     -1/2-1/2*t
    C 2 12  5 2  -2 0 3 2
     1-t
    C 2 12  5 2  -2 0 4 1
     3*s
    C 2 12  4 2  -2 0 3 1
     -1/2+1/2*t
;
  C 2 12  5 3  -2 -1 3 2
   1
    C 2 12  5 3  -2 -1 4 1
     3/2*s
    C 2 12  5 3  -3 0 3 2
     1/2-1/2*t-1/2*s
    C 2 12  5 3  -3 0 4 1
     -3/2*s
    C 2 12  5 2  -2 0 3 2
     2-t
    C 2 12  5 2  -2 0 4 1
     3/2*s^2-3/2*s
    C 2 12  4 2  -2 0 2 2
     -1
    C 2 12  4 2  -2 0 3 1
     -1/2+1/2*t-s
;
  C 2 12  5 3  -2 -1 3 2
   1
    C 2 12  5 3  -2 -1 4 1
     6
    C 2 12  5 3  -3 0 3 2
     -(-1+t+s)*s^(-1)
    C 2 12  5 3  -3 0 4 1
     -3
    C 2 12  5 2  -2 0 3 2
     -(-1+t*s+t-s)*s^(-1)
    C 2 12  5 2  -2 0 4 1
     3+3*s
    C 2 12  4 2  -2 0 2 2
     (-1+t)*s^(-1)
    C 2 12  4 2  -2 0 3 1
     -3
;
  C 2 12  5 3  -2 -1 3 2
   1
    C 2 12  5 3  -2 -1 4 1
     3
    C 2 12  5 3  -3 0 3 2
     -1
    C 2 12  5 3  -3 0 4 1
     -3
    C 2 12  5 2  -2 0 3 2
     1-t
    C 2 12  5 2  -2 0 4 1
     3*s
    C 2 12  4 2  -1 -1 3 1
     -2
    C 2 12  4 2  -2 0 3 1
     2
;
  C 2 12  5 3  -2 -1 2 3
   1
    C 2 12  5 3  -2 -1 3 2
     1
    C 2 12  5 2  -2 0 2 3
     2-t
    C 2 12  5 2  -2 0 3 2
     1
    C 2 12  4 2  -1 -1 2 2
     -1
    C 2 12  4 2  -2 0 1 3
     -1
    C 2 12  4 2  -2 0 2 2
     -1
    C 2 12  4 1  -1 0 2 2
     -1-s
    C 2 12  3 1  -1 0 1 2
     1
;
  C 2 12  5 3  -2 -1 2 3
   1
    C 2 12  5 3  -2 -1 3 2
     1
    C 2 12  5 2  -1 -1 3 2
     1-s
    C 2 12  4 2  -1 -1 2 2
     1/2-1/2*d
    C 2 12  4 2  -2 0 2 2
     -1/2
    C 2 12  4 1  0 -1 2 2
     -1
    C 2 12  4 1  -1 0 2 2
     -1
;
  C 2 12  5 3  -2 -1 2 3
   1
    C 2 12  5 3  -2 -1 3 2
     1
    C 2 12  5 2  -1 -1 3 2
     2-s
    C 2 12  4 2  -1 -1 2 2
     -3/2
    C 2 12  4 2  -1 -1 3 1
     -1
    C 2 12  4 2  -2 0 2 2
     -1/2
    C 2 12  4 1  0 -1 2 2
     -1
    C 2 12  4 1  -1 0 2 2
     -1/2-1/2*t
    C 2 12  3 1  0 -1 2 1
     1/2
    C 2 12  3 1  -1 0 2 1
     1/2
;
  C 2 12  5 3  -2 -1 2 3
   1
    C 2 12  5 3  -2 -1 3 2
     1/2*s
    C 2 12  5 3  -3 0 2 3
     -1/2-1/2*t
    C 2 12  5 2  -2 0 2 3
     1-t
    C 2 12  5 2  -2 0 3 2
     s
    C 2 12  4 2  -2 0 2 2
     -1/2+1/2*t
    C 2 12  4 2  -2 0 3 1
     -1/2*s
;
  C 2 12  5 3  -2 -1 2 3
   1
    C 2 12  5 3  -2 -1 3 2
     2
    C 2 12  5 3  -3 0 2 3
     -(-1+t+s)*s^(-1)
    C 2 12  5 3  -3 0 3 2
     -1
    C 2 12  5 2  -2 0 2 3
     -(-1+t*s+t-s)*s^(-1)
    C 2 12  5 2  -2 0 3 2
     1+s
    C 2 12  4 2  -2 0 1 3
     (-1+t)*s^(-1)
    C 2 12  4 2  -2 0 2 2
     -1
;
  C 2 12  5 3  -2 -1 2 3
   1
    C 2 12  5 3  -2 -1 3 2
     1/2*s
    C 2 12  5 3  -3 0 2 3
     1/2-1/2*t-1/2*s
    C 2 12  5 3  -3 0 3 2
     -1/2*s
    C 2 12  5 2  -2 0 2 3
     2-t
    C 2 12  5 2  -2 0 3 2
     1/2*s^2-1/2*s
    C 2 12  4 2  -2 0 1 3
     -1
    C 2 12  4 2  -2 0 2 2
     -1/2+1/2*t
    C 2 12  4 2  -2 0 3 1
     1/2*s
;
  C 2 12  5 3  -2 -1 2 3
   1
    C 2 12  5 3  -2 -1 3 2
     1
    C 2 12  5 3  -3 0 2 3
     -1
    C 2 12  5 3  -3 0 3 2
     -1
    C 2 12  5 2  -2 0 2 3
     1-t
    C 2 12  5 2  -2 0 3 2
     s
    C 2 12  4 2  -1 -1 2 2
     -1
    C 2 12  4 2  -2 0 2 2
     1
;
  C 2 12  5 3  -2 -1 1 4
   1
    C 2 12  5 3  -2 -1 2 3
     1/3
    C 2 12  5 2  -2 0 1 4
     2-t
    C 2 12  5 2  -2 0 2 3
     1/3
    C 2 12  4 2  -1 -1 1 3
     -2/3
    C 2 12  4 2  -2 0 1 3
     -1/3
    C 2 12  4 1  -1 0 1 3
     -2/3-2/3*s
;
  C 2 12  5 3  -2 -1 1 4
   1
    C 2 12  5 3  -2 -1 2 3
     1/3
    C 2 12  5 2  -1 -1 2 3
     1/3-1/3*s
    C 2 12  4 2  -1 -1 1 3
     1/3-1/3*d
    C 2 12  4 2  -2 0 1 3
     -1/3
    C 2 12  4 1  0 -1 1 3
     -2/3
    C 2 12  4 1  -1 0 1 3
     -2/3
;
  C 2 12  5 3  -2 -1 1 4
   1
    C 2 12  5 3  -2 -1 2 3
     1/3
    C 2 12  5 2  -1 -1 2 3
     2/3-1/3*s
    C 2 12  4 2  -1 -1 1 3
     -4/3
    C 2 12  4 2  -1 -1 2 2
     -1/3
    C 2 12  4 2  -2 0 1 3
     -1/3
    C 2 12  4 1  0 -1 1 3
     -2/3
    C 2 12  4 1  -1 0 1 3
     -1/3-1/3*t
    C 2 12  3 1  0 -1 1 2
     1/3
    C 2 12  3 1  -1 0 1 2
     1/3
;
  C 2 12  5 3  -2 -1 1 4
   1
    C 2 12  5 3  -2 -1 2 3
     1/6*s
    C 2 12  5 3  -3 0 1 4
     -1/2-1/2*t
    C 2 12  5 2  -2 0 1 4
     1-t
    C 2 12  5 2  -2 0 2 3
     1/3*s
    C 2 12  4 2  -2 0 1 3
     -1/2+1/2*t
    C 2 12  4 2  -2 0 2 2
     -1/6*s
;
  C 2 12  5 3  -2 -1 1 4
   1
    C 2 12  5 3  -2 -1 2 3
     2/3
    C 2 12  5 3  -3 0 1 4
     -(-1+t+s)*s^(-1)
    C 2 12  5 3  -3 0 2 3
     -1/3
    C 2 12  5 2  -2 0 1 4
     -(-1+t*s+t-s)*s^(-1)
    C 2 12  5 2  -2 0 2 3
     1/3+1/3*s
    C 2 12  4 2  -2 0 1 3
     -1/3
;
  C 2 12  5 3  -2 -1 1 4
   1
    C 2 12  5 3  -2 -1 2 3
     1/6*s
    C 2 12  5 3  -3 0 1 4
     1/2-1/2*t-1/2*s
    C 2 12  5 3  -3 0 2 3
     -1/6*s
    C 2 12  5 2  -2 0 1 4
     2-t
    C 2 12  5 2  -2 0 2 3
     1/6*s^2-1/6*s
    C 2 12  4 2  -2 0 1 3
     -1/2+1/2*t+1/3*s
    C 2 12  4 2  -2 0 2 2
     1/6*s
;
  C 2 12  5 3  -2 -1 1 4
   1
    C 2 12  5 3  -2 -1 2 3
     1/3
    C 2 12  5 3  -3 0 1 4
     -1
    C 2 12  5 3  -3 0 2 3
     -1/3
    C 2 12  5 2  -2 0 1 4
     1-t
    C 2 12  5 2  -2 0 2 3
     1/3*s
    C 2 12  4 2  -1 -1 1 3
     -2/3
    C 2 12  4 2  -2 0 1 3
     2/3
;
  C 2 12  5 3  -1 -2 3 2
   1
    C 2 12  5 3  -1 -2 4 1
     3
    C 2 12  5 2  -1 -1 3 2
     2-t
    C 2 12  5 2  -1 -1 4 1
     3
    C 2 12  4 2  0 -2 3 1
     -1
    C 2 12  4 2  -1 -1 2 2
     -1
    C 2 12  4 2  -1 -1 3 1
     -4
    C 2 12  4 1  0 -1 3 1
     -1-s
    C 2 12  4 1  -1 0 3 1
     -1
    C 2 12  3 1  0 -1 2 1
     1
    C 2 12  3 1  -1 0 2 1
     1
;
  C 2 12  5 3  -1 -2 3 2
   1
    C 2 12  5 3  -1 -2 4 1
     3
    C 2 12  5 2  0 -2 4 1
     3-3*s
    C 2 12  4 2  0 -2 3 1
     2-d
    C 2 12  4 2  -1 -1 3 1
     -2
    C 2 12  4 1  0 -1 3 1
     -4
;
  C 2 12  5 3  -1 -2 3 2
   1
    C 2 12  5 3  -1 -2 4 1
     3
    C 2 12  5 2  0 -2 4 1
     6-3*s
    C 2 12  4 2  0 -2 3 1
     -1
    C 2 12  4 2  -1 -1 3 1
     -2
    C 2 12  4 1  0 -1 3 1
     -2-2*t
;
  C 2 12  5 3  -1 -2 3 2
   1
    C 2 12  5 3  -1 -2 4 1
     3/2*s
    C 2 12  5 3  -2 -1 3 2
     -1/2-1/2*t
    C 2 12  5 2  -1 -1 3 2
     1-t
    C 2 12  5 2  -1 -1 4 1
     3*s
    C 2 12  4 2  -1 -1 3 1
     -1+t
    C 2 12  4 2  -2 0 3 1
     1/2-1/2*t
;
  C 2 12  5 3  -1 -2 3 2
   1
    C 2 12  5 3  -1 -2 4 1
     6
    C 2 12  5 3  -2 -1 3 2
     -(-1+t+s)*s^(-1)
    C 2 12  5 3  -2 -1 4 1
     -3
    C 2 12  5 2  -1 -1 3 2
     -(-1+t*s+t-s)*s^(-1)
    C 2 12  5 2  -1 -1 4 1
     3+3*s
    C 2 12  4 2  -1 -1 2 2
     (-1+t)*s^(-1)
    C 2 12  4 2  -1 -1 3 1
     -4
    C 2 12  4 2  -2 0 3 1
     1
;
  C 2 12  5 3  -1 -2 3 2
   1
    C 2 12  5 3  -1 -2 4 1
     3/2*s
    C 2 12  5 3  -2 -1 3 2
     1/2-1/2*t-1/2*s
    C 2 12  5 3  -2 -1 4 1
     -3/2*s
    C 2 12  5 2  -1 -1 3 2
     2-t
    C 2 12  5 2  -1 -1 4 1
     3/2*s^2-3/2*s
    C 2 12  4 2  -1 -1 2 2
     -1
    C 2 12  4 2  -1 -1 3 1
     -1+t-s
    C 2 12  4 2  -2 0 3 1
     1/2*s
    C 2 12  4 1  -1 0 3 1
     -1/2+1/2*t*s+1/2*t+1/2*s
    C 2 12  3 1  -1 0 2 1
     1/2-1/2*t
;
  C 2 12  5 3  -1 -2 3 2
   1
    C 2 12  5 3  -1 -2 4 1
     3
    C 2 12  5 3  -2 -1 3 2
     -1
    C 2 12  5 3  -2 -1 4 1
     -3
    C 2 12  5 2  -1 -1 3 2
     1-t
    C 2 12  5 2  -1 -1 4 1
     3*s
    C 2 12  4 2  0 -2 3 1
     -1
    C 2 12  4 2  -2 0 3 1
     1
;
  C 2 12  5 3  -1 -2 2 3
   1
    C 2 12  5 3  -1 -2 3 2
     1
    C 2 12  5 2  -1 -1 2 3
     2-t
    C 2 12  5 2  -1 -1 3 2
     1
    C 2 12  4 2  0 -2 2 2
     -1/2
    C 2 12  4 2  -1 -1 1 3
     -1
    C 2 12  4 2  -1 -1 2 2
     -3/2
    C 2 12  4 1  0 -1 2 2
     -1/2-1/2*s
    C 2 12  4 1  -1 0 2 2
     -1/2
    C 2 12  3 1  0 -1 1 2
     1/2
    C 2 12  3 1  -1 0 1 2
     1/2
;
  C 2 12  5 3  -1 -2 2 3
   1
    C 2 12  5 3  -1 -2 3 2
     1
    C 2 12  5 2  0 -2 3 2
     1-s
    C 2 12  4 2  0 -2 2 2
     1-1/2*d
    C 2 12  4 2  -1 -1 2 2
     -1
    C 2 12  4 1  0 -1 2 2
     -2
;
  C 2 12  5 3  -1 -2 2 3
   1
    C 2 12  5 3  -1 -2 3 2
     1
    C 2 12  5 2  0 -2 3 2
     2-s
    C 2 12  4 2  0 -2 2 2
     -1
    C 2 12  4 2  0 -2 3 1
     -1
    C 2 12  4 2  -1 -1 2 2
     -1
    C 2 12  4 1  0 -1 2 2
     -1-t
    C 2 12  3 1  0 -1 2 1
     1
;
  C 2 12  5 3  -1 -2 2 3
   1
    C 2 12  5 3  -1 -2 3 2
     1/2*s
    C 2 12  5 3  -2 -1 2 3
     -1/2-1/2*t
    C 2 12  5 2  -1 -1 2 3
     1-t
    C 2 12  5 2  -1 -1 3 2
     s
    C 2 12  4 2  -1 -1 2 2
     -3/4+3/4*t
    C 2 12  4 2  -1 -1 3 1
     -1/2*s
    C 2 12  4 2  -2 0 2 2
     1/4-1/4*t
;
  C 2 12  5 3  -1 -2 2 3
   1
    C 2 12  5 3  -1 -2 3 2
     2
    C 2 12  5 3  -2 -1 2 3
     -(-1+t+s)*s^(-1)
    C 2 12  5 3  -2 -1 3 2
     -1
    C 2 12  5 2  -1 -1 2 3
     -(-1+t*s+t-s)*s^(-1)
    C 2 12  5 2  -1 -1 3 2
     1+s
    C 2 12  4 2  -1 -1 1 3
     (-1+t)*s^(-1)
    C 2 12  4 2  -1 -1 2 2
     -3/2
    C 2 12  4 2  -2 0 2 2
     1/2
;
  C 2 12  5 3  -1 -2 2 3
   1
    C 2 12  5 3  -1 -2 3 2
     1/2*s
    C 2 12  5 3  -2 -1 2 3
     1/2-1/2*t-1/2*s
    C 2 12  5 3  -2 -1 3 2
     -1/2*s
    C 2 12  5 2  -1 -1 2 3
     2-t
    C 2 12  5 2  -1 -1 3 2
     1/2*s^2-1/2*s
    C 2 12  4 2  -1 -1 1 3
     -1
    C 2 12  4 2  -1 -1 2 2
     -3/4+3/4*t
    C 2 12  4 2  -1 -1 3 1
     1/2*s
    C 2 12  4 2  -2 0 2 2
     1/4*s
    C 2 12  4 1  -1 0 2 2
     -1/4+1/4*t*s+1/4*t+1/4*s
    C 2 12  3 1  -1 0 1 2
     1/4-1/4*t
    C 2 12  3 1  -1 0 2 1
     -1/4*s
;
  C 2 12  5 3  -1 -2 2 3
   1
    C 2 12  5 3  -1 -2 3 2
     1
    C 2 12  5 3  -2 -1 2 3
     -1
    C 2 12  5 3  -2 -1 3 2
     -1
    C 2 12  5 2  -1 -1 2 3
     1-t
    C 2 12  5 2  -1 -1 3 2
     s
    C 2 12  4 2  0 -2 2 2
     -1/2
    C 2 12  4 2  -2 0 2 2
     1/2
;
  C 2 12  5 3  -1 -2 1 4
   1
    C 2 12  5 3  -1 -2 2 3
     1/3
    C 2 12  5 2  -1 -1 1 4
     2-t
    C 2 12  5 2  -1 -1 2 3
     1/3
    C 2 12  4 2  0 -2 1 3
     -1/3
    C 2 12  4 2  -1 -1 1 3
     -2/3
    C 2 12  4 1  0 -1 1 3
     -1/3-1/3*s
    C 2 12  4 1  -1 0 1 3
     -1/3
;
  C 2 12  5 3  -1 -2 1 4
   1
    C 2 12  5 3  -1 -2 2 3
     1/3
    C 2 12  5 2  0 -2 2 3
     1/3-1/3*s
    C 2 12  4 2  0 -2 1 3
     2/3-1/3*d
    C 2 12  4 2  -1 -1 1 3
     -2/3
    C 2 12  4 1  0 -1 1 3
     -4/3
;
  C 2 12  5 3  -1 -2 1 4
   1
    C 2 12  5 3  -1 -2 2 3
     1/3
    C 2 12  5 2  0 -2 2 3
     2/3-1/3*s
    C 2 12  4 2  0 -2 1 3
     -1
    C 2 12  4 2  0 -2 2 2
     -1/3
    C 2 12  4 2  -1 -1 1 3
     -2/3
    C 2 12  4 1  0 -1 1 3
     -2/3-2/3*t
    C 2 12  3 1  0 -1 1 2
     2/3
;
  C 2 12  5 3  -1 -2 1 4
   1
    C 2 12  5 3  -1 -2 2 3
     1/6*s
    C 2 12  5 3  -2 -1 1 4
     -1/2-1/2*t
    C 2 12  5 2  -1 -1 1 4
     1-t
    C 2 12  5 2  -1 -1 2 3
     1/3*s
    C 2 12  4 2  -1 -1 1 3
     -2/3+2/3*t
    C 2 12  4 2  -1 -1 2 2
     -1/6*s
    C 2 12  4 2  -2 0 1 3
     1/6-1/6*t
;
  C 2 12  5 3  -1 -2 1 4
   1
    C 2 12  5 3  -1 -2 2 3
     2/3
    C 2 12  5 3  -2 -1 1 4
     -(-1+t+s)*s^(-1)
    C 2 12  5 3  -2 -1 2 3
     -1/3
    C 2 12  5 2  -1 -1 1 4
     -(-1+t*s+t-s)*s^(-1)
    C 2 12  5 2  -1 -1 2 3
     1/3+1/3*s
    C 2 12  4 2  -1 -1 1 3
     -2/3
    C 2 12  4 2  -2 0 1 3
     1/3
;
  C 2 12  5 3  -1 -2 1 4
   1
    C 2 12  5 3  -1 -2 2 3
     1/6*s
    C 2 12  5 3  -2 -1 1 4
     1/2-1/2*t-1/2*s
    C 2 12  5 3  -2 -1 2 3
     -1/6*s
    C 2 12  5 2  -1 -1 1 4
     2-t
    C 2 12  5 2  -1 -1 2 3
     1/6*s^2-1/6*s
    C 2 12  4 2  -1 -1 1 3
     -2/3+2/3*t+1/3*s
    C 2 12  4 2  -1 -1 2 2
     1/6*s
    C 2 12  4 2  -2 0 1 3
     1/6*s
    C 2 12  4 1  -1 0 1 3
     -1/6+1/6*t*s+1/6*t+1/6*s
    C 2 12  3 1  -1 0 1 2
     -1/6*s
;
  C 2 12  5 3  -1 -2 1 4
   1
    C 2 12  5 3  -1 -2 2 3
     1/3
    C 2 12  5 3  -2 -1 1 4
     -1
    C 2 12  5 3  -2 -1 2 3
     -1/3
    C 2 12  5 2  -1 -1 1 4
     1-t
    C 2 12  5 2  -1 -1 2 3
     1/3*s
    C 2 12  4 2  0 -2 1 3
     -1/3
    C 2 12  4 2  -2 0 1 3
     1/3
;
  C 2 12  5 3  0 -3 3 2
   1
    C 2 12  5 3  0 -3 4 1
     3
    C 2 12  5 2  0 -2 3 2
     2-t
    C 2 12  5 2  0 -2 4 1
     3
    C 2 12  4 2  0 -2 2 2
     -1
    C 2 12  4 2  0 -2 3 1
     -5
    C 2 12  4 1  0 -1 3 1
     -2
    C 2 12  3 1  0 -1 2 1
     2
;
  C 2 12  5 3  0 -3 3 2
   1
    C 2 12  5 3  0 -3 4 1
     3/2*s
    C 2 12  5 3  -1 -2 3 2
     -1/2-1/2*t
    C 2 12  5 2  0 -2 3 2
     1-t
    C 2 12  5 2  0 -2 4 1
     3*s
    C 2 12  4 2  0 -2 3 1
     -3/2+3/2*t
    C 2 12  4 2  -1 -1 3 1
     1-t
;
  C 2 12  5 3  0 -3 3 2
   1
    C 2 12  5 3  0 -3 4 1
     3
    C 2 12  5 3  -1 -2 3 2
     -1
    C 2 12  5 3  -1 -2 4 1
     -3
    C 2 12  5 2  0 -2 3 2
     1-t
    C 2 12  5 2  0 -2 4 1
     3*s
    C 2 12  4 2  0 -2 3 1
     -2
    C 2 12  4 2  -1 -1 3 1
     2
;
  C 2 12  5 3  0 -3 3 2
   1
    C 2 12  5 3  0 -3 4 1
     6
    C 2 12  5 3  -1 -2 3 2
     -(-1+t+s)*s^(-1)
    C 2 12  5 3  -1 -2 4 1
     -3
    C 2 12  5 2  0 -2 3 2
     -(-1+t*s+t-s)*s^(-1)
    C 2 12  5 2  0 -2 4 1
     3+3*s
    C 2 12  4 2  0 -2 2 2
     (-1+t)*s^(-1)
    C 2 12  4 2  0 -2 3 1
     -5
    C 2 12  4 2  -1 -1 3 1
     2
;
  C 2 12  5 3  0 -3 3 2
   1
    C 2 12  5 3  0 -3 4 1
     3/2*s
    C 2 12  5 3  -1 -2 3 2
     1/2-1/2*t-1/2*s
    C 2 12  5 3  -1 -2 4 1
     -3/2*s
    C 2 12  5 2  0 -2 3 2
     2-t
    C 2 12  5 2  0 -2 4 1
     3/2*s^2-3/2*s
    C 2 12  4 2  0 -2 2 2
     -1
    C 2 12  4 2  0 -2 3 1
     -3/2+3/2*t-s
    C 2 12  4 2  -1 -1 3 1
     s
    C 2 12  4 1  0 -1 3 1
     -1+t*s+t+s
    C 2 12  3 1  0 -1 2 1
     1-t
;
  C 2 12  5 3  0 -3 2 3
   1
    C 2 12  5 3  0 -3 3 2
     1
    C 2 12  5 2  0 -2 2 3
     2-t
    C 2 12  5 2  0 -2 3 2
     1
    C 2 12  4 2  0 -2 1 3
     -1
    C 2 12  4 2  0 -2 2 2
     -2
    C 2 12  4 1  0 -1 2 2
     -1
    C 2 12  3 1  0 -1 1 2
     1
;
  C 2 12  5 3  0 -3 2 3
   1
    C 2 12  5 3  0 -3 3 2
     1/2*s
    C 2 12  5 3  -1 -2 2 3
     -1/2-1/2*t
    C 2 12  5 2  0 -2 2 3
     1-t
    C 2 12  5 2  0 -2 3 2
     s
    C 2 12  4 2  0 -2 2 2
     -1+t
    C 2 12  4 2  0 -2 3 1
     -1/2*s
    C 2 12  4 2  -1 -1 2 2
     1/2-1/2*t
;
  C 2 12  5 3  0 -3 2 3
   1
    C 2 12  5 3  0 -3 3 2
     1
    C 2 12  5 3  -1 -2 2 3
     -1
    C 2 12  5 3  -1 -2 3 2
     -1
    C 2 12  5 2  0 -2 2 3
     1-t
    C 2 12  5 2  0 -2 3 2
     s
    C 2 12  4 2  0 -2 2 2
     -1
    C 2 12  4 2  -1 -1 2 2
     1
;
  C 2 12  5 3  0 -3 2 3
   1
    C 2 12  5 3  0 -3 3 2
     2
    C 2 12  5 3  -1 -2 2 3
     -(-1+t+s)*s^(-1)
    C 2 12  5 3  -1 -2 3 2
     -1
    C 2 12  5 2  0 -2 2 3
     -(-1+t*s+t-s)*s^(-1)
    C 2 12  5 2  0 -2 3 2
     1+s
    C 2 12  4 2  0 -2 1 3
     (-1+t)*s^(-1)
    C 2 12  4 2  0 -2 2 2
     -2
    C 2 12  4 2  -1 -1 2 2
     1
;
  C 2 12  5 3  0 -3 2 3
   1
    C 2 12  5 3  0 -3 3 2
     1/2*s
    C 2 12  5 3  -1 -2 2 3
     1/2-1/2*t-1/2*s
    C 2 12  5 3  -1 -2 3 2
     -1/2*s
    C 2 12  5 2  0 -2 2 3
     2-t
    C 2 12  5 2  0 -2 3 2
     1/2*s^2-1/2*s
    C 2 12  4 2  0 -2 1 3
     -1
    C 2 12  4 2  0 -2 2 2
     -1+t
    C 2 12  4 2  0 -2 3 1
     1/2*s
    C 2 12  4 2  -1 -1 2 2
     1/2*s
    C 2 12  4 1  0 -1 2 2
     -1/2+1/2*t*s+1/2*t+1/2*s
    C 2 12  3 1  0 -1 1 2
     1/2-1/2*t
    C 2 12  3 1  0 -1 2 1
     -1/2*s
;
  C 2 12  5 3  0 -3 1 4
   1
    C 2 12  5 3  0 -3 2 3
     1/3
    C 2 12  5 2  0 -2 1 4
     2-t
    C 2 12  5 2  0 -2 2 3
     1/3
    C 2 12  4 2  0 -2 1 3
     -1
    C 2 12  4 1  0 -1 1 3
     -2/3
;
  C 2 12  5 3  0 -3 1 4
   1
    C 2 12  5 3  0 -3 2 3
     1/6*s
    C 2 12  5 3  -1 -2 1 4
     -1/2-1/2*t
    C 2 12  5 2  0 -2 1 4
     1-t
    C 2 12  5 2  0 -2 2 3
     1/3*s
    C 2 12  4 2  0 -2 1 3
     -5/6+5/6*t
    C 2 12  4 2  0 -2 2 2
     -1/6*s
    C 2 12  4 2  -1 -1 1 3
     1/3-1/3*t
;
  C 2 12  5 3  0 -3 1 4
   1
    C 2 12  5 3  0 -3 2 3
     1/3
    C 2 12  5 3  -1 -2 1 4
     -1
    C 2 12  5 3  -1 -2 2 3
     -1/3
    C 2 12  5 2  0 -2 1 4
     1-t
    C 2 12  5 2  0 -2 2 3
     1/3*s
    C 2 12  4 2  0 -2 1 3
     -2/3
    C 2 12  4 2  -1 -1 1 3
     2/3
;
  C 2 12  5 3  0 -3 1 4
   1
    C 2 12  5 3  0 -3 2 3
     2/3
    C 2 12  5 3  -1 -2 1 4
     -(-1+t+s)*s^(-1)
    C 2 12  5 3  -1 -2 2 3
     -1/3
    C 2 12  5 2  0 -2 1 4
     -(-1+t*s+t-s)*s^(-1)
    C 2 12  5 2  0 -2 2 3
     1/3+1/3*s
    C 2 12  4 2  0 -2 1 3
     -1
    C 2 12  4 2  -1 -1 1 3
     2/3
;
  C 2 12  5 3  0 -3 1 4
   1
    C 2 12  5 3  0 -3 2 3
     1/6*s
    C 2 12  5 3  -1 -2 1 4
     1/2-1/2*t-1/2*s
    C 2 12  5 3  -1 -2 2 3
     -1/6*s
    C 2 12  5 2  0 -2 1 4
     2-t
    C 2 12  5 2  0 -2 2 3
     1/6*s^2-1/6*s
    C 2 12  4 2  0 -2 1 3
     -5/6+5/6*t+1/3*s
    C 2 12  4 2  0 -2 2 2
     1/6*s
    C 2 12  4 2  -1 -1 1 3
     1/3*s
    C 2 12  4 1  0 -1 1 3
     -1/3+1/3*t*s+1/3*t+1/3*s
    C 2 12  3 1  0 -1 1 2
     -1/3*s
;
  C 2 12  5 4  -4 0 3 2
   1
    C 2 12  5 4  -4 0 4 1
     3
    C 2 12  5 3  -3 0 4 1
     3-3*s
    C 2 12  4 3  -3 0 3 1
     -2-d
    C 2 12  4 2  -2 0 3 1
     -6
;
  C 2 12  5 4  -4 0 3 2
   1
    C 2 12  5 4  -4 0 4 1
     3
    C 2 12  5 3  -3 0 4 1
     6-3*s
    C 2 12  4 3  -3 0 3 1
     -4
    C 2 12  4 2  -2 0 3 1
     -6
;
  C 2 12  5 4  -4 0 2 3
   1
    C 2 12  5 4  -4 0 3 2
     1
    C 2 12  5 3  -3 0 3 2
     1-s
    C 2 12  4 3  -3 0 2 2
     -1-1/2*d
    C 2 12  4 2  -2 0 2 2
     -3
;
  C 2 12  5 4  -4 0 2 3
   1
    C 2 12  5 4  -4 0 3 2
     1
    C 2 12  5 3  -3 0 3 2
     2-s
    C 2 12  4 3  -3 0 2 2
     -5/2
    C 2 12  4 3  -3 0 3 1
     -1
    C 2 12  4 2  -2 0 2 2
     -3
    C 2 12  3 2  -2 0 2 1
     3/2
;
  C 2 12  5 4  -4 0 1 4
   1
    C 2 12  5 4  -4 0 2 3
     1/3
    C 2 12  5 3  -3 0 2 3
     1/3-1/3*s
    C 2 12  4 3  -3 0 1 3
     -2/3-1/3*d
    C 2 12  4 2  -2 0 1 3
     -2
;
  C 2 12  5 4  -4 0 1 4
   1
    C 2 12  5 4  -4 0 2 3
     1/3
    C 2 12  5 3  -3 0 2 3
     2/3-1/3*s
    C 2 12  4 3  -3 0 1 3
     -2
    C 2 12  4 3  -3 0 2 2
     -1/3
    C 2 12  4 2  -2 0 1 3
     -2
    C 2 12  3 2  -2 0 1 2
     1
;
  C 2 12  5 4  -3 -1 3 2
   1
    C 2 12  5 4  -3 -1 4 1
     3
    C 2 12  5 3  -3 0 3 2
     2-t
    C 2 12  5 3  -3 0 4 1
     3
    C 2 12  4 3  -2 -1 3 1
     -3
    C 2 12  4 3  -3 0 2 2
     -1
    C 2 12  4 3  -3 0 3 1
     -3
    C 2 12  4 2  -2 0 3 1
     -3-3*s
    C 2 12  3 2  -2 0 2 1
     3
;
  C 2 12  5 4  -3 -1 3 2
   1
    C 2 12  5 4  -3 -1 4 1
     3
    C 2 12  5 3  -2 -1 4 1
     3-3*s
    C 2 12  4 3  -2 -1 3 1
     -1-d
    C 2 12  4 3  -3 0 3 1
     -1
    C 2 12  4 2  -1 -1 3 1
     -4
    C 2 12  4 2  -2 0 3 1
     -2
;
  C 2 12  5 4  -3 -1 3 2
   1
    C 2 12  5 4  -3 -1 4 1
     3
    C 2 12  5 3  -2 -1 4 1
     6-3*s
    C 2 12  4 3  -2 -1 3 1
     -3
    C 2 12  4 3  -3 0 3 1
     -1
    C 2 12  4 2  -1 -1 3 1
     -4
    C 2 12  4 2  -2 0 3 1
     -1-t
;
  C 2 12  5 4  -3 -1 3 2
   1
    C 2 12  5 4  -3 -1 4 1
     3/2*s
    C 2 12  5 4  -4 0 3 2
     -1/2-1/2*t
    C 2 12  5 3  -3 0 3 2
     1-t
    C 2 12  5 3  -3 0 4 1
     3*s
    C 2 12  4 3  -3 0 3 1
     -1/2+1/2*t
;
  C 2 12  5 4  -3 -1 3 2
   1
    C 2 12  5 4  -3 -1 4 1
     3/2*s
    C 2 12  5 4  -4 0 3 2
     1/2-1/2*t-1/2*s
    C 2 12  5 4  -4 0 4 1
     -3/2*s
    C 2 12  5 3  -3 0 3 2
     2-t
    C 2 12  5 3  -3 0 4 1
     3/2*s^2-3/2*s
    C 2 12  4 3  -3 0 2 2
     -1
    C 2 12  4 3  -3 0 3 1
     -1/2+1/2*t-s
;
  C 2 12  5 4  -3 -1 3 2
   1
    C 2 12  5 4  -3 -1 4 1
     6
    C 2 12  5 4  -4 0 3 2
     -(-1+t+s)*s^(-1)
    C 2 12  5 4  -4 0 4 1
     -3
    C 2 12  5 3  -3 0 3 2
     -(-1+t*s+t-s)*s^(-1)
    C 2 12  5 3  -3 0 4 1
     3+3*s
    C 2 12  4 3  -3 0 2 2
     (-1+t)*s^(-1)
    C 2 12  4 3  -3 0 3 1
     -3
;
  C 2 12  5 4  -3 -1 3 2
   1
    C 2 12  5 4  -3 -1 4 1
     3
    C 2 12  5 4  -4 0 3 2
     -1
    C 2 12  5 4  -4 0 4 1
     -3
    C 2 12  5 3  -3 0 3 2
     1-t
    C 2 12  5 3  -3 0 4 1
     3*s
    C 2 12  4 3  -2 -1 3 1
     -3
    C 2 12  4 3  -3 0 3 1
     3
;
  C 2 12  5 4  -3 -1 2 3
   1
    C 2 12  5 4  -3 -1 3 2
     1
    C 2 12  5 3  -3 0 2 3
     2-t
    C 2 12  5 3  -3 0 3 2
     1
    C 2 12  4 3  -2 -1 2 2
     -3/2
    C 2 12  4 3  -3 0 1 3
     -1
    C 2 12  4 3  -3 0 2 2
     -1
    C 2 12  4 2  -2 0 2 2
     -3/2-3/2*s
    C 2 12  3 2  -2 0 1 2
     3/2
;
  C 2 12  5 4  -3 -1 2 3
   1
    C 2 12  5 4  -3 -1 3 2
     1
    C 2 12  5 3  -2 -1 3 2
     1-s
    C 2 12  4 3  -2 -1 2 2
     -1/2-1/2*d
    C 2 12  4 3  -3 0 2 2
     -1/2
    C 2 12  4 2  -1 -1 2 2
     -2
    C 2 12  4 2  -2 0 2 2
     -1
;
  C 2 12  5 4  -3 -1 2 3
   1
    C 2 12  5 4  -3 -1 3 2
     1
    C 2 12  5 3  -2 -1 3 2
     2-s
    C 2 12  4 3  -2 -1 2 2
     -2
    C 2 12  4 3  -2 -1 3 1
     -1
    C 2 12  4 3  -3 0 2 2
     -1/2
    C 2 12  4 2  -1 -1 2 2
     -2
    C 2 12  4 2  -2 0 2 2
     -1/2-1/2*t
    C 2 12  3 2  -1 -1 2 1
     1
    C 2 12  3 2  -2 0 2 1
     1/2
;
  C 2 12  5 4  -3 -1 2 3
   1
    C 2 12  5 4  -3 -1 3 2
     1/2*s
    C 2 12  5 4  -4 0 2 3
     -1/2-1/2*t
    C 2 12  5 3  -3 0 2 3
     1-t
    C 2 12  5 3  -3 0 3 2
     s
    C 2 12  4 3  -3 0 2 2
     -1/2+1/2*t
    C 2 12  4 3  -3 0 3 1
     -1/2*s
;
  C 2 12  5 4  -3 -1 2 3
   1
    C 2 12  5 4  -3 -1 3 2
     2
    C 2 12  5 4  -4 0 2 3
     -(-1+t+s)*s^(-1)
    C 2 12  5 4  -4 0 3 2
     -1
    C 2 12  5 3  -3 0 2 3
     -(-1+t*s+t-s)*s^(-1)
    C 2 12  5 3  -3 0 3 2
     1+s
    C 2 12  4 3  -3 0 1 3
     (-1+t)*s^(-1)
    C 2 12  4 3  -3 0 2 2
     -1
;
  C 2 12  5 4  -3 -1 2 3
   1
    C 2 12  5 4  -3 -1 3 2
     1/2*s
    C 2 12  5 4  -4 0 2 3
     1/2-1/2*t-1/2*s
    C 2 12  5 4  -4 0 3 2
     -1/2*s
    C 2 12  5 3  -3 0 2 3
     2-t
    C 2 12  5 3  -3 0 3 2
     1/2*s^2-1/2*s
    C 2 12  4 3  -3 0 1 3
     -1
    C 2 12  4 3  -3 0 2 2
     -1/2+1/2*t
    C 2 12  4 3  -3 0 3 1
     1/2*s
;
  C 2 12  5 4  -3 -1 2 3
   1
    C 2 12  5 4  -3 -1 3 2
     1
    C 2 12  5 4  -4 0 2 3
     -1
    C 2 12  5 4  -4 0 3 2
     -1
    C 2 12  5 3  -3 0 2 3
     1-t
    C 2 12  5 3  -3 0 3 2
     s
    C 2 12  4 3  -2 -1 2 2
     -3/2
    C 2 12  4 3  -3 0 2 2
     3/2
;
  C 2 12  5 4  -3 -1 1 4
   1
    C 2 12  5 4  -3 -1 2 3
     1/3
    C 2 12  5 3  -3 0 1 4
     2-t
    C 2 12  5 3  -3 0 2 3
     1/3
    C 2 12  4 3  -2 -1 1 3
     -1
    C 2 12  4 3  -3 0 1 3
     -1/3
    C 2 12  4 2  -2 0 1 3
     -1-s
;
  C 2 12  5 4  -3 -1 1 4
   1
    C 2 12  5 4  -3 -1 2 3
     1/3
    C 2 12  5 3  -2 -1 2 3
     1/3-1/3*s
    C 2 12  4 3  -2 -1 1 3
     -1/3-1/3*d
    C 2 12  4 3  -3 0 1 3
     -1/3
    C 2 12  4 2  -1 -1 1 3
     -4/3
    C 2 12  4 2  -2 0 1 3
     -2/3
;
  C 2 12  5 4  -3 -1 1 4
   1
    C 2 12  5 4  -3 -1 2 3
     1/3
    C 2 12  5 3  -2 -1 2 3
     2/3-1/3*s
    C 2 12  4 3  -2 -1 1 3
     -5/3
    C 2 12  4 3  -2 -1 2 2
     -1/3
    C 2 12  4 3  -3 0 1 3
     -1/3
    C 2 12  4 2  -1 -1 1 3
     -4/3
    C 2 12  4 2  -2 0 1 3
     -1/3-1/3*t
    C 2 12  3 2  -1 -1 1 2
     2/3
    C 2 12  3 2  -2 0 1 2
     1/3
;
  C 2 12  5 4  -3 -1 1 4
   1
    C 2 12  5 4  -3 -1 2 3
     1/6*s
    C 2 12  5 4  -4 0 1 4
     -1/2-1/2*t
    C 2 12  5 3  -3 0 1 4
     1-t
    C 2 12  5 3  -3 0 2 3
     1/3*s
    C 2 12  4 3  -3 0 1 3
     -1/2+1/2*t
    C 2 12  4 3  -3 0 2 2
     -1/6*s
;
  C 2 12  5 4  -3 -1 1 4
   1
    C 2 12  5 4  -3 -1 2 3
     2/3
    C 2 12  5 4  -4 0 1 4
     -(-1+t+s)*s^(-1)
    C 2 12  5 4  -4 0 2 3
     -1/3
    C 2 12  5 3  -3 0 1 4
     -(-1+t*s+t-s)*s^(-1)
    C 2 12  5 3  -3 0 2 3
     1/3+1/3*s
    C 2 12  4 3  -3 0 1 3
     -1/3
;
  C 2 12  5 4  -3 -1 1 4
   1
    C 2 12  5 4  -3 -1 2 3
     1/6*s
    C 2 12  5 4  -4 0 1 4
     1/2-1/2*t-1/2*s
    C 2 12  5 4  -4 0 2 3
     -1/6*s
    C 2 12  5 3  -3 0 1 4
     2-t
    C 2 12  5 3  -3 0 2 3
     1/6*s^2-1/6*s
    C 2 12  4 3  -3 0 1 3
     -1/2+1/2*t+1/3*s
    C 2 12  4 3  -3 0 2 2
     1/6*s
;
  C 2 12  5 4  -3 -1 1 4
   1
    C 2 12  5 4  -3 -1 2 3
     1/3
    C 2 12  5 4  -4 0 1 4
     -1
    C 2 12  5 4  -4 0 2 3
     -1/3
    C 2 12  5 3  -3 0 1 4
     1-t
    C 2 12  5 3  -3 0 2 3
     1/3*s
    C 2 12  4 3  -2 -1 1 3
     -1
    C 2 12  4 3  -3 0 1 3
     1
;
  C 2 12  5 4  -2 -2 3 2
   1
    C 2 12  5 4  -2 -2 4 1
     3
    C 2 12  5 3  -2 -1 3 2
     2-t
    C 2 12  5 3  -2 -1 4 1
     3
    C 2 12  4 3  -1 -2 3 1
     -2
    C 2 12  4 3  -2 -1 2 2
     -1
    C 2 12  4 3  -2 -1 3 1
     -4
    C 2 12  4 2  -1 -1 3 1
     -2-2*s
    C 2 12  4 2  -2 0 3 1
     -1
    C 2 12  3 2  -1 -1 2 1
     2
    C 2 12  3 2  -2 0 2 1
     1
;
  C 2 12  5 4  -2 -2 3 2
   1
    C 2 12  5 4  -2 -2 4 1
     3
    C 2 12  5 3  -1 -2 4 1
     3-3*s
    C 2 12  4 3  -1 -2 3 1
     -d
    C 2 12  4 3  -2 -1 3 1
     -2
    C 2 12  4 2  0 -2 3 1
     -2
    C 2 12  4 2  -1 -1 3 1
     -4
;
  C 2 12  5 4  -2 -2 3 2
   1
    C 2 12  5 4  -2 -2 4 1
     3
    C 2 12  5 3  -1 -2 4 1
     6-3*s
    C 2 12  4 3  -1 -2 3 1
     -2
    C 2 12  4 3  -2 -1 3 1
     -2
    C 2 12  4 2  0 -2 3 1
     -2
    C 2 12  4 2  -1 -1 3 1
     -2-2*t
;
  C 2 12  5 4  -2 -2 3 2
   1
    C 2 12  5 4  -2 -2 4 1
     3/2*s
    C 2 12  5 4  -3 -1 3 2
     -1/2-1/2*t
    C 2 12  5 3  -2 -1 3 2
     1-t
    C 2 12  5 3  -2 -1 4 1
     3*s
    C 2 12  4 3  -2 -1 3 1
     -1+t
    C 2 12  4 3  -3 0 3 1
     1/2-1/2*t
;
  C 2 12  5 4  -2 -2 3 2
   1
    C 2 12  5 4  -2 -2 4 1
     6
    C 2 12  5 4  -3 -1 3 2
     -(-1+t+s)*s^(-1)
    C 2 12  5 4  -3 -1 4 1
     -3
    C 2 12  5 3  -2 -1 3 2
     -(-1+t*s+t-s)*s^(-1)
    C 2 12  5 3  -2 -1 4 1
     3+3*s
    C 2 12  4 3  -2 -1 2 2
     (-1+t)*s^(-1)
    C 2 12  4 3  -2 -1 3 1
     -4
    C 2 12  4 3  -3 0 3 1
     1
;
  C 2 12  5 4  -2 -2 3 2
   1
    C 2 12  5 4  -2 -2 4 1
     3/2*s
    C 2 12  5 4  -3 -1 3 2
     1/2-1/2*t-1/2*s
    C 2 12  5 4  -3 -1 4 1
     -3/2*s
    C 2 12  5 3  -2 -1 3 2
     2-t
    C 2 12  5 3  -2 -1 4 1
     3/2*s^2-3/2*s
    C 2 12  4 3  -2 -1 2 2
     -1
    C 2 12  4 3  -2 -1 3 1
     -1+t-s
    C 2 12  4 3  -3 0 3 1
     1/2*s
    C 2 12  4 2  -2 0 3 1
     -1/2+1/2*t*s+1/2*t+1/2*s
    C 2 12  3 2  -2 0 2 1
     1/2-1/2*t
;
  C 2 12  5 4  -2 -2 3 2
   1
    C 2 12  5 4  -2 -2 4 1
     3
    C 2 12  5 4  -3 -1 3 2
     -1
    C 2 12  5 4  -3 -1 4 1
     -3
    C 2 12  5 3  -2 -1 3 2
     1-t
    C 2 12  5 3  -2 -1 4 1
     3*s
    C 2 12  4 3  -1 -2 3 1
     -2
    C 2 12  4 3  -2 -1 3 1
     1
    C 2 12  4 3  -3 0 3 1
     1
;
  C 2 12  5 4  -2 -2 2 3
   1
    C 2 12  5 4  -2 -2 3 2
     1
    C 2 12  5 3  -2 -1 2 3
     2-t
    C 2 12  5 3  -2 -1 3 2
     1
    C 2 12  4 3  -1 -2 2 2
     -1
    C 2 12  4 3  -2 -1 1 3
     -1
    C 2 12  4 3  -2 -1 2 2
     -3/2
    C 2 12  4 2  -1 -1 2 2
     -1-s
    C 2 12  4 2  -2 0 2 2
     -1/2
    C 2 12  3 2  -1 -1 1 2
     1
    C 2 12  3 2  -2 0 1 2
     1/2
;
  C 2 12  5 4  -2 -2 2 3
   1
    C 2 12  5 4  -2 -2 3 2
     1
    C 2 12  5 3  -1 -2 3 2
     1-s
    C 2 12  4 3  -1 -2 2 2
     -1/2*d
    C 2 12  4 3  -2 -1 2 2
     -1
    C 2 12  4 2  0 -2 2 2
     -1
    C 2 12  4 2  -1 -1 2 2
     -2
;
  C 2 12  5 4  -2 -2 2 3
   1
    C 2 12  5 4  -2 -2 3 2
     1
    C 2 12  5 3  -1 -2 3 2
     2-s
    C 2 12  4 3  -1 -2 2 2
     -3/2
    C 2 12  4 3  -1 -2 3 1
     -1
    C 2 12  4 3  -2 -1 2 2
     -1
    C 2 12  4 2  0 -2 2 2
     -1
    C 2 12  4 2  -1 -1 2 2
     -1-t
    C 2 12  3 2  0 -2 2 1
     1/2
    C 2 12  3 2  -1 -1 2 1
     1
;
  C 2 12  5 4  -2 -2 2 3
   1
    C 2 12  5 4  -2 -2 3 2
     1/2*s
    C 2 12  5 4  -3 -1 2 3
     -1/2-1/2*t
    C 2 12  5 3  -2 -1 2 3
     1-t
    C 2 12  5 3  -2 -1 3 2
     s
    C 2 12  4 3  -2 -1 2 2
     -3/4+3/4*t
    C 2 12  4 3  -2 -1 3 1
     -1/2*s
    C 2 12  4 3  -3 0 2 2
     1/4-1/4*t
;
  C 2 12  5 4  -2 -2 2 3
   1
    C 2 12  5 4  -2 -2 3 2
     2
    C 2 12  5 4  -3 -1 2 3
     -(-1+t+s)*s^(-1)
    C 2 12  5 4  -3 -1 3 2
     -1
    C 2 12  5 3  -2 -1 2 3
     -(-1+t*s+t-s)*s^(-1)
    C 2 12  5 3  -2 -1 3 2
     1+s
    C 2 12  4 3  -2 -1 1 3
     (-1+t)*s^(-1)
    C 2 12  4 3  -2 -1 2 2
     -3/2
    C 2 12  4 3  -3 0 2 2
     1/2
;
  C 2 12  5 4  -2 -2 2 3
   1
    C 2 12  5 4  -2 -2 3 2
     1/2*s
    C 2 12  5 4  -3 -1 2 3
     1/2-1/2*t-1/2*s
    C 2 12  5 4  -3 -1 3 2
     -1/2*s
    C 2 12  5 3  -2 -1 2 3
     2-t
    C 2 12  5 3  -2 -1 3 2
     1/2*s^2-1/2*s
    C 2 12  4 3  -2 -1 1 3
     -1
    C 2 12  4 3  -2 -1 2 2
     -3/4+3/4*t
    C 2 12  4 3  -2 -1 3 1
     1/2*s
    C 2 12  4 3  -3 0 2 2
     1/4*s
    C 2 12  4 2  -2 0 2 2
     -1/4+1/4*t*s+1/4*t+1/4*s
    C 2 12  3 2  -2 0 1 2
     1/4-1/4*t
    C 2 12  3 2  -2 0 2 1
     -1/4*s
;
  C 2 12  5 4  -2 -2 2 3
   1
    C 2 12  5 4  -2 -2 3 2
     1
    C 2 12  5 4  -3 -1 2 3
     -1
    C 2 12  5 4  -3 -1 3 2
     -1
    C 2 12  5 3  -2 -1 2 3
     1-t
    C 2 12  5 3  -2 -1 3 2
     s
    C 2 12  4 3  -1 -2 2 2
     -1
    C 2 12  4 3  -2 -1 2 2
     1/2
    C 2 12  4 3  -3 0 2 2
     1/2
;
  C 2 12  5 4  -2 -2 1 4
   1
    C 2 12  5 4  -2 -2 2 3
     1/3
    C 2 12  5 3  -2 -1 1 4
     2-t
    C 2 12  5 3  -2 -1 2 3
     1/3
    C 2 12  4 3  -1 -2 1 3
     -2/3
    C 2 12  4 3  -2 -1 1 3
     -2/3
    C 2 12  4 2  -1 -1 1 3
     -2/3-2/3*s
    C 2 12  4 2  -2 0 1 3
     -1/3
;
  C 2 12  5 4  -2 -2 1 4
   1
    C 2 12  5 4  -2 -2 2 3
     1/3
    C 2 12  5 3  -1 -2 2 3
     1/3-1/3*s
    C 2 12  4 3  -1 -2 1 3
     -1/3*d
    C 2 12  4 3  -2 -1 1 3
     -2/3
    C 2 12  4 2  0 -2 1 3
     -2/3
    C 2 12  4 2  -1 -1 1 3
     -4/3
;
  C 2 12  5 4  -2 -2 1 4
   1
    C 2 12  5 4  -2 -2 2 3
     1/3
    C 2 12  5 3  -1 -2 2 3
     2/3-1/3*s
    C 2 12  4 3  -1 -2 1 3
     -4/3
    C 2 12  4 3  -1 -2 2 2
     -1/3
    C 2 12  4 3  -2 -1 1 3
     -2/3
    C 2 12  4 2  0 -2 1 3
     -2/3
    C 2 12  4 2  -1 -1 1 3
     -2/3-2/3*t
    C 2 12  3 2  0 -2 1 2
     1/3
    C 2 12  3 2  -1 -1 1 2
     2/3
;
  C 2 12  5 4  -2 -2 1 4
   1
    C 2 12  5 4  -2 -2 2 3
     1/6*s
    C 2 12  5 4  -3 -1 1 4
     -1/2-1/2*t
    C 2 12  5 3  -2 -1 1 4
     1-t
    C 2 12  5 3  -2 -1 2 3
     1/3*s
    C 2 12  4 3  -2 -1 1 3
     -2/3+2/3*t
    C 2 12  4 3  -2 -1 2 2
     -1/6*s
    C 2 12  4 3  -3 0 1 3
     1/6-1/6*t
;
  C 2 12  5 4  -2 -2 1 4
   1
    C 2 12  5 4  -2 -2 2 3
     2/3
    C 2 12  5 4  -3 -1 1 4
     -(-1+t+s)*s^(-1)
    C 2 12  5 4  -3 -1 2 3
     -1/3
    C 2 12  5 3  -2 -1 1 4
     -(-1+t*s+t-s)*s^(-1)
    C 2 12  5 3  -2 -1 2 3
     1/3+1/3*s
    C 2 12  4 3  -2 -1 1 3
     -2/3
    C 2 12  4 3  -3 0 1 3
     1/3
;
  C 2 12  5 4  -2 -2 1 4
   1
    C 2 12  5 4  -2 -2 2 3
     1/6*s
    C 2 12  5 4  -3 -1 1 4
     1/2-1/2*t-1/2*s
    C 2 12  5 4  -3 -1 2 3
     -1/6*s
    C 2 12  5 3  -2 -1 1 4
     2-t
    C 2 12  5 3  -2 -1 2 3
     1/6*s^2-1/6*s
    C 2 12  4 3  -2 -1 1 3
     -2/3+2/3*t+1/3*s
    C 2 12  4 3  -2 -1 2 2
     1/6*s
    C 2 12  4 3  -3 0 1 3
     1/6*s
    C 2 12  4 2  -2 0 1 3
     -1/6+1/6*t*s+1/6*t+1/6*s
    C 2 12  3 2  -2 0 1 2
     -1/6*s
;
  C 2 12  5 4  -2 -2 1 4
   1
    C 2 12  5 4  -2 -2 2 3
     1/3
    C 2 12  5 4  -3 -1 1 4
     -1
    C 2 12  5 4  -3 -1 2 3
     -1/3
    C 2 12  5 3  -2 -1 1 4
     1-t
    C 2 12  5 3  -2 -1 2 3
     1/3*s
    C 2 12  4 3  -1 -2 1 3
     -2/3
    C 2 12  4 3  -2 -1 1 3
     1/3
    C 2 12  4 3  -3 0 1 3
     1/3
;
  C 2 12  5 4  -1 -3 3 2
   1
    C 2 12  5 4  -1 -3 4 1
     3
    C 2 12  5 3  -1 -2 3 2
     2-t
    C 2 12  5 3  -1 -2 4 1
     3
    C 2 12  4 3  0 -3 3 1
     -1
    C 2 12  4 3  -1 -2 2 2
     -1
    C 2 12  4 3  -1 -2 3 1
     -5
    C 2 12  4 2  0 -2 3 1
     -1-s
    C 2 12  4 2  -1 -1 3 1
     -2
    C 2 12  3 2  0 -2 2 1
     1
    C 2 12  3 2  -1 -1 2 1
     2
;
  C 2 12  5 4  -1 -3 3 2
   1
    C 2 12  5 4  -1 -3 4 1
     3
    C 2 12  5 3  0 -3 4 1
     3-3*s
    C 2 12  4 3  0 -3 3 1
     1-d
    C 2 12  4 3  -1 -2 3 1
     -3
    C 2 12  4 2  0 -2 3 1
     -6
;
  C 2 12  5 4  -1 -3 3 2
   1
    C 2 12  5 4  -1 -3 4 1
     3
    C 2 12  5 3  0 -3 4 1
     6-3*s
    C 2 12  4 3  0 -3 3 1
     -1
    C 2 12  4 3  -1 -2 3 1
     -3
    C 2 12  4 2  0 -2 3 1
     -3-3*t
;
  C 2 12  5 4  -1 -3 3 2
   1
    C 2 12  5 4  -1 -3 4 1
     3/2*s
    C 2 12  5 4  -2 -2 3 2
     -1/2-1/2*t
    C 2 12  5 3  -1 -2 3 2
     1-t
    C 2 12  5 3  -1 -2 4 1
     3*s
    C 2 12  4 3  -1 -2 3 1
     -3/2+3/2*t
    C 2 12  4 3  -2 -1 3 1
     1-t
;
  C 2 12  5 4  -1 -3 3 2
   1
    C 2 12  5 4  -1 -3 4 1
     6
    C 2 12  5 4  -2 -2 3 2
     -(-1+t+s)*s^(-1)
    C 2 12  5 4  -2 -2 4 1
     -3
    C 2 12  5 3  -1 -2 3 2
     -(-1+t*s+t-s)*s^(-1)
    C 2 12  5 3  -1 -2 4 1
     3+3*s
    C 2 12  4 3  -1 -2 2 2
     (-1+t)*s^(-1)
    C 2 12  4 3  -1 -2 3 1
     -5
    C 2 12  4 3  -2 -1 3 1
     2
;
  C 2 12  5 4  -1 -3 3 2
   1
    C 2 12  5 4  -1 -3 4 1
     3/2*s
    C 2 12  5 4  -2 -2 3 2
     1/2-1/2*t-1/2*s
    C 2 12  5 4  -2 -2 4 1
     -3/2*s
    C 2 12  5 3  -1 -2 3 2
     2-t
    C 2 12  5 3  -1 -2 4 1
     3/2*s^2-3/2*s
    C 2 12  4 3  -1 -2 2 2
     -1
    C 2 12  4 3  -1 -2 3 1
     -3/2+3/2*t-s
    C 2 12  4 3  -2 -1 3 1
     s
    C 2 12  4 2  -1 -1 3 1
     -1+t*s+t+s
    C 2 12  3 2  -1 -1 2 1
     1-t
;
  C 2 12  5 4  -1 -3 3 2
   1
    C 2 12  5 4  -1 -3 4 1
     3
    C 2 12  5 4  -2 -2 3 2
     -1
    C 2 12  5 4  -2 -2 4 1
     -3
    C 2 12  5 3  -1 -2 3 2
     1-t
    C 2 12  5 3  -1 -2 4 1
     3*s
    C 2 12  4 3  0 -3 3 1
     -1
    C 2 12  4 3  -1 -2 3 1
     -1
    C 2 12  4 3  -2 -1 3 1
     2
;
  C 2 12  5 4  -1 -3 2 3
   1
    C 2 12  5 4  -1 -3 3 2
     1
    C 2 12  5 3  -1 -2 2 3
     2-t
    C 2 12  5 3  -1 -2 3 2
     1
    C 2 12  4 3  0 -3 2 2
     -1/2
    C 2 12  4 3  -1 -2 1 3
     -1
    C 2 12  4 3  -1 -2 2 2
     -2
    C 2 12  4 2  0 -2 2 2
     -1/2-1/2*s
    C 2 12  4 2  -1 -1 2 2
     -1
    C 2 12  3 2  0 -2 1 2
     1/2
    C 2 12  3 2  -1 -1 1 2
     1
;
  C 2 12  5 4  -1 -3 2 3
   1
    C 2 12  5 4  -1 -3 3 2
     1
    C 2 12  5 3  0 -3 3 2
     1-s
    C 2 12  4 3  0 -3 2 2
     1/2-1/2*d
    C 2 12  4 3  -1 -2 2 2
     -3/2
    C 2 12  4 2  0 -2 2 2
     -3
;
  C 2 12  5 4  -1 -3 2 3
   1
    C 2 12  5 4  -1 -3 3 2
     1
    C 2 12  5 3  0 -3 3 2
     2-s
    C 2 12  4 3  0 -3 2 2
     -1
    C 2 12  4 3  0 -3 3 1
     -1
    C 2 12  4 3  -1 -2 2 2
     -3/2
    C 2 12  4 2  0 -2 2 2
     -3/2-3/2*t
    C 2 12  3 2  0 -2 2 1
     3/2
;
  C 2 12  5 4  -1 -3 2 3
   1
    C 2 12  5 4  -1 -3 3 2
     1/2*s
    C 2 12  5 4  -2 -2 2 3
     -1/2-1/2*t
    C 2 12  5 3  -1 -2 2 3
     1-t
    C 2 12  5 3  -1 -2 3 2
     s
    C 2 12  4 3  -1 -2 2 2
     -1+t
    C 2 12  4 3  -1 -2 3 1
     -1/2*s
    C 2 12  4 3  -2 -1 2 2
     1/2-1/2*t
;
  C 2 12  5 4  -1 -3 2 3
   1
    C 2 12  5 4  -1 -3 3 2
     2
    C 2 12  5 4  -2 -2 2 3
     -(-1+t+s)*s^(-1)
    C 2 12  5 4  -2 -2 3 2
     -1
    C 2 12  5 3  -1 -2 2 3
     -(-1+t*s+t-s)*s^(-1)
    C 2 12  5 3  -1 -2 3 2
     1+s
    C 2 12  4 3  -1 -2 1 3
     (-1+t)*s^(-1)
    C 2 12  4 3  -1 -2 2 2
     -2
    C 2 12  4 3  -2 -1 2 2
     1
;
  C 2 12  5 4  -1 -3 2 3
   1
    C 2 12  5 4  -1 -3 3 2
     1/2*s
    C 2 12  5 4  -2 -2 2 3
     1/2-1/2*t-1/2*s
    C 2 12  5 4  -2 -2 3 2
     -1/2*s
    C 2 12  5 3  -1 -2 2 3
     2-t
    C 2 12  5 3  -1 -2 3 2
     1/2*s^2-1/2*s
    C 2 12  4 3  -1 -2 1 3
     -1
    C 2 12  4 3  -1 -2 2 2
     -1+t
    C 2 12  4 3  -1 -2 3 1
     1/2*s
    C 2 12  4 3  -2 -1 2 2
     1/2*s
    C 2 12  4 2  -1 -1 2 2
     -1/2+1/2*t*s+1/2*t+1/2*s
    C 2 12  3 2  -1 -1 1 2
     1/2-1/2*t
    C 2 12  3 2  -1 -1 2 1
     -1/2*s
;
  C 2 12  5 4  -1 -3 2 3
   1
    C 2 12  5 4  -1 -3 3 2
     1
    C 2 12  5 4  -2 -2 2 3
     -1
    C 2 12  5 4  -2 -2 3 2
     -1
    C 2 12  5 3  -1 -2 2 3
     1-t
    C 2 12  5 3  -1 -2 3 2
     s
    C 2 12  4 3  0 -3 2 2
     -1/2
    C 2 12  4 3  -1 -2 2 2
     -1/2
    C 2 12  4 3  -2 -1 2 2
     1
;
  C 2 12  5 4  -1 -3 1 4
   1
    C 2 12  5 4  -1 -3 2 3
     1/3
    C 2 12  5 3  -1 -2 1 4
     2-t
    C 2 12  5 3  -1 -2 2 3
     1/3
    C 2 12  4 3  0 -3 1 3
     -1/3
    C 2 12  4 3  -1 -2 1 3
     -1
    C 2 12  4 2  0 -2 1 3
     -1/3-1/3*s
    C 2 12  4 2  -1 -1 1 3
     -2/3
;
  C 2 12  5 4  -1 -3 1 4
   1
    C 2 12  5 4  -1 -3 2 3
     1/3
    C 2 12  5 3  0 -3 2 3
     1/3-1/3*s
    C 2 12  4 3  0 -3 1 3
     1/3-1/3*d
    C 2 12  4 3  -1 -2 1 3
     -1
    C 2 12  4 2  0 -2 1 3
     -2
;
  C 2 12  5 4  -1 -3 1 4
   1
    C 2 12  5 4  -1 -3 2 3
     1/3
    C 2 12  5 3  0 -3 2 3
     2/3-1/3*s
    C 2 12  4 3  0 -3 1 3
     -1
    C 2 12  4 3  0 -3 2 2
     -1/3
    C 2 12  4 3  -1 -2 1 3
     -1
    C 2 12  4 2  0 -2 1 3
     -1-t
    C 2 12  3 2  0 -2 1 2
     1
;
  C 2 12  5 4  -1 -3 1 4
   1
    C 2 12  5 4  -1 -3 2 3
     1/6*s
    C 2 12  5 4  -2 -2 1 4
     -1/2-1/2*t
    C 2 12  5 3  -1 -2 1 4
     1-t
    C 2 12  5 3  -1 -2 2 3
     1/3*s
    C 2 12  4 3  -1 -2 1 3
     -5/6+5/6*t
    C 2 12  4 3  -1 -2 2 2
     -1/6*s
    C 2 12  4 3  -2 -1 1 3
     1/3-1/3*t
;
  C 2 12  5 4  -1 -3 1 4
   1
    C 2 12  5 4  -1 -3 2 3
     2/3
    C 2 12  5 4  -2 -2 1 4
     -(-1+t+s)*s^(-1)
    C 2 12  5 4  -2 -2 2 3
     -1/3
    C 2 12  5 3  -1 -2 1 4
     -(-1+t*s+t-s)*s^(-1)
    C 2 12  5 3  -1 -2 2 3
     1/3+1/3*s
    C 2 12  4 3  -1 -2 1 3
     -1
    C 2 12  4 3  -2 -1 1 3
     2/3
;
  C 2 12  5 4  -1 -3 1 4
   1
    C 2 12  5 4  -1 -3 2 3
     1/6*s
    C 2 12  5 4  -2 -2 1 4
     1/2-1/2*t-1/2*s
    C 2 12  5 4  -2 -2 2 3
     -1/6*s
    C 2 12  5 3  -1 -2 1 4
     2-t
    C 2 12  5 3  -1 -2 2 3
     1/6*s^2-1/6*s
    C 2 12  4 3  -1 -2 1 3
     -5/6+5/6*t+1/3*s
    C 2 12  4 3  -1 -2 2 2
     1/6*s
    C 2 12  4 3  -2 -1 1 3
     1/3*s
    C 2 12  4 2  -1 -1 1 3
     -1/3+1/3*t*s+1/3*t+1/3*s
    C 2 12  3 2  -1 -1 1 2
     -1/3*s
;
  C 2 12  5 4  -1 -3 1 4
   1
    C 2 12  5 4  -1 -3 2 3
     1/3
    C 2 12  5 4  -2 -2 1 4
     -1
    C 2 12  5 4  -2 -2 2 3
     -1/3
    C 2 12  5 3  -1 -2 1 4
     1-t
    C 2 12  5 3  -1 -2 2 3
     1/3*s
    C 2 12  4 3  0 -3 1 3
     -1/3
    C 2 12  4 3  -1 -2 1 3
     -1/3
    C 2 12  4 3  -2 -1 1 3
     2/3
;
  C 2 12  5 4  0 -4 3 2
   1
    C 2 12  5 4  0 -4 4 1
     3
    C 2 12  5 3  0 -3 3 2
     2-t
    C 2 12  5 3  0 -3 4 1
     3
    C 2 12  4 3  0 -3 2 2
     -1
    C 2 12  4 3  0 -3 3 1
     -6
    C 2 12  4 2  0 -2 3 1
     -3
    C 2 12  3 2  0 -2 2 1
     3
;
  C 2 12  5 4  0 -4 3 2
   1
    C 2 12  5 4  0 -4 4 1
     3/2*s
    C 2 12  5 4  -1 -3 3 2
     -1/2-1/2*t
    C 2 12  5 3  0 -3 3 2
     1-t
    C 2 12  5 3  0 -3 4 1
     3*s
    C 2 12  4 3  0 -3 3 1
     -2+2*t
    C 2 12  4 3  -1 -2 3 1
     3/2-3/2*t
;
  C 2 12  5 4  0 -4 3 2
   1
    C 2 12  5 4  0 -4 4 1
     3
    C 2 12  5 4  -1 -3 3 2
     -1
    C 2 12  5 4  -1 -3 4 1
     -3
    C 2 12  5 3  0 -3 3 2
     1-t
    C 2 12  5 3  0 -3 4 1
     3*s
    C 2 12  4 3  0 -3 3 1
     -3
    C 2 12  4 3  -1 -2 3 1
     3
;
  C 2 12  5 4  0 -4 3 2
   1
    C 2 12  5 4  0 -4 4 1
     6
    C 2 12  5 4  -1 -3 3 2
     -(-1+t+s)*s^(-1)
    C 2 12  5 4  -1 -3 4 1
     -3
    C 2 12  5 3  0 -3 3 2
     -(-1+t*s+t-s)*s^(-1)
    C 2 12  5 3  0 -3 4 1
     3+3*s
    C 2 12  4 3  0 -3 2 2
     (-1+t)*s^(-1)
    C 2 12  4 3  0 -3 3 1
     -6
    C 2 12  4 3  -1 -2 3 1
     3
;
  C 2 12  5 4  0 -4 3 2
   1
    C 2 12  5 4  0 -4 4 1
     3/2*s
    C 2 12  5 4  -1 -3 3 2
     1/2-1/2*t-1/2*s
    C 2 12  5 4  -1 -3 4 1
     -3/2*s
    C 2 12  5 3  0 -3 3 2
     2-t
    C 2 12  5 3  0 -3 4 1
     3/2*s^2-3/2*s
    C 2 12  4 3  0 -3 2 2
     -1
    C 2 12  4 3  0 -3 3 1
     -2+2*t-s
    C 2 12  4 3  -1 -2 3 1
     3/2*s
    C 2 12  4 2  0 -2 3 1
     -3/2+3/2*t*s+3/2*t+3/2*s
    C 2 12  3 2  0 -2 2 1
     3/2-3/2*t
;
  C 2 12  5 4  0 -4 2 3
   1
    C 2 12  5 4  0 -4 3 2
     1
    C 2 12  5 3  0 -3 2 3
     2-t
    C 2 12  5 3  0 -3 3 2
     1
    C 2 12  4 3  0 -3 1 3
     -1
    C 2 12  4 3  0 -3 2 2
     -5/2
    C 2 12  4 2  0 -2 2 2
     -3/2
    C 2 12  3 2  0 -2 1 2
     3/2
;
  C 2 12  5 4  0 -4 2 3
   1
    C 2 12  5 4  0 -4 3 2
     1/2*s
    C 2 12  5 4  -1 -3 2 3
     -1/2-1/2*t
    C 2 12  5 3  0 -3 2 3
     1-t
    C 2 12  5 3  0 -3 3 2
     s
    C 2 12  4 3  0 -3 2 2
     -5/4+5/4*t
    C 2 12  4 3  0 -3 3 1
     -1/2*s
    C 2 12  4 3  -1 -2 2 2
     3/4-3/4*t
;
  C 2 12  5 4  0 -4 2 3
   1
    C 2 12  5 4  0 -4 3 2
     1
    C 2 12  5 4  -1 -3 2 3
     -1
    C 2 12  5 4  -1 -3 3 2
     -1
    C 2 12  5 3  0 -3 2 3
     1-t
    C 2 12  5 3  0 -3 3 2
     s
    C 2 12  4 3  0 -3 2 2
     -3/2
    C 2 12  4 3  -1 -2 2 2
     3/2
;
  C 2 12  5 4  0 -4 2 3
   1
    C 2 12  5 4  0 -4 3 2
     2
    C 2 12  5 4  -1 -3 2 3
     -(-1+t+s)*s^(-1)
    C 2 12  5 4  -1 -3 3 2
     -1
    C 2 12  5 3  0 -3 2 3
     -(-1+t*s+t-s)*s^(-1)
    C 2 12  5 3  0 -3 3 2
     1+s
    C 2 12  4 3  0 -3 1 3
     (-1+t)*s^(-1)
    C 2 12  4 3  0 -3 2 2
     -5/2
    C 2 12  4 3  -1 -2 2 2
     3/2
;
  C 2 12  5 4  0 -4 2 3
   1
    C 2 12  5 4  0 -4 3 2
     1/2*s
    C 2 12  5 4  -1 -3 2 3
     1/2-1/2*t-1/2*s
    C 2 12  5 4  -1 -3 3 2
     -1/2*s
    C 2 12  5 3  0 -3 2 3
     2-t
    C 2 12  5 3  0 -3 3 2
     1/2*s^2-1/2*s
    C 2 12  4 3  0 -3 1 3
     -1
    C 2 12  4 3  0 -3 2 2
     -5/4+5/4*t
    C 2 12  4 3  0 -3 3 1
     1/2*s
    C 2 12  4 3  -1 -2 2 2
     3/4*s
    C 2 12  4 2  0 -2 2 2
     -3/4+3/4*t*s+3/4*t+3/4*s
    C 2 12  3 2  0 -2 1 2
     3/4-3/4*t
    C 2 12  3 2  0 -2 2 1
     -3/4*s
;
  C 2 12  5 4  0 -4 1 4
   1
    C 2 12  5 4  0 -4 2 3
     1/3
    C 2 12  5 3  0 -3 1 4
     2-t
    C 2 12  5 3  0 -3 2 3
     1/3
    C 2 12  4 3  0 -3 1 3
     -4/3
    C 2 12  4 2  0 -2 1 3
     -1
;
  C 2 12  5 4  0 -4 1 4
   1
    C 2 12  5 4  0 -4 2 3
     1/6*s
    C 2 12  5 4  -1 -3 1 4
     -1/2-1/2*t
    C 2 12  5 3  0 -3 1 4
     1-t
    C 2 12  5 3  0 -3 2 3
     1/3*s
    C 2 12  4 3  0 -3 1 3
     -1+t
    C 2 12  4 3  0 -3 2 2
     -1/6*s
    C 2 12  4 3  -1 -2 1 3
     1/2-1/2*t
;
  C 2 12  5 4  0 -4 1 4
   1
    C 2 12  5 4  0 -4 2 3
     1/3
    C 2 12  5 4  -1 -3 1 4
     -1
    C 2 12  5 4  -1 -3 2 3
     -1/3
    C 2 12  5 3  0 -3 1 4
     1-t
    C 2 12  5 3  0 -3 2 3
     1/3*s
    C 2 12  4 3  0 -3 1 3
     -1
    C 2 12  4 3  -1 -2 1 3
     1
;
  C 2 12  5 4  0 -4 1 4
   1
    C 2 12  5 4  0 -4 2 3
     2/3
    C 2 12  5 4  -1 -3 1 4
     -(-1+t+s)*s^(-1)
    C 2 12  5 4  -1 -3 2 3
     -1/3
    C 2 12  5 3  0 -3 1 4
     -(-1+t*s+t-s)*s^(-1)
    C 2 12  5 3  0 -3 2 3
     1/3+1/3*s
    C 2 12  4 3  0 -3 1 3
     -4/3
    C 2 12  4 3  -1 -2 1 3
     1
;
  C 2 12  5 4  0 -4 1 4
   1
    C 2 12  5 4  0 -4 2 3
     1/6*s
    C 2 12  5 4  -1 -3 1 4
     1/2-1/2*t-1/2*s
    C 2 12  5 4  -1 -3 2 3
     -1/6*s
    C 2 12  5 3  0 -3 1 4
     2-t
    C 2 12  5 3  0 -3 2 3
     1/6*s^2-1/6*s
    C 2 12  4 3  0 -3 1 3
     -1+t+1/3*s
    C 2 12  4 3  0 -3 2 2
     1/6*s
    C 2 12  4 3  -1 -2 1 3
     1/2*s
    C 2 12  4 2  0 -2 1 3
     -1/2+1/2*t*s+1/2*t+1/2*s
    C 2 12  3 2  0 -2 1 2
     -1/2*s
;
