  B 3 7  3 0  1 1 1 0
   1
    B 2 5  2 0  1 0 1 0
     2*(-4+d)^(-1)*(-3+d)*s^(-1)
;
  B 3 7  3 1  1 1 1 -1
   1
    B 2 5  2 0  1 0 1 0
     -(-4+d)^(-1)*(2+d*s-2*t-4*s)*s^(-1)
;
  B 3 7  3 2  1 1 1 -2
   1
    B 2 5  2 0  1 0 1 0
     -1/2*(-8+6*d*s^2-8*t^2-16*t*s-8*s^2+16*t+4*d*t*s-d^2*s^2)*(-4+d)^(-1)*(-2+d)^(-1)*s^(-1)
;
  B 3 7  3 3  1 1 1 -3
   1
    B 2 5  2 0  1 0 1 0
     -1/4*(48+36*d*s^2-6*d^2*t*s^2-48*t*s^2+8*d*s^3+144*t^2+96*t*s+24*d*t^2*s-48*t^3+d^3*s^3-48*s^2-144*t-24*d*t*s-96*t^2*s-6*d^2*s^3+36*d*t*s^2-6*d^2*s^2)*(-1+d)^(-1)*(-4+d)^(-1)*(-2+d)^(-1)*s^(-1)
;
  B 3 7  4 0  2 1 1 0
   1
    B 2 5  2 0  1 0 1 0
     -2*(-3+d)*s^(-2)
;
  B 3 7  4 0  1 2 1 0
   1
    B 2 5  2 0  1 0 1 0
     -4*(-6+d)^(-1)*(-3+d)*s^(-2)
;
  B 3 7  4 0  1 1 2 0
   1
    B 2 5  2 0  1 0 1 0
     -2*(-3+d)*s^(-2)
;
  B 3 7  4 1  2 1 1 -1
   1
    B 2 5  2 0  1 0 1 0
     (-4+d)^(-1)*(-6+2*d-7*d*s+d^2*s+6*t-2*d*t+12*s)*s^(-2)
;
  B 3 7  4 1  1 2 1 -1
   1
    B 2 5  2 0  1 0 1 0
     2*(-12+4*d-9*d*s+d^2*s+12*t-4*d*t+18*s)*(-4+d)^(-1)*(-6+d)^(-1)*s^(-2)
;
  B 3 7  4 1  1 1 2 -1
   1
    B 2 5  2 0  1 0 1 0
     (-4+d)^(-1)*(-6+2*d-7*d*s+d^2*s+6*t-2*d*t+12*s)*s^(-2)
;
  B 3 7  4 2  2 1 1 -2
   1
    B 2 5  2 0  1 0 1 0
     1/2*(-8+6*d*s^2-8*t^2-16*t*s-8*s^2+16*t+4*d*t*s-d^2*s^2)*(-4+d)^(-1)*s^(-2)
;
  B 3 7  4 2  1 2 1 -2
   1
    B 2 5  2 0  1 0 1 0
     (-24+10*d*s^2-24*t^2-48*t*s-4*d*s-24*s^2+48*t+8*d*t*s-d^2*s^2+24*s)*(-4+d)^(-1)*(-6+d)^(-1)*s^(-2)
;
  B 3 7  4 2  1 1 2 -2
   1
    B 2 5  2 0  1 0 1 0
     1/2*(-8+6*d*s^2-8*t^2-16*t*s-8*s^2+16*t+4*d*t*s-d^2*s^2)*(-4+d)^(-1)*s^(-2)
;
  B 3 7  4 3  2 1 1 -3
   1
    B 2 5  2 0  1 0 1 0
     1/4*(48+36*d*s^2-6*d^2*t*s^2-48*t*s^2+8*d*s^3+144*t^2+96*t*s+24*d*t^2*s-48*t^3+d^3*s^3-48*s^2-144*t-24*d*t*s-96*t^2*s-6*d^2*s^3+36*d*t*s^2-6*d^2*s^2)*(-4+d)^(-1)*(-2+d)^(-1)*s^(-2)
;
  B 3 7  4 3  1 2 1 -3
   1
    B 2 5  2 0  1 0 1 0
     -1/2*(-192+12*d^2*t*s^2+288*t*s^2-44*d*s^3-576*t^2-576*t*s-24*d*s-72*d*t^2*s+192*t^3-d^3*s^3+576*t+96*d*t*s+432*t^2*s+48*s^3+12*d^2*s^3-120*d*t*s^2+144*s)*(-4+d)^(-1)*(-6+d)^(-1)*(-2+d)^(-1)*s^(-2)
;
  B 3 7  4 3  1 1 2 -3
   1
    B 2 5  2 0  1 0 1 0
     1/4*(48+36*d*s^2-6*d^2*t*s^2-48*t*s^2+8*d*s^3+144*t^2+96*t*s+24*d*t^2*s-48*t^3+d^3*s^3-48*s^2-144*t-24*d*t*s-96*t^2*s-6*d^2*s^3+36*d*t*s^2-6*d^2*s^2)*(-4+d)^(-1)*(-2+d)^(-1)*s^(-2)
;
  B 3 7  4 4  2 1 1 -4
   1
    B 2 5  2 0  1 0 1 0
     1/8*(-1+d)^(-1)*(-384+288*d*t^2*s^2-48*d^2*t*s^3+192*d*t^3*s+4*d^2*s^4+128*d*s^3-2304*t^2-768*t*s+4*d^3*s^4-384*d*t^2*s+1536*t^3-384*t^4-d^4*s^4+16*d^3*s^3+1536*t+192*d*t*s+1536*t^2*s+8*d^3*t*s^3+64*d*t*s^3-16*d*s^4-48*d^2*t^2*s^2-384*t^2*s^2-96*d^2*s^3-768*t^3*s)*(-4+d)^(-1)*(-2+d)^(-1)*s^(-2)
;
  B 3 7  4 4  1 2 1 -4
   1
    B 3 7  4 0  1 2 1 0
     -(-1+t)^4
    B 2 5  2 0  1 0 1 0
     1/4*(-1+d)^(-1)*(-4+d)^(-1)*(256+176*d*t^4-144*d*t^2*s^2+128*t*s^3+16*d^2*t*s^3+176*d+256*d^2*t^3-64*d^3*t-384*t*s^2+6*d^2*s^4-384*d^2*t^2-48*d*s^3-64*d^3*t^3+256*d^2*t-64*d^2+1536*t^2+1152*t*s+16*d^3+96*d^3*t^2-d^3*s^4-1024*t^3+256*t^4-1024*t-704*d*t-1728*t^2*s+64*s^3+16*d^3*t^4-96*d*t*s^3-8*d*s^4+576*t^2*s^2+1056*d*t^2+8*d^2*s^3-64*d^2*t^4+96*d*t*s^2+768*t^3*s-192*s-704*d*t^3)*(-2+d)^(-1)*s^(-2)
;
  B 3 7  4 4  1 1 2 -4
   1
    B 2 5  2 0  1 0 1 0
     1/8*(-1+d)^(-1)*(-384+288*d*t^2*s^2-48*d^2*t*s^3+192*d*t^3*s+4*d^2*s^4+128*d*s^3-2304*t^2-768*t*s+4*d^3*s^4-384*d*t^2*s+1536*t^3-384*t^4-d^4*s^4+16*d^3*s^3+1536*t+192*d*t*s+1536*t^2*s+8*d^3*t*s^3+64*d*t*s^3-16*d*s^4-48*d^2*t^2*s^2-384*t^2*s^2-96*d^2*s^3-768*t^3*s)*(-4+d)^(-1)*(-2+d)^(-1)*s^(-2)
;
  B 3 7  5 0  3 1 1 0
   1
    B 2 5  2 0  1 0 1 0
     -(-15+8*d-d^2)*s^(-3)
;
  B 3 7  5 0  2 2 1 0
   1
    B 3 7  4 0  1 2 1 0
     s^(-1)
    B 2 5  2 0  1 0 1 0
     4*(-3+d)*s^(-3)
;
  B 3 7  5 0  2 1 2 0
   1
    B 3 7  4 0  1 2 1 0
     -s^(-1)
    B 2 5  2 0  1 0 1 0
     -2*(-21+10*d-d^2)*s^(-3)
;
  B 3 7  5 0  1 2 2 0
   1
    B 3 7  4 0  1 2 1 0
     (-5+d)*s^(-1)
;
  B 3 7  5 0  1 1 3 0
   1
    B 2 5  4 0  1 0 3 0
     s^(-1)
    B 2 5  4 0  2 0 2 0
     1/2*s^(-1)
;
  B 3 7  5 0  1 1 3 0
   1
    B 3 7  4 0  1 1 2 0
     1/2*(-5+d)*s^(-1)
;
  B 3 7  5 0  1 1 3 0
   1
    B 3 7  4 0  1 1 2 0
     -1/2*s^(-1)
    B 2 5  4 0  1 0 3 0
     2*s^(-1)
;
  B 3 7  5 1  3 1 1 -1
   1
    B 3 7  4 0  2 1 1 0
     1/2*(-1+t)*s^(-1)
    B 2 5  4 1  2 0 2 -1
     1/2*s^(-1)
    B 2 5  4 1  3 0 1 -1
     s^(-1)
    B 2 5  3 0  2 0 1 0
     -1/2*s^(-1)
;
  B 3 7  5 1  2 2 1 -1
   1
    B 3 7  4 1  1 1 2 -1
     s^(-1)
    B 3 7  4 1  1 2 1 -1
     s^(-1)
    B 3 7  4 1  2 1 1 -1
     s^(-1)
    B 3 7  4 0  1 2 1 0
     (-1+t)*s^(-1)
    B 3 7  3 0  1 1 1 0
     -s^(-1)
;
  B 3 7  5 1  2 1 2 -1
   1
    B 3 7  4 0  1 2 1 0
     -(-1+t)*s^(-1)
    B 3 7  4 0  2 1 1 0
     (-1+t)*s^(-1)
    B 2 5  4 0  2 0 2 0
     -1
;
  B 3 7  5 1  2 1 2 -1
   1
    B 3 7  4 1  1 1 2 -1
     -s^(-1)
    B 3 7  4 1  1 2 1 -1
     -s^(-1)
    B 3 7  4 0  2 1 1 0
     (-1+t)*s^(-1)
    B 3 7  3 0  1 1 1 0
     (-1+t+s)*s^(-2)
    B 2 5  4 1  2 0 2 -1
     2*s^(-1)
    B 2 5  3 0  2 0 1 0
     -s^(-1)
;
  B 3 7  5 1  2 1 2 -1
   1
    B 3 7  4 1  1 1 2 -1
     -s^(-1)
    B 3 7  4 1  1 2 1 -1
     -s^(-1)
    B 3 7  4 1  2 1 1 -1
     (-5+d)*s^(-1)
    B 3 7  3 0  1 1 1 0
     s^(-1)
;
  B 3 7  5 1  2 1 2 -1
   1
    B 3 7  4 1  1 1 2 -1
     -s^(-1)
    B 3 7  4 1  1 2 1 -1
     -s^(-1)
    B 3 7  4 1  2 1 1 -1
     -s^(-1)
    B 3 7  4 0  2 1 1 0
     (-1+t)*s^(-1)
    B 3 7  3 0  1 1 1 0
     s^(-1)
    B 2 5  4 1  2 0 2 -1
     s^(-1)
    B 2 5  4 1  3 0 1 -1
     2*s^(-1)
    B 2 5  3 0  2 0 1 0
     -s^(-1)
;
  B 3 7  5 1  2 1 2 -1
   1
    B 3 7  4 1  1 1 2 -1
     -s^(-1)
    B 3 7  4 1  1 2 1 -1
     -s^(-1)
    B 3 7  4 1  2 1 1 -1
     -s^(-1)
    B 3 7  4 0  1 1 2 0
     (-1+t)*s^(-1)
    B 3 7  3 0  1 1 1 0
     s^(-1)
    B 2 5  4 1  1 0 3 -1
     2*s^(-1)
    B 2 5  4 1  2 0 2 -1
     s^(-1)
    B 2 5  3 0  1 0 2 0
     -s^(-1)
;
  B 3 7  5 1  2 1 2 -1
   1
    B 3 7  5 1  2 2 1 -1
     1
    B 3 7  5 0  2 1 2 0
     s
    B 3 7  5 0  2 2 1 0
     1-t
    B 3 7  4 0  1 1 2 0
     -1
    B 3 7  4 0  1 2 1 0
     -1
    B 3 7  4 0  2 1 1 0
     -(-1+t+s)*s^(-1)
    B 2 5  4 0  2 0 2 0
     1
;
  B 3 7  5 1  2 1 2 -1
   1
    B 3 7  5 1  2 2 1 -1
     1
    B 3 7  5 1  3 1 1 -1
     2
    B 3 7  5 0  2 1 2 0
     s
    B 3 7  5 0  2 2 1 0
     1-t
    B 3 7  4 0  1 1 2 0
     -1
    B 3 7  4 0  1 2 1 0
     -1
    B 3 7  4 0  2 1 1 0
     -2
;
  B 3 7  5 1  1 2 2 -1
   1
    B 3 7  4 0  1 1 2 0
     -1
    B 3 7  4 0  1 2 1 0
     2*(-1+t)*s^(-1)
;
  B 3 7  5 1  1 2 2 -1
   1
    B 3 7  4 1  1 2 1 -1
     (-4+d)*s^(-1)
;
  B 3 7  5 1  1 2 2 -1
   1
    B 3 7  4 1  1 1 2 -1
     2*s^(-1)
    B 3 7  4 1  1 2 1 -1
     s^(-1)
    B 3 7  4 0  1 2 1 0
     (-1+t)*s^(-1)
    B 3 7  3 0  1 1 1 0
     -s^(-1)
;
  B 3 7  5 1  1 2 2 -1
   1
    B 3 7  4 1  1 1 2 -1
     s^(-1)
    B 3 7  4 1  1 2 1 -1
     s^(-1)
    B 3 7  4 1  2 1 1 -1
     s^(-1)
    B 3 7  4 0  1 2 1 0
     (-1+t)*s^(-1)
    B 3 7  3 0  1 1 1 0
     -s^(-1)
;
  B 3 7  5 1  1 2 2 -1
   1
    B 3 7  5 1  1 3 1 -1
     2
    B 3 7  5 0  1 2 2 0
     s
    B 3 7  5 0  1 3 1 0
     2-2*t
    B 3 7  4 0  1 1 2 0
     1
    B 3 7  4 0  1 2 1 0
     -(-2+2*t+s)*s^(-1)
;
  B 3 7  5 1  1 2 2 -1
   1
    B 3 7  5 1  1 3 1 -1
     2
    B 3 7  5 1  2 2 1 -1
     1
    B 3 7  5 0  1 2 2 0
     s
    B 3 7  5 0  1 3 1 0
     2-2*t
    B 3 7  4 0  1 2 1 0
     -1
;
  B 3 7  5 1  1 1 3 -1
   1
    B 3 7  4 0  1 1 2 0
     1/2*(-1+t)*s^(-1)
    B 2 5  4 0  1 0 3 0
     -1
;
  B 3 7  5 1  1 1 3 -1
   1
    B 3 7  4 0  1 1 2 0
     1/2*(-1+t)*s^(-1)
    B 2 5  4 1  1 0 3 -1
     s^(-1)
    B 2 5  4 1  2 0 2 -1
     1/2*s^(-1)
    B 2 5  3 0  1 0 2 0
     -1/2*s^(-1)
;
  B 3 7  5 1  1 1 3 -1
   1
    B 3 7  4 1  1 1 2 -1
     1/2*(-4+d)*s^(-1)
;
  B 3 7  5 1  1 1 3 -1
   1
    B 3 7  4 1  1 1 2 -1
     -1/2*s^(-1)
    B 3 7  4 0  1 1 2 0
     1/2*(-1+t)*s^(-1)
    B 3 7  3 0  1 1 1 0
     -1/2*(-1+t)*s^(-2)
    B 2 5  4 1  1 0 3 -1
     2*s^(-1)
    B 2 5  3 0  1 0 2 0
     -1/2*s^(-1)
;
  B 3 7  5 1  1 1 3 -1
   1
    B 3 7  5 1  1 2 2 -1
     1/2
    B 3 7  5 0  1 1 3 0
     s
    B 3 7  5 0  1 2 2 0
     1/2-1/2*t
    B 3 7  4 0  1 1 2 0
     -1/2*(-1+t+2*s)*s^(-1)
    B 3 7  4 0  1 2 1 0
     1/2*(-1+t)*s^(-1)
    B 2 5  4 0  1 0 3 0
     1
;
  B 3 7  5 1  1 1 3 -1
   1
    B 3 7  5 1  1 2 2 -1
     1/2
    B 3 7  5 1  2 1 2 -1
     1/2
    B 3 7  5 0  1 1 3 0
     s
    B 3 7  5 0  1 2 2 0
     1/2-1/2*t
    B 3 7  4 0  1 1 2 0
     -1/2
;
  B 3 7  5 2  3 1 1 -2
   1
    B 3 7  4 1  2 1 1 -1
     (-1+t)*s^(-1)
    B 2 5  4 2  2 0 2 -2
     1/2*s^(-1)
    B 2 5  4 2  3 0 1 -2
     s^(-1)
    B 2 5  3 1  2 0 1 -1
     -s^(-1)
;
  B 3 7  5 2  2 2 1 -2
   1
    B 3 7  4 2  1 1 2 -2
     s^(-1)
    B 3 7  4 2  1 2 1 -2
     s^(-1)
    B 3 7  4 2  2 1 1 -2
     s^(-1)
    B 3 7  4 1  1 2 1 -1
     2*(-1+t)*s^(-1)
    B 3 7  3 1  1 1 1 -1
     -2*s^(-1)
;
  B 3 7  5 2  2 1 2 -2
   1
    B 3 7  4 1  1 2 1 -1
     -(-1+t)*s^(-1)
    B 3 7  4 1  2 1 1 -1
     2*(-1+t)*s^(-1)
    B 3 7  3 0  1 1 1 0
     -(1+t)*s^(-1)
    B 2 5  4 1  2 0 2 -1
     -1
    B 2 5  3 0  2 0 1 0
     2*s^(-1)
;
  B 3 7  5 2  2 1 2 -2
   1
    B 3 7  4 2  1 1 2 -2
     -s^(-1)
    B 3 7  4 2  1 2 1 -2
     -s^(-1)
    B 3 7  4 1  2 1 1 -1
     2*(-1+t)*s^(-1)
    B 3 7  3 1  1 1 1 -1
     2*(-1+t+s)*s^(-2)
    B 2 5  4 2  2 0 2 -2
     2*s^(-1)
    B 2 5  3 1  2 0 1 -1
     -2*s^(-1)
;
  B 3 7  5 2  2 1 2 -2
   1
    B 3 7  4 2  1 1 2 -2
     -s^(-1)
    B 3 7  4 2  1 2 1 -2
     -s^(-1)
    B 3 7  4 2  2 1 1 -2
     (-4+d)*s^(-1)
    B 3 7  3 1  1 1 1 -1
     2*s^(-1)
;
  B 3 7  5 2  2 1 2 -2
   1
    B 3 7  4 2  1 1 2 -2
     -s^(-1)
    B 3 7  4 2  1 2 1 -2
     -s^(-1)
    B 3 7  4 2  2 1 1 -2
     -s^(-1)
    B 3 7  4 1  2 1 1 -1
     2*(-1+t)*s^(-1)
    B 3 7  3 1  1 1 1 -1
     2*s^(-1)
    B 2 5  4 2  2 0 2 -2
     s^(-1)
    B 2 5  4 2  3 0 1 -2
     2*s^(-1)
    B 2 5  3 1  2 0 1 -1
     -2*s^(-1)
;
  B 3 7  5 2  2 1 2 -2
   1
    B 3 7  4 2  1 1 2 -2
     -s^(-1)
    B 3 7  4 2  1 2 1 -2
     -s^(-1)
    B 3 7  4 2  2 1 1 -2
     -s^(-1)
    B 3 7  4 1  1 1 2 -1
     2*(-1+t)*s^(-1)
    B 3 7  3 1  1 1 1 -1
     2*s^(-1)
    B 2 5  4 2  1 0 3 -2
     2*s^(-1)
    B 2 5  4 2  2 0 2 -2
     s^(-1)
    B 2 5  3 1  1 0 2 -1
     -2*s^(-1)
;
  B 3 7  5 2  2 1 2 -2
   1
    B 3 7  5 2  2 2 1 -2
     1
    B 3 7  5 1  2 1 2 -1
     s
    B 3 7  5 1  2 2 1 -1
     1-t
    B 3 7  4 1  1 1 2 -1
     -1
    B 3 7  4 1  1 2 1 -1
     -1
    B 3 7  4 1  2 1 1 -1
     -2*(-1+t+s)*s^(-1)
    B 3 7  4 0  2 1 1 0
     -2
    B 3 7  3 0  1 1 1 0
     (-1+t+s)*s^(-1)
    B 2 5  4 1  2 0 2 -1
     1
    B 2 5  3 0  2 0 1 0
     -2*s^(-1)
;
  B 3 7  5 2  2 1 2 -2
   1
    B 3 7  5 2  2 2 1 -2
     1
    B 3 7  5 2  3 1 1 -2
     2
    B 3 7  5 1  2 1 2 -1
     s
    B 3 7  5 1  2 2 1 -1
     1-t
    B 3 7  4 1  1 1 2 -1
     -1
    B 3 7  4 1  1 2 1 -1
     -1
    B 3 7  4 1  2 1 1 -1
     -3
    B 3 7  4 0  2 1 1 0
     -2
    B 3 7  3 0  1 1 1 0
     1
;
  B 3 7  5 2  1 2 2 -2
   1
    B 3 7  4 1  1 1 2 -1
     -1
    B 3 7  4 1  1 2 1 -1
     3*(-1+t)*s^(-1)
    B 3 7  3 0  1 1 1 0
     2*s^(-1)
;
  B 3 7  5 2  1 2 2 -2
   1
    B 3 7  4 2  1 2 1 -2
     (-3+d)*s^(-1)
;
  B 3 7  5 2  1 2 2 -2
   1
    B 3 7  4 2  1 1 2 -2
     2*s^(-1)
    B 3 7  4 2  1 2 1 -2
     s^(-1)
    B 3 7  4 1  1 2 1 -1
     2*(-1+t)*s^(-1)
    B 3 7  3 1  1 1 1 -1
     -2*s^(-1)
;
  B 3 7  5 2  1 2 2 -2
   1
    B 3 7  4 2  1 1 2 -2
     s^(-1)
    B 3 7  4 2  1 2 1 -2
     s^(-1)
    B 3 7  4 2  2 1 1 -2
     s^(-1)
    B 3 7  4 1  1 2 1 -1
     2*(-1+t)*s^(-1)
    B 3 7  3 1  1 1 1 -1
     -2*s^(-1)
;
  B 3 7  5 2  1 2 2 -2
   1
    B 3 7  5 2  1 3 1 -2
     2
    B 3 7  5 1  1 2 2 -1
     s
    B 3 7  5 1  1 3 1 -1
     2-2*t
    B 3 7  4 1  1 1 2 -1
     1
    B 3 7  4 1  1 2 1 -1
     -(-3+3*t+2*s)*s^(-1)
    B 3 7  4 0  1 2 1 0
     -2
    B 3 7  3 0  1 1 1 0
     -2*s^(-1)
;
  B 3 7  5 2  1 2 2 -2
   1
    B 3 7  5 2  1 3 1 -2
     2
    B 3 7  5 2  2 2 1 -2
     1
    B 3 7  5 1  1 2 2 -1
     s
    B 3 7  5 1  1 3 1 -1
     2-2*t
    B 3 7  4 1  1 2 1 -1
     -2
    B 3 7  4 0  1 2 1 0
     -2
;
  B 3 7  5 2  1 1 3 -2
   1
    B 3 7  4 1  1 1 2 -1
     (-1+t)*s^(-1)
    B 2 5  4 1  1 0 3 -1
     -1
    B 2 5  3 0  1 0 2 0
     s^(-1)
;
  B 3 7  5 2  1 1 3 -2
   1
    B 3 7  4 1  1 1 2 -1
     (-1+t)*s^(-1)
    B 2 5  4 2  1 0 3 -2
     s^(-1)
    B 2 5  4 2  2 0 2 -2
     1/2*s^(-1)
    B 2 5  3 1  1 0 2 -1
     -s^(-1)
;
  B 3 7  5 2  1 1 3 -2
   1
    B 3 7  4 2  1 1 2 -2
     1/2*(-3+d)*s^(-1)
;
  B 3 7  5 2  1 1 3 -2
   1
    B 3 7  4 2  1 1 2 -2
     -1/2*s^(-1)
    B 3 7  4 1  1 1 2 -1
     (-1+t)*s^(-1)
    B 3 7  3 1  1 1 1 -1
     -(-1+t)*s^(-2)
    B 2 5  4 2  1 0 3 -2
     2*s^(-1)
    B 2 5  3 1  1 0 2 -1
     -s^(-1)
;
  B 3 7  5 2  1 1 3 -2
   1
    B 3 7  5 2  1 2 2 -2
     1/2
    B 3 7  5 1  1 1 3 -1
     s
    B 3 7  5 1  1 2 2 -1
     1/2-1/2*t
    B 3 7  4 1  1 1 2 -1
     -1/2*(-2+2*t+3*s)*s^(-1)
    B 3 7  4 1  1 2 1 -1
     1/2*(-1+t)*s^(-1)
    B 3 7  4 0  1 1 2 0
     -1
    B 3 7  3 0  1 1 1 0
     s^(-1)
    B 2 5  4 1  1 0 3 -1
     1
    B 2 5  3 0  1 0 2 0
     -s^(-1)
;
  B 3 7  5 2  1 1 3 -2
   1
    B 3 7  5 2  1 2 2 -2
     1/2
    B 3 7  5 2  2 1 2 -2
     1/2
    B 3 7  5 1  1 1 3 -1
     s
    B 3 7  5 1  1 2 2 -1
     1/2-1/2*t
    B 3 7  4 1  1 1 2 -1
     -1
    B 3 7  4 0  1 1 2 0
     -1
;
  B 3 7  5 3  3 1 1 -3
   1
    B 3 7  4 2  2 1 1 -2
     3/2*(-1+t)*s^(-1)
    B 2 5  4 3  2 0 2 -3
     1/2*s^(-1)
    B 2 5  4 3  3 0 1 -3
     s^(-1)
    B 2 5  3 2  2 0 1 -2
     -3/2*s^(-1)
;
  B 3 7  5 3  2 2 1 -3
   1
    B 3 7  4 3  1 1 2 -3
     s^(-1)
    B 3 7  4 3  1 2 1 -3
     s^(-1)
    B 3 7  4 3  2 1 1 -3
     s^(-1)
    B 3 7  4 2  1 2 1 -2
     3*(-1+t)*s^(-1)
    B 3 7  3 2  1 1 1 -2
     -3*s^(-1)
;
  B 3 7  5 3  2 1 2 -3
   1
    B 3 7  4 2  1 2 1 -2
     -(-1+t)*s^(-1)
    B 3 7  4 2  2 1 1 -2
     3*(-1+t)*s^(-1)
    B 3 7  3 1  1 1 1 -1
     -2*(1+t)*s^(-1)
    B 2 5  4 2  2 0 2 -2
     -1
    B 2 5  3 1  2 0 1 -1
     4*s^(-1)
;
  B 3 7  5 3  2 1 2 -3
   1
    B 3 7  4 3  1 1 2 -3
     -s^(-1)
    B 3 7  4 3  1 2 1 -3
     -s^(-1)
    B 3 7  4 2  2 1 1 -2
     3*(-1+t)*s^(-1)
    B 3 7  3 2  1 1 1 -2
     3*(-1+t+s)*s^(-2)
    B 2 5  4 3  2 0 2 -3
     2*s^(-1)
    B 2 5  3 2  2 0 1 -2
     -3*s^(-1)
;
  B 3 7  5 3  2 1 2 -3
   1
    B 3 7  4 3  1 1 2 -3
     -s^(-1)
    B 3 7  4 3  1 2 1 -3
     -s^(-1)
    B 3 7  4 3  2 1 1 -3
     (-3+d)*s^(-1)
    B 3 7  3 2  1 1 1 -2
     3*s^(-1)
;
  B 3 7  5 3  2 1 2 -3
   1
    B 3 7  4 3  1 1 2 -3
     -s^(-1)
    B 3 7  4 3  1 2 1 -3
     -s^(-1)
    B 3 7  4 3  2 1 1 -3
     -s^(-1)
    B 3 7  4 2  2 1 1 -2
     3*(-1+t)*s^(-1)
    B 3 7  3 2  1 1 1 -2
     3*s^(-1)
    B 2 5  4 3  2 0 2 -3
     s^(-1)
    B 2 5  4 3  3 0 1 -3
     2*s^(-1)
    B 2 5  3 2  2 0 1 -2
     -3*s^(-1)
;
  B 3 7  5 3  2 1 2 -3
   1
    B 3 7  4 3  1 1 2 -3
     -s^(-1)
    B 3 7  4 3  1 2 1 -3
     -s^(-1)
    B 3 7  4 3  2 1 1 -3
     -s^(-1)
    B 3 7  4 2  1 1 2 -2
     3*(-1+t)*s^(-1)
    B 3 7  3 2  1 1 1 -2
     3*s^(-1)
    B 2 5  4 3  1 0 3 -3
     2*s^(-1)
    B 2 5  4 3  2 0 2 -3
     s^(-1)
    B 2 5  3 2  1 0 2 -2
     -3*s^(-1)
;
  B 3 7  5 3  2 1 2 -3
   1
    B 3 7  5 3  2 2 1 -3
     1
    B 3 7  5 2  2 1 2 -2
     s
    B 3 7  5 2  2 2 1 -2
     1-t
    B 3 7  4 2  1 1 2 -2
     -1
    B 3 7  4 2  1 2 1 -2
     -1
    B 3 7  4 2  2 1 1 -2
     -3*(-1+t+s)*s^(-1)
    B 3 7  4 1  2 1 1 -1
     -4
    B 3 7  3 1  1 1 1 -1
     2*(-1+t+s)*s^(-1)
    B 2 5  4 2  2 0 2 -2
     1
    B 2 5  3 1  2 0 1 -1
     -4*s^(-1)
;
  B 3 7  5 3  2 1 2 -3
   1
    B 3 7  5 3  2 2 1 -3
     1
    B 3 7  5 3  3 1 1 -3
     2
    B 3 7  5 2  2 1 2 -2
     s
    B 3 7  5 2  2 2 1 -2
     1-t
    B 3 7  4 2  1 1 2 -2
     -1
    B 3 7  4 2  1 2 1 -2
     -1
    B 3 7  4 2  2 1 1 -2
     -4
    B 3 7  4 1  2 1 1 -1
     -4
    B 3 7  3 1  1 1 1 -1
     2
;
  B 3 7  5 3  1 2 2 -3
   1
    B 3 7  4 2  1 1 2 -2
     -1
    B 3 7  4 2  1 2 1 -2
     4*(-1+t)*s^(-1)
    B 3 7  3 1  1 1 1 -1
     4*s^(-1)
;
  B 3 7  5 3  1 2 2 -3
   1
    B 3 7  4 3  1 2 1 -3
     (-2+d)*s^(-1)
;
  B 3 7  5 3  1 2 2 -3
   1
    B 3 7  4 3  1 1 2 -3
     2*s^(-1)
    B 3 7  4 3  1 2 1 -3
     s^(-1)
    B 3 7  4 2  1 2 1 -2
     3*(-1+t)*s^(-1)
    B 3 7  3 2  1 1 1 -2
     -3*s^(-1)
;
  B 3 7  5 3  1 2 2 -3
   1
    B 3 7  4 3  1 1 2 -3
     s^(-1)
    B 3 7  4 3  1 2 1 -3
     s^(-1)
    B 3 7  4 3  2 1 1 -3
     s^(-1)
    B 3 7  4 2  1 2 1 -2
     3*(-1+t)*s^(-1)
    B 3 7  3 2  1 1 1 -2
     -3*s^(-1)
;
  B 3 7  5 3  1 2 2 -3
   1
    B 3 7  5 3  1 3 1 -3
     2
    B 3 7  5 2  1 2 2 -2
     s
    B 3 7  5 2  1 3 1 -2
     2-2*t
    B 3 7  4 2  1 1 2 -2
     1
    B 3 7  4 2  1 2 1 -2
     -(-4+4*t+3*s)*s^(-1)
    B 3 7  4 1  1 2 1 -1
     -4
    B 3 7  3 1  1 1 1 -1
     -4*s^(-1)
;
  B 3 7  5 3  1 2 2 -3
   1
    B 3 7  5 3  1 3 1 -3
     2
    B 3 7  5 3  2 2 1 -3
     1
    B 3 7  5 2  1 2 2 -2
     s
    B 3 7  5 2  1 3 1 -2
     2-2*t
    B 3 7  4 2  1 2 1 -2
     -3
    B 3 7  4 1  1 2 1 -1
     -4
;
  B 3 7  5 3  1 1 3 -3
   1
    B 3 7  4 2  1 1 2 -2
     3/2*(-1+t)*s^(-1)
    B 2 5  4 2  1 0 3 -2
     -1
    B 2 5  3 1  1 0 2 -1
     2*s^(-1)
;
  B 3 7  5 3  1 1 3 -3
   1
    B 3 7  4 2  1 1 2 -2
     3/2*(-1+t)*s^(-1)
    B 2 5  4 3  1 0 3 -3
     s^(-1)
    B 2 5  4 3  2 0 2 -3
     1/2*s^(-1)
    B 2 5  3 2  1 0 2 -2
     -3/2*s^(-1)
;
  B 3 7  5 3  1 1 3 -3
   1
    B 3 7  4 3  1 1 2 -3
     1/2*(-2+d)*s^(-1)
;
  B 3 7  5 3  1 1 3 -3
   1
    B 3 7  4 3  1 1 2 -3
     -1/2*s^(-1)
    B 3 7  4 2  1 1 2 -2
     3/2*(-1+t)*s^(-1)
    B 3 7  3 2  1 1 1 -2
     -3/2*(-1+t)*s^(-2)
    B 2 5  4 3  1 0 3 -3
     2*s^(-1)
    B 2 5  3 2  1 0 2 -2
     -3/2*s^(-1)
;
  B 3 7  5 3  1 1 3 -3
   1
    B 3 7  5 3  1 2 2 -3
     1/2
    B 3 7  5 2  1 1 3 -2
     s
    B 3 7  5 2  1 2 2 -2
     1/2-1/2*t
    B 3 7  4 2  1 1 2 -2
     -1/2*(-3+3*t+4*s)*s^(-1)
    B 3 7  4 2  1 2 1 -2
     1/2*(-1+t)*s^(-1)
    B 3 7  4 1  1 1 2 -1
     -2
    B 3 7  3 1  1 1 1 -1
     2*s^(-1)
    B 2 5  4 2  1 0 3 -2
     1
    B 2 5  3 1  1 0 2 -1
     -2*s^(-1)
;
  B 3 7  5 3  1 1 3 -3
   1
    B 3 7  5 3  1 2 2 -3
     1/2
    B 3 7  5 3  2 1 2 -3
     1/2
    B 3 7  5 2  1 1 3 -2
     s
    B 3 7  5 2  1 2 2 -2
     1/2-1/2*t
    B 3 7  4 2  1 1 2 -2
     -3/2
    B 3 7  4 1  1 1 2 -1
     -2
;
  B 3 7  5 4  2 1 2 -4
   1
    B 3 7  4 3  1 2 1 -3
     -(-1+t)*s^(-1)
    B 3 7  4 3  2 1 1 -3
     4*(-1+t)*s^(-1)
    B 3 7  3 2  1 1 1 -2
     -3*(1+t)*s^(-1)
    B 2 5  4 3  2 0 2 -3
     -1
    B 2 5  3 2  2 0 1 -2
     6*s^(-1)
;
  B 3 7  5 4  2 1 2 -4
   1
    B 3 7  5 4  2 2 1 -4
     1
    B 3 7  5 3  2 1 2 -3
     s
    B 3 7  5 3  2 2 1 -3
     1-t
    B 3 7  4 3  1 1 2 -3
     -1
    B 3 7  4 3  1 2 1 -3
     -1
    B 3 7  4 3  2 1 1 -3
     -4*(-1+t+s)*s^(-1)
    B 3 7  4 2  2 1 1 -2
     -6
    B 3 7  3 2  1 1 1 -2
     3*(-1+t+s)*s^(-1)
    B 2 5  4 3  2 0 2 -3
     1
    B 2 5  3 2  2 0 1 -2
     -6*s^(-1)
;
  B 3 7  5 4  2 1 2 -4
   1
    B 3 7  5 4  2 2 1 -4
     1
    B 3 7  5 4  3 1 1 -4
     2
    B 3 7  5 3  2 1 2 -3
     s
    B 3 7  5 3  2 2 1 -3
     1-t
    B 3 7  4 3  1 1 2 -3
     -1
    B 3 7  4 3  1 2 1 -3
     -1
    B 3 7  4 3  2 1 1 -3
     -5
    B 3 7  4 2  2 1 1 -2
     -6
    B 3 7  3 2  1 1 1 -2
     3
;
  B 3 7  5 4  1 2 2 -4
   1
    B 3 7  4 3  1 1 2 -3
     -1
    B 3 7  4 3  1 2 1 -3
     5*(-1+t)*s^(-1)
    B 3 7  3 2  1 1 1 -2
     6*s^(-1)
;
  B 3 7  5 4  1 2 2 -4
   1
    B 3 7  5 4  1 3 1 -4
     2
    B 3 7  5 3  1 2 2 -3
     s
    B 3 7  5 3  1 3 1 -3
     2-2*t
    B 3 7  4 3  1 1 2 -3
     1
    B 3 7  4 3  1 2 1 -3
     -(-5+5*t+4*s)*s^(-1)
    B 3 7  4 2  1 2 1 -2
     -6
    B 3 7  3 2  1 1 1 -2
     -6*s^(-1)
;
  B 3 7  5 4  1 2 2 -4
   1
    B 3 7  5 4  1 3 1 -4
     2
    B 3 7  5 4  2 2 1 -4
     1
    B 3 7  5 3  1 2 2 -3
     s
    B 3 7  5 3  1 3 1 -3
     2-2*t
    B 3 7  4 3  1 2 1 -3
     -4
    B 3 7  4 2  1 2 1 -2
     -6
;
  B 3 7  5 4  1 1 3 -4
   1
    B 3 7  4 3  1 1 2 -3
     2*(-1+t)*s^(-1)
    B 2 5  4 3  1 0 3 -3
     -1
    B 2 5  3 2  1 0 2 -2
     3*s^(-1)
;
  B 3 7  5 4  1 1 3 -4
   1
    B 3 7  5 4  1 2 2 -4
     1/2
    B 3 7  5 3  1 1 3 -3
     s
    B 3 7  5 3  1 2 2 -3
     1/2-1/2*t
    B 3 7  4 3  1 1 2 -3
     -1/2*(-4+4*t+5*s)*s^(-1)
    B 3 7  4 3  1 2 1 -3
     1/2*(-1+t)*s^(-1)
    B 3 7  4 2  1 1 2 -2
     -3
    B 3 7  3 2  1 1 1 -2
     3*s^(-1)
    B 2 5  4 3  1 0 3 -3
     1
    B 2 5  3 2  1 0 2 -2
     -3*s^(-1)
;
  B 3 7  5 4  1 1 3 -4
   1
    B 3 7  5 4  1 2 2 -4
     1/2
    B 3 7  5 4  2 1 2 -4
     1/2
    B 3 7  5 3  1 1 3 -3
     s
    B 3 7  5 3  1 2 2 -3
     1/2-1/2*t
    B 3 7  4 3  1 1 2 -3
     -2
    B 3 7  4 2  1 1 2 -2
     -3
;
