  B 2 12  2 1  -1 0 1 1
   1
    B 2 12  2 0  0 0 1 1
     1-1/2*s
;
  B 2 12  2 1  0 -1 1 1
   1
    B 2 12  2 0  0 0 1 1
     1/2-1/2*t
;
  B 2 12  2 2  -2 0 1 1
   1
    B 2 12  2 0  0 0 1 1
     -1/4*(-4+4*d+s^2*d-4*s*d)*(-1+d)^(-1)
;
  B 2 12  2 2  -1 -1 1 1
   1
    B 2 12  2 0  0 0 1 1
     -1/4*(-1+d)^(-1)*(-2+2*d-2*d*t-2*s*t-s*d+2*t+s*d*t)
;
  B 2 12  2 2  0 -2 1 1
   1
    B 2 12  2 0  0 0 1 1
     -1/4*(d+d*t^2-2*d*t)*(-1+d)^(-1)
;
  B 2 12  3 0  0 0 2 1
   1
    B 2 12  2 0  0 0 1 1
     -3+d
;
  B 2 12  3 0  0 0 1 2
   1
    B 2 12  2 0  0 0 1 1
     -3+d
;
  B 2 12  3 1  -1 0 2 1
   1
    B 2 12  2 0  0 0 1 1
     1/2*(-2+s)*(-2+d)
;
  B 2 12  3 1  -1 0 1 2
   1
    B 2 12  2 0  0 0 1 1
     3-2*s-d+1/2*s*d
;
  B 2 12  3 1  0 -1 2 1
   1
    B 2 12  2 0  0 0 1 1
     1-1/2*d+1/2*d*t-2*t
;
  B 2 12  3 1  0 -1 1 2
   1
    B 2 12  2 0  0 0 1 1
     1-1/2*d+1/2*d*t-t
;
  B 2 12  3 2  -2 0 2 1
   1
    B 2 12  2 0  0 0 1 1
     -1+d+1/4*s^2*d-s*d
;
  B 2 12  3 2  -2 0 1 2
   1
    B 2 12  2 0  0 0 1 1
     -3+3*s+d-s^2+1/4*s^2*d-s*d
;
  B 2 12  3 2  -1 -1 2 1
   1
    B 2 12  2 0  0 0 1 1
     -1/2+1/2*d-1/2*d*t-s*t-1/4*s*d+3/2*t+1/4*s*d*t
;
  B 2 12  3 2  -1 -1 1 2
   1
    B 2 12  2 0  0 0 1 1
     -1+1/2*s+1/2*d-1/2*d*t-s*t-1/4*s*d+t+1/4*s*d*t
;
  B 2 12  3 2  0 -2 2 1
   1
    B 2 12  2 0  0 0 1 1
     1/4*d+1/4*d*t^2-1/2*d*t-t^2+t
;
  B 2 12  3 2  0 -2 1 2
   1
    B 2 12  2 0  0 0 1 1
     1/4*d+1/4*d*t^2-1/2*d*t
;
  B 2 12  3 3  -3 0 1 2
   1
    B 2 12  3 3  -3 0 2 1
     1
    B 2 12  2 0  0 0 1 1
     -1/4*(12+s^3*d+6*s^2*d^2-12*s-20*d+8*d^2-3*s^2*d-s^3*d^2+12*s*d-12*s*d^2)*(-1+d)^(-1)
;
  B 2 12  3 3  -2 -1 1 2
   1
    B 2 12  3 3  -2 -1 2 1
     1
    B 2 12  2 0  0 0 1 1
     -1/4*(-1+d)^(-1)*(4+5*s^2*d*t+s^2*d^2-4*s-8*d+4*s*d^2*t+12*d*t+8*s*t+4*d^2-4*d^2*t-4*s^2*t+2*s*d-4*s*d^2-8*t-14*s*d*t-s^2*d^2*t)
;
  B 2 12  3 3  -1 -2 1 2
   1
    B 2 12  3 3  -1 -2 2 1
     1
    B 2 12  2 0  0 0 1 1
     1/4*(-1+d)^(-1)*(d-2*s*d^2*t+5*d*t^2+4*s*t^2+s*d^2*t^2-6*d*t-2*d^2-5*s*d*t^2+4*d^2*t-4*t^2+s*d+s*d^2+4*t+4*s*d*t-2*d^2*t^2)
;
  B 2 12  3 3  0 -3 1 2
   1
    B 2 12  3 3  0 -3 2 1
     1
    B 2 12  2 0  0 0 1 1
     -1/4*(d*t^3+2*d-3*d*t+d^2-3*d^2*t+3*d^2*t^2-d^2*t^3)*(-1+d)^(-1)
;
  B 2 12  4 0  0 0 3 1
   1
    B 2 12  2 0  0 0 1 1
     -6+7/2*d-1/2*d^2
;
  B 2 12  4 0  0 0 2 2
   1
    B 2 12  2 0  0 0 1 1
     -18+9*d-d^2
;
  B 2 12  4 0  0 0 1 3
   1
    B 2 12  2 0  0 0 1 1
     -6+7/2*d-1/2*d^2
;
  B 2 12  4 1  -1 0 3 1
   1
    B 2 12  2 0  0 0 1 1
     3-3/2*s-5/2*d+1/2*d^2+5/4*s*d-1/4*s*d^2
;
  B 2 12  4 1  -1 0 2 2
   1
    B 2 12  2 0  0 0 1 1
     15-9*s-8*d+d^2+9/2*s*d-1/2*s*d^2
;
  B 2 12  4 1  -1 0 1 3
   1
    B 2 12  2 0  0 0 1 1
     6-9/2*s-7/2*d+1/2*d^2+9/4*s*d-1/4*s*d^2
;
  B 2 12  4 1  0 -1 3 1
   1
    B 2 12  2 0  0 0 1 1
     3/2-5/4*d+9/4*d*t+1/4*d^2-1/4*d^2*t-9/2*t
;
  B 2 12  4 1  0 -1 2 2
   1
    B 2 12  2 0  0 0 1 1
     6-7/2*d+9/2*d*t+1/2*d^2-1/2*d^2*t-9*t
;
  B 2 12  4 1  0 -1 1 3
   1
    B 2 12  2 0  0 0 1 1
     3/2-5/4*d+5/4*d*t+1/4*d^2-1/4*d^2*t-3/2*t
;
  B 2 12  4 2  -2 0 3 1
   1
    B 2 12  2 0  0 0 1 1
     -1-1/8*s^2*d^2+3/2*d-1/2*d^2+1/4*s^2*d-s*d+1/2*s*d^2
;
  B 2 12  4 2  -2 0 2 2
   1
    B 2 12  2 0  0 0 1 1
     -12-1/4*s^2*d^2+10*s+7*d-3*s^2-d^2+2*s^2*d-7*s*d+s*d^2
;
  B 2 12  4 2  -2 0 1 3
   1
    B 2 12  2 0  0 0 1 1
     -6-1/8*s^2*d^2+8*s+7/2*d-3*s^2-1/2*d^2+5/4*s^2*d-4*s*d+1/2*s*d^2
;
  B 2 12  4 2  -1 -1 3 1
   1
    B 2 12  2 0  0 0 1 1
     -1/2+3/4*d-1/8*s*d^2*t-7/4*d*t-3/2*s*t-1/4*d^2+1/4*d^2*t-1/4*s*d+1/8*s*d^2+5/2*t+s*d*t
;
  B 2 12  4 2  -1 -1 2 2
   1
    B 2 12  2 0  0 0 1 1
     -5+2*s+3*d-1/4*s*d^2*t-4*d*t-6*s*t-1/2*d^2+1/2*d^2*t-3/2*s*d+1/4*s*d^2+8*t+5/2*s*d*t
;
  B 2 12  4 2  -1 -1 1 3
   1
    B 2 12  2 0  0 0 1 1
     -3/2+s+5/4*d-1/8*s*d^2*t-5/4*d*t-3/2*s*t-1/4*d^2+1/4*d^2*t-3/4*s*d+1/8*s*d^2+3/2*t+s*d*t
;
  B 2 12  4 2  0 -2 3 1
   1
    B 2 12  2 0  0 0 1 1
     1/4*d+5/4*d*t^2-3/2*d*t-1/8*d^2+1/4*d^2*t-3*t^2+2*t-1/8*d^2*t^2
;
  B 2 12  4 2  0 -2 2 2
   1
    B 2 12  2 0  0 0 1 1
     -1+d+2*d*t^2-3*d*t-1/4*d^2+1/2*d^2*t-3*t^2+4*t-1/4*d^2*t^2
;
  B 2 12  4 2  0 -2 1 3
   1
    B 2 12  2 0  0 0 1 1
     1/4*d+1/4*d*t^2-1/2*d*t-1/8*d^2+1/4*d^2*t-1/8*d^2*t^2
;
  B 2 12  4 3  -3 0 2 2
   1
    B 2 12  4 3  -3 0 3 1
     2
    B 2 12  2 0  0 0 1 1
     9+1/2*s^3*d+3/2*s^2*d^2-6*s-7*d+2*d^2-9/4*s^2*d-1/4*s^3*d^2+6*s*d-3*s*d^2
;
  B 2 12  4 3  -3 0 1 3
   1
    B 2 12  4 3  -3 0 3 1
     -1
    B 2 12  2 0  0 0 1 1
     6+3/4*s^3*d-21/2*s-3*d+6*s^2-15/4*s^2*d-3/2*s^3+6*s*d
;
  B 2 12  4 3  -2 -1 2 2
   1
    B 2 12  4 3  -2 -1 3 1
     2
    B 2 12  2 0  0 0 1 1
     4+2*s^2*d*t+1/4*s^2*d^2-2*s-3*d+s*d^2*t+6*d*t+8*s*t+d^2-1/4*s^2*d-d^2*t-3*s^2*t+3/2*s*d-s*d^2-9*t-13/2*s*d*t-1/4*s^2*d^2*t
;
  B 2 12  4 3  -2 -1 1 3
   1
    B 2 12  4 3  -2 -1 3 1
     -1
    B 2 12  2 0  0 0 1 1
     3/2+1/4*s^2*d*t-2*s-d+3*s*t+1/2*s^2-1/2*s^2*d-3/2*s^2*t+3/2*s*d-1/2*t-1/2*s*d*t
;
  B 2 12  4 3  -1 -2 2 2
   1
    B 2 12  4 3  -1 -2 3 1
     2
    B 2 12  2 0  0 0 1 1
     1-3/4*d+1/2*s*d^2*t-15/4*d*t^2-6*s*t^2-1/4*s*d^2*t^2+9/2*d*t+2*s*t+1/2*d^2+5/2*s*d*t^2-d^2*t+7*t^2-1/4*s*d^2-6*t-5/2*s*d*t+1/2*d^2*t^2
;
  B 2 12  4 3  -1 -2 1 3
   1
    B 2 12  4 3  -1 -2 2 2
     1/2
    B 2 12  4 2  -1 -1 1 3
     1-t
    B 2 12  3 2  0 -2 1 2
     -1/2
    B 2 12  3 2  -1 -1 1 2
     -1
    B 2 12  3 1  0 -1 1 2
     -1/2*s
;
  B 2 12  4 3  -1 -2 1 3
   1
    B 2 12  4 3  -1 -2 2 2
     1/2
    B 2 12  4 2  0 -2 2 2
     1/2-1/2*s
    B 2 12  3 2  0 -2 1 2
     1/2-1/2*d
    B 2 12  3 2  -1 -1 1 2
     -1
    B 2 12  3 1  0 -1 1 2
     -1
;
  B 2 12  4 3  -1 -2 1 3
   1
    B 2 12  4 3  -1 -2 2 2
     1/2
    B 2 12  4 2  0 -2 2 2
     1-1/2*s
    B 2 12  3 2  0 -2 1 2
     -1
    B 2 12  3 2  0 -2 2 1
     -1/2
    B 2 12  3 2  -1 -1 1 2
     -1
    B 2 12  3 1  0 -1 1 2
     -1-t
    B 2 12  2 1  0 -1 1 1
     1
;
  B 2 12  4 3  -1 -2 1 3
   1
    B 2 12  4 3  -1 -2 2 2
     1/2
    B 2 12  4 3  -2 -1 1 3
     -1
    B 2 12  4 3  -2 -1 2 2
     -1/2
    B 2 12  4 2  -1 -1 1 3
     -t
    B 2 12  4 2  -1 -1 2 2
     -1/2+1/2*s
    B 2 12  3 2  0 -2 1 2
     -1/2
    B 2 12  3 2  -2 0 1 2
     1/2
    B 2 12  3 1  0 -1 1 2
     1/2
    B 2 12  3 1  -1 0 1 2
     1/2
;
  B 2 12  4 3  0 -3 2 2
   1
    B 2 12  4 3  0 -3 3 1
     2
    B 2 12  4 2  0 -2 2 2
     1-t
    B 2 12  3 2  0 -2 1 2
     -1
    B 2 12  3 2  0 -2 2 1
     -4
    B 2 12  2 1  0 -1 1 1
     2
;
  B 2 12  4 3  0 -3 2 2
   1
    B 2 12  4 3  0 -3 3 1
     2
    B 2 12  4 3  -1 -2 2 2
     -1
    B 2 12  4 3  -1 -2 3 1
     -2
    B 2 12  4 2  0 -2 2 2
     -t
    B 2 12  4 2  0 -2 3 1
     -2+2*s
    B 2 12  3 2  0 -2 2 1
     -2
    B 2 12  3 2  -1 -1 2 1
     2
    B 2 12  3 1  0 -1 2 1
     2
;
  B 2 12  4 3  0 -3 1 3
   1
    B 2 12  4 3  0 -3 2 2
     1/2
    B 2 12  4 2  0 -2 1 3
     1-t
    B 2 12  3 2  0 -2 1 2
     -3/2
;
  B 2 12  4 3  0 -3 1 3
   1
    B 2 12  4 3  0 -3 2 2
     1/2
    B 2 12  4 3  -1 -2 1 3
     -1
    B 2 12  4 3  -1 -2 2 2
     -1/2
    B 2 12  4 2  0 -2 1 3
     -t
    B 2 12  4 2  0 -2 2 2
     -1/2+1/2*s
    B 2 12  3 2  0 -2 1 2
     -1
    B 2 12  3 2  -1 -1 1 2
     1
    B 2 12  3 1  0 -1 1 2
     1
;
  B 2 12  5 1  -1 0 3 2
   1
    B 2 12  5 1  -1 0 4 1
     3
    B 2 12  5 0  0 0 4 1
     3-3*s
    B 2 12  4 0  0 0 3 1
     4-d
;
  B 2 12  5 1  -1 0 3 2
   1
    B 2 12  5 1  -1 0 4 1
     3
    B 2 12  5 0  0 0 4 1
     6-3*s
    B 2 12  4 0  0 0 3 1
     -1
;
  B 2 12  5 1  -1 0 2 3
   1
    B 2 12  5 1  -1 0 3 2
     1
    B 2 12  5 0  0 0 3 2
     1-s
    B 2 12  4 0  0 0 2 2
     2-1/2*d
;
  B 2 12  5 1  -1 0 2 3
   1
    B 2 12  5 1  -1 0 3 2
     1
    B 2 12  5 0  0 0 3 2
     2-s
    B 2 12  4 0  0 0 2 2
     -1
    B 2 12  4 0  0 0 3 1
     -1
;
  B 2 12  5 1  -1 0 1 4
   1
    B 2 12  5 1  -1 0 2 3
     1/3
    B 2 12  5 0  0 0 2 3
     1/3-1/3*s
    B 2 12  4 0  0 0 1 3
     4/3-1/3*d
;
  B 2 12  5 1  -1 0 1 4
   1
    B 2 12  5 1  -1 0 2 3
     1/3
    B 2 12  5 0  0 0 2 3
     2/3-1/3*s
    B 2 12  4 0  0 0 1 3
     -1
    B 2 12  4 0  0 0 2 2
     -1/3
;
  B 2 12  5 1  0 -1 3 2
   1
    B 2 12  5 1  0 -1 4 1
     3
    B 2 12  5 0  0 0 3 2
     1-t
    B 2 12  4 0  0 0 2 2
     -1
    B 2 12  4 0  0 0 3 1
     -3
;
  B 2 12  5 1  0 -1 3 2
   1
    B 2 12  5 1  0 -1 4 1
     3
    B 2 12  5 1  -1 0 3 2
     -1
    B 2 12  5 1  -1 0 4 1
     -3
    B 2 12  5 0  0 0 3 2
     -t
    B 2 12  5 0  0 0 4 1
     -3+3*s
;
  B 2 12  5 1  0 -1 2 3
   1
    B 2 12  5 1  0 -1 3 2
     1
    B 2 12  5 0  0 0 2 3
     1-t
    B 2 12  4 0  0 0 1 3
     -1
    B 2 12  4 0  0 0 2 2
     -1
;
  B 2 12  5 1  0 -1 2 3
   1
    B 2 12  5 1  0 -1 3 2
     1
    B 2 12  5 1  -1 0 2 3
     -1
    B 2 12  5 1  -1 0 3 2
     -1
    B 2 12  5 0  0 0 2 3
     -t
    B 2 12  5 0  0 0 3 2
     -1+s
;
  B 2 12  5 1  0 -1 1 4
   1
    B 2 12  5 1  0 -1 2 3
     1/3
    B 2 12  5 0  0 0 1 4
     1-t
    B 2 12  4 0  0 0 1 3
     -1/3
;
  B 2 12  5 1  0 -1 1 4
   1
    B 2 12  5 1  0 -1 2 3
     1/3
    B 2 12  5 1  -1 0 1 4
     -1
    B 2 12  5 1  -1 0 2 3
     -1/3
    B 2 12  5 0  0 0 1 4
     -t
    B 2 12  5 0  0 0 2 3
     -1/3+1/3*s
;
  B 2 12  5 2  -2 0 3 2
   1
    B 2 12  5 2  -2 0 4 1
     3
    B 2 12  5 1  -1 0 4 1
     3-3*s
    B 2 12  4 1  -1 0 3 1
     2-d
    B 2 12  4 0  0 0 3 1
     -2
;
  B 2 12  5 2  -2 0 3 2
   1
    B 2 12  5 2  -2 0 4 1
     3
    B 2 12  5 1  -1 0 4 1
     6-3*s
    B 2 12  4 1  -1 0 3 1
     -2
    B 2 12  4 0  0 0 3 1
     -2
;
  B 2 12  5 2  -2 0 2 3
   1
    B 2 12  5 2  -2 0 3 2
     1
    B 2 12  5 1  -1 0 3 2
     1-s
    B 2 12  4 1  -1 0 2 2
     1-1/2*d
    B 2 12  4 0  0 0 2 2
     -1
;
  B 2 12  5 2  -2 0 2 3
   1
    B 2 12  5 2  -2 0 3 2
     1
    B 2 12  5 1  -1 0 3 2
     2-s
    B 2 12  4 1  -1 0 2 2
     -3/2
    B 2 12  4 1  -1 0 3 1
     -1
    B 2 12  4 0  0 0 2 2
     -1
    B 2 12  3 0  0 0 2 1
     1/2
;
  B 2 12  5 2  -2 0 1 4
   1
    B 2 12  5 2  -2 0 2 3
     1/3
    B 2 12  5 1  -1 0 2 3
     1/3-1/3*s
    B 2 12  4 1  -1 0 1 3
     2/3-1/3*d
    B 2 12  4 0  0 0 1 3
     -2/3
;
  B 2 12  5 2  -2 0 1 4
   1
    B 2 12  5 2  -2 0 2 3
     1/3
    B 2 12  5 1  -1 0 2 3
     2/3-1/3*s
    B 2 12  4 1  -1 0 1 3
     -4/3
    B 2 12  4 1  -1 0 2 2
     -1/3
    B 2 12  4 0  0 0 1 3
     -2/3
    B 2 12  3 0  0 0 1 2
     1/3
;
  B 2 12  5 2  -1 -1 3 2
   1
    B 2 12  5 2  -1 -1 4 1
     3
    B 2 12  5 1  -1 0 3 2
     1-t
    B 2 12  4 1  0 -1 3 1
     -1
    B 2 12  4 1  -1 0 2 2
     -1
    B 2 12  4 1  -1 0 3 1
     -3
    B 2 12  4 0  0 0 3 1
     -s
    B 2 12  3 0  0 0 2 1
     1
;
  B 2 12  5 2  -1 -1 3 2
   1
    B 2 12  5 2  -1 -1 4 1
     3
    B 2 12  5 1  0 -1 4 1
     3-3*s
    B 2 12  4 1  0 -1 3 1
     3-d
    B 2 12  4 1  -1 0 3 1
     -1
    B 2 12  4 0  0 0 3 1
     -1
;
  B 2 12  5 2  -1 -1 3 2
   1
    B 2 12  5 2  -1 -1 4 1
     3
    B 2 12  5 1  0 -1 4 1
     6-3*s
    B 2 12  4 1  0 -1 3 1
     -1
    B 2 12  4 1  -1 0 3 1
     -1
    B 2 12  4 0  0 0 3 1
     -1-t
;
  B 2 12  5 2  -1 -1 3 2
   1
    B 2 12  5 2  -1 -1 4 1
     3
    B 2 12  5 2  -2 0 3 2
     -1
    B 2 12  5 2  -2 0 4 1
     -3
    B 2 12  5 1  -1 0 3 2
     -t
    B 2 12  5 1  -1 0 4 1
     -3+3*s
    B 2 12  4 1  0 -1 3 1
     -1
    B 2 12  4 1  -1 0 3 1
     1
    B 2 12  4 0  0 0 3 1
     1
;
  B 2 12  5 2  -1 -1 2 3
   1
    B 2 12  5 2  -1 -1 3 2
     1
    B 2 12  5 1  -1 0 2 3
     1-t
    B 2 12  4 1  0 -1 2 2
     -1/2
    B 2 12  4 1  -1 0 1 3
     -1
    B 2 12  4 1  -1 0 2 2
     -1
    B 2 12  4 0  0 0 2 2
     -1/2*s
    B 2 12  3 0  0 0 1 2
     1/2
;
  B 2 12  5 2  -1 -1 2 3
   1
    B 2 12  5 2  -1 -1 3 2
     1
    B 2 12  5 1  0 -1 3 2
     1-s
    B 2 12  4 1  0 -1 2 2
     3/2-1/2*d
    B 2 12  4 1  -1 0 2 2
     -1/2
    B 2 12  4 0  0 0 2 2
     -1/2
;
  B 2 12  5 2  -1 -1 2 3
   1
    B 2 12  5 2  -1 -1 3 2
     1
    B 2 12  5 1  0 -1 3 2
     2-s
    B 2 12  4 1  0 -1 2 2
     -1
    B 2 12  4 1  0 -1 3 1
     -1
    B 2 12  4 1  -1 0 2 2
     -1/2
    B 2 12  4 0  0 0 2 2
     -1/2-1/2*t
    B 2 12  3 0  0 0 2 1
     1/2
;
  B 2 12  5 2  -1 -1 2 3
   1
    B 2 12  5 2  -1 -1 3 2
     1
    B 2 12  5 2  -2 0 2 3
     -1
    B 2 12  5 2  -2 0 3 2
     -1
    B 2 12  5 1  -1 0 2 3
     -t
    B 2 12  5 1  -1 0 3 2
     -1+s
    B 2 12  4 1  0 -1 2 2
     -1/2
    B 2 12  4 1  -1 0 2 2
     1/2
    B 2 12  4 0  0 0 2 2
     1/2
;
  B 2 12  5 2  -1 -1 1 4
   1
    B 2 12  5 2  -1 -1 2 3
     1/3
    B 2 12  5 1  -1 0 1 4
     1-t
    B 2 12  4 1  0 -1 1 3
     -1/3
    B 2 12  4 1  -1 0 1 3
     -1/3
    B 2 12  4 0  0 0 1 3
     -1/3*s
;
  B 2 12  5 2  -1 -1 1 4
   1
    B 2 12  5 2  -1 -1 2 3
     1/3
    B 2 12  5 1  0 -1 2 3
     1/3-1/3*s
    B 2 12  4 1  0 -1 1 3
     1-1/3*d
    B 2 12  4 1  -1 0 1 3
     -1/3
    B 2 12  4 0  0 0 1 3
     -1/3
;
  B 2 12  5 2  -1 -1 1 4
   1
    B 2 12  5 2  -1 -1 2 3
     1/3
    B 2 12  5 1  0 -1 2 3
     2/3-1/3*s
    B 2 12  4 1  0 -1 1 3
     -1
    B 2 12  4 1  0 -1 2 2
     -1/3
    B 2 12  4 1  -1 0 1 3
     -1/3
    B 2 12  4 0  0 0 1 3
     -1/3-1/3*t
    B 2 12  3 0  0 0 1 2
     1/3
;
  B 2 12  5 2  -1 -1 1 4
   1
    B 2 12  5 2  -1 -1 2 3
     1/3
    B 2 12  5 2  -2 0 1 4
     -1
    B 2 12  5 2  -2 0 2 3
     -1/3
    B 2 12  5 1  -1 0 1 4
     -t
    B 2 12  5 1  -1 0 2 3
     -1/3+1/3*s
    B 2 12  4 1  0 -1 1 3
     -1/3
    B 2 12  4 1  -1 0 1 3
     1/3
    B 2 12  4 0  0 0 1 3
     1/3
;
  B 2 12  5 2  0 -2 3 2
   1
    B 2 12  5 2  0 -2 4 1
     3
    B 2 12  5 1  0 -1 3 2
     1-t
    B 2 12  4 1  0 -1 2 2
     -1
    B 2 12  4 1  0 -1 3 1
     -4
    B 2 12  3 0  0 0 2 1
     1
;
  B 2 12  5 2  0 -2 3 2
   1
    B 2 12  5 2  0 -2 4 1
     3
    B 2 12  5 2  -1 -1 3 2
     -1
    B 2 12  5 2  -1 -1 4 1
     -3
    B 2 12  5 1  0 -1 3 2
     -t
    B 2 12  5 1  0 -1 4 1
     -3+3*s
    B 2 12  4 1  0 -1 3 1
     -1
    B 2 12  4 1  -1 0 3 1
     1
    B 2 12  4 0  0 0 3 1
     1
;
  B 2 12  5 2  0 -2 2 3
   1
    B 2 12  5 2  0 -2 3 2
     1
    B 2 12  5 1  0 -1 2 3
     1-t
    B 2 12  4 1  0 -1 1 3
     -1
    B 2 12  4 1  0 -1 2 2
     -3/2
    B 2 12  3 0  0 0 1 2
     1/2
;
  B 2 12  5 2  0 -2 2 3
   1
    B 2 12  5 2  0 -2 3 2
     1
    B 2 12  5 2  -1 -1 2 3
     -1
    B 2 12  5 2  -1 -1 3 2
     -1
    B 2 12  5 1  0 -1 2 3
     -t
    B 2 12  5 1  0 -1 3 2
     -1+s
    B 2 12  4 1  0 -1 2 2
     -1/2
    B 2 12  4 1  -1 0 2 2
     1/2
    B 2 12  4 0  0 0 2 2
     1/2
;
  B 2 12  5 2  0 -2 1 4
   1
    B 2 12  5 2  0 -2 2 3
     1/3
    B 2 12  5 1  0 -1 1 4
     1-t
    B 2 12  4 1  0 -1 1 3
     -2/3
;
  B 2 12  5 2  0 -2 1 4
   1
    B 2 12  5 2  0 -2 2 3
     1/3
    B 2 12  5 2  -1 -1 1 4
     -1
    B 2 12  5 2  -1 -1 2 3
     -1/3
    B 2 12  5 1  0 -1 1 4
     -t
    B 2 12  5 1  0 -1 2 3
     -1/3+1/3*s
    B 2 12  4 1  0 -1 1 3
     -1/3
    B 2 12  4 1  -1 0 1 3
     1/3
    B 2 12  4 0  0 0 1 3
     1/3
;
  B 2 12  5 3  -3 0 3 2
   1
    B 2 12  5 3  -3 0 4 1
     3
    B 2 12  5 2  -2 0 4 1
     3-3*s
    B 2 12  4 2  -2 0 3 1
     -d
    B 2 12  4 1  -1 0 3 1
     -4
;
  B 2 12  5 3  -3 0 3 2
   1
    B 2 12  5 3  -3 0 4 1
     3
    B 2 12  5 2  -2 0 4 1
     6-3*s
    B 2 12  4 2  -2 0 3 1
     -3
    B 2 12  4 1  -1 0 3 1
     -4
;
  B 2 12  5 3  -3 0 2 3
   1
    B 2 12  5 3  -3 0 3 2
     1
    B 2 12  5 2  -2 0 3 2
     1-s
    B 2 12  4 2  -2 0 2 2
     -1/2*d
    B 2 12  4 1  -1 0 2 2
     -2
;
  B 2 12  5 3  -3 0 2 3
   1
    B 2 12  5 3  -3 0 3 2
     1
    B 2 12  5 2  -2 0 3 2
     2-s
    B 2 12  4 2  -2 0 2 2
     -2
    B 2 12  4 2  -2 0 3 1
     -1
    B 2 12  4 1  -1 0 2 2
     -2
    B 2 12  3 1  -1 0 2 1
     1
;
  B 2 12  5 3  -3 0 1 4
   1
    B 2 12  5 3  -3 0 2 3
     1/3
    B 2 12  5 2  -2 0 2 3
     1/3-1/3*s
    B 2 12  4 2  -2 0 1 3
     -1/3*d
    B 2 12  4 1  -1 0 1 3
     -4/3
;
  B 2 12  5 3  -3 0 1 4
   1
    B 2 12  5 3  -3 0 2 3
     1/3
    B 2 12  5 2  -2 0 2 3
     2/3-1/3*s
    B 2 12  4 2  -2 0 1 3
     -5/3
    B 2 12  4 2  -2 0 2 2
     -1/3
    B 2 12  4 1  -1 0 1 3
     -4/3
    B 2 12  3 1  -1 0 1 2
     2/3
;
  B 2 12  5 3  -2 -1 3 2
   1
    B 2 12  5 3  -2 -1 4 1
     3
    B 2 12  5 2  -2 0 3 2
     1-t
    B 2 12  4 2  -1 -1 3 1
     -2
    B 2 12  4 2  -2 0 2 2
     -1
    B 2 12  4 2  -2 0 3 1
     -3
    B 2 12  4 1  -1 0 3 1
     -2*s
    B 2 12  3 1  -1 0 2 1
     2
;
  B 2 12  5 3  -2 -1 3 2
   1
    B 2 12  5 3  -2 -1 4 1
     3
    B 2 12  5 2  -1 -1 4 1
     3-3*s
    B 2 12  4 2  -1 -1 3 1
     1-d
    B 2 12  4 2  -2 0 3 1
     -1
    B 2 12  4 1  0 -1 3 1
     -2
    B 2 12  4 1  -1 0 3 1
     -1
;
  B 2 12  5 3  -2 -1 3 2
   1
    B 2 12  5 3  -2 -1 4 1
     3
    B 2 12  5 2  -1 -1 4 1
     6-3*s
    B 2 12  4 2  -1 -1 3 1
     -2
    B 2 12  4 2  -2 0 3 1
     -1
    B 2 12  4 1  0 -1 3 1
     -2
    B 2 12  4 1  -1 0 3 1
     -1-t
;
  B 2 12  5 3  -2 -1 3 2
   1
    B 2 12  5 3  -2 -1 4 1
     3
    B 2 12  5 3  -3 0 3 2
     -1
    B 2 12  5 3  -3 0 4 1
     -3
    B 2 12  5 2  -2 0 3 2
     -t
    B 2 12  5 2  -2 0 4 1
     -3+3*s
    B 2 12  4 2  -1 -1 3 1
     -2
    B 2 12  4 2  -2 0 3 1
     2
    B 2 12  4 1  -1 0 3 1
     2
;
  B 2 12  5 3  -2 -1 2 3
   1
    B 2 12  5 3  -2 -1 3 2
     1
    B 2 12  5 2  -2 0 2 3
     1-t
    B 2 12  4 2  -1 -1 2 2
     -1
    B 2 12  4 2  -2 0 1 3
     -1
    B 2 12  4 2  -2 0 2 2
     -1
    B 2 12  4 1  -1 0 2 2
     -s
    B 2 12  3 1  -1 0 1 2
     1
;
  B 2 12  5 3  -2 -1 2 3
   1
    B 2 12  5 3  -2 -1 3 2
     1
    B 2 12  5 2  -1 -1 3 2
     1-s
    B 2 12  4 2  -1 -1 2 2
     1/2-1/2*d
    B 2 12  4 2  -2 0 2 2
     -1/2
    B 2 12  4 1  0 -1 2 2
     -1
    B 2 12  4 1  -1 0 2 2
     -1/2
;
  B 2 12  5 3  -2 -1 2 3
   1
    B 2 12  5 3  -2 -1 3 2
     1
    B 2 12  5 2  -1 -1 3 2
     2-s
    B 2 12  4 2  -1 -1 2 2
     -3/2
    B 2 12  4 2  -1 -1 3 1
     -1
    B 2 12  4 2  -2 0 2 2
     -1/2
    B 2 12  4 1  0 -1 2 2
     -1
    B 2 12  4 1  -1 0 2 2
     -1/2-1/2*t
    B 2 12  3 1  0 -1 2 1
     1/2
    B 2 12  3 1  -1 0 2 1
     1/2
;
  B 2 12  5 3  -2 -1 2 3
   1
    B 2 12  5 3  -2 -1 3 2
     1
    B 2 12  5 3  -3 0 2 3
     -1
    B 2 12  5 3  -3 0 3 2
     -1
    B 2 12  5 2  -2 0 2 3
     -t
    B 2 12  5 2  -2 0 3 2
     -1+s
    B 2 12  4 2  -1 -1 2 2
     -1
    B 2 12  4 2  -2 0 2 2
     1
    B 2 12  4 1  -1 0 2 2
     1
;
  B 2 12  5 3  -2 -1 1 4
   1
    B 2 12  5 3  -2 -1 2 3
     1/3
    B 2 12  5 2  -2 0 1 4
     1-t
    B 2 12  4 2  -1 -1 1 3
     -2/3
    B 2 12  4 2  -2 0 1 3
     -1/3
    B 2 12  4 1  -1 0 1 3
     -2/3*s
;
  B 2 12  5 3  -2 -1 1 4
   1
    B 2 12  5 3  -2 -1 2 3
     1/3
    B 2 12  5 2  -1 -1 2 3
     1/3-1/3*s
    B 2 12  4 2  -1 -1 1 3
     1/3-1/3*d
    B 2 12  4 2  -2 0 1 3
     -1/3
    B 2 12  4 1  0 -1 1 3
     -2/3
    B 2 12  4 1  -1 0 1 3
     -1/3
;
  B 2 12  5 3  -2 -1 1 4
   1
    B 2 12  5 3  -2 -1 2 3
     1/3
    B 2 12  5 2  -1 -1 2 3
     2/3-1/3*s
    B 2 12  4 2  -1 -1 1 3
     -4/3
    B 2 12  4 2  -1 -1 2 2
     -1/3
    B 2 12  4 2  -2 0 1 3
     -1/3
    B 2 12  4 1  0 -1 1 3
     -2/3
    B 2 12  4 1  -1 0 1 3
     -1/3-1/3*t
    B 2 12  3 1  0 -1 1 2
     1/3
    B 2 12  3 1  -1 0 1 2
     1/3
;
  B 2 12  5 3  -2 -1 1 4
   1
    B 2 12  5 3  -2 -1 2 3
     1/3
    B 2 12  5 3  -3 0 1 4
     -1
    B 2 12  5 3  -3 0 2 3
     -1/3
    B 2 12  5 2  -2 0 1 4
     -t
    B 2 12  5 2  -2 0 2 3
     -1/3+1/3*s
    B 2 12  4 2  -1 -1 1 3
     -2/3
    B 2 12  4 2  -2 0 1 3
     2/3
    B 2 12  4 1  -1 0 1 3
     2/3
;
  B 2 12  5 3  -1 -2 3 2
   1
    B 2 12  5 3  -1 -2 4 1
     3
    B 2 12  5 2  -1 -1 3 2
     1-t
    B 2 12  4 2  0 -2 3 1
     -1
    B 2 12  4 2  -1 -1 2 2
     -1
    B 2 12  4 2  -1 -1 3 1
     -4
    B 2 12  4 1  0 -1 3 1
     -s
    B 2 12  3 1  0 -1 2 1
     1
    B 2 12  3 1  -1 0 2 1
     1
;
  B 2 12  5 3  -1 -2 3 2
   1
    B 2 12  5 3  -1 -2 4 1
     3
    B 2 12  5 2  0 -2 4 1
     3-3*s
    B 2 12  4 2  0 -2 3 1
     2-d
    B 2 12  4 2  -1 -1 3 1
     -2
    B 2 12  4 1  0 -1 3 1
     -2
;
  B 2 12  5 3  -1 -2 3 2
   1
    B 2 12  5 3  -1 -2 4 1
     3
    B 2 12  5 2  0 -2 4 1
     6-3*s
    B 2 12  4 2  0 -2 3 1
     -1
    B 2 12  4 2  -1 -1 3 1
     -2
    B 2 12  4 1  0 -1 3 1
     -2-2*t
;
  B 2 12  5 3  -1 -2 3 2
   1
    B 2 12  5 3  -1 -2 4 1
     3
    B 2 12  5 3  -2 -1 3 2
     -1
    B 2 12  5 3  -2 -1 4 1
     -3
    B 2 12  5 2  -1 -1 3 2
     -t
    B 2 12  5 2  -1 -1 4 1
     -3+3*s
    B 2 12  4 2  0 -2 3 1
     -1
    B 2 12  4 2  -2 0 3 1
     1
    B 2 12  4 1  0 -1 3 1
     1
    B 2 12  4 1  -1 0 3 1
     1
;
  B 2 12  5 3  -1 -2 2 3
   1
    B 2 12  5 3  -1 -2 3 2
     1
    B 2 12  5 2  -1 -1 2 3
     1-t
    B 2 12  4 2  0 -2 2 2
     -1/2
    B 2 12  4 2  -1 -1 1 3
     -1
    B 2 12  4 2  -1 -1 2 2
     -3/2
    B 2 12  4 1  0 -1 2 2
     -1/2*s
    B 2 12  3 1  0 -1 1 2
     1/2
    B 2 12  3 1  -1 0 1 2
     1/2
;
  B 2 12  5 3  -1 -2 2 3
   1
    B 2 12  5 3  -1 -2 3 2
     1
    B 2 12  5 2  0 -2 3 2
     1-s
    B 2 12  4 2  0 -2 2 2
     1-1/2*d
    B 2 12  4 2  -1 -1 2 2
     -1
    B 2 12  4 1  0 -1 2 2
     -1
;
  B 2 12  5 3  -1 -2 2 3
   1
    B 2 12  5 3  -1 -2 3 2
     1
    B 2 12  5 2  0 -2 3 2
     2-s
    B 2 12  4 2  0 -2 2 2
     -1
    B 2 12  4 2  0 -2 3 1
     -1
    B 2 12  4 2  -1 -1 2 2
     -1
    B 2 12  4 1  0 -1 2 2
     -1-t
    B 2 12  3 1  0 -1 2 1
     1
;
  B 2 12  5 3  -1 -2 2 3
   1
    B 2 12  5 3  -1 -2 3 2
     1
    B 2 12  5 3  -2 -1 2 3
     -1
    B 2 12  5 3  -2 -1 3 2
     -1
    B 2 12  5 2  -1 -1 2 3
     -t
    B 2 12  5 2  -1 -1 3 2
     -1+s
    B 2 12  4 2  0 -2 2 2
     -1/2
    B 2 12  4 2  -2 0 2 2
     1/2
    B 2 12  4 1  0 -1 2 2
     1/2
    B 2 12  4 1  -1 0 2 2
     1/2
;
  B 2 12  5 3  -1 -2 1 4
   1
    B 2 12  5 3  -1 -2 2 3
     1/3
    B 2 12  5 2  -1 -1 1 4
     1-t
    B 2 12  4 2  0 -2 1 3
     -1/3
    B 2 12  4 2  -1 -1 1 3
     -2/3
    B 2 12  4 1  0 -1 1 3
     -1/3*s
;
  B 2 12  5 3  -1 -2 1 4
   1
    B 2 12  5 3  -1 -2 2 3
     1/3
    B 2 12  5 2  0 -2 2 3
     1/3-1/3*s
    B 2 12  4 2  0 -2 1 3
     2/3-1/3*d
    B 2 12  4 2  -1 -1 1 3
     -2/3
    B 2 12  4 1  0 -1 1 3
     -2/3
;
  B 2 12  5 3  -1 -2 1 4
   1
    B 2 12  5 3  -1 -2 2 3
     1/3
    B 2 12  5 2  0 -2 2 3
     2/3-1/3*s
    B 2 12  4 2  0 -2 1 3
     -1
    B 2 12  4 2  0 -2 2 2
     -1/3
    B 2 12  4 2  -1 -1 1 3
     -2/3
    B 2 12  4 1  0 -1 1 3
     -2/3-2/3*t
    B 2 12  3 1  0 -1 1 2
     2/3
;
  B 2 12  5 3  -1 -2 1 4
   1
    B 2 12  5 3  -1 -2 2 3
     1/3
    B 2 12  5 3  -2 -1 1 4
     -1
    B 2 12  5 3  -2 -1 2 3
     -1/3
    B 2 12  5 2  -1 -1 1 4
     -t
    B 2 12  5 2  -1 -1 2 3
     -1/3+1/3*s
    B 2 12  4 2  0 -2 1 3
     -1/3
    B 2 12  4 2  -2 0 1 3
     1/3
    B 2 12  4 1  0 -1 1 3
     1/3
    B 2 12  4 1  -1 0 1 3
     1/3
;
  B 2 12  5 3  0 -3 3 2
   1
    B 2 12  5 3  0 -3 4 1
     3
    B 2 12  5 2  0 -2 3 2
     1-t
    B 2 12  4 2  0 -2 2 2
     -1
    B 2 12  4 2  0 -2 3 1
     -5
    B 2 12  3 1  0 -1 2 1
     2
;
  B 2 12  5 3  0 -3 3 2
   1
    B 2 12  5 3  0 -3 4 1
     3
    B 2 12  5 3  -1 -2 3 2
     -1
    B 2 12  5 3  -1 -2 4 1
     -3
    B 2 12  5 2  0 -2 3 2
     -t
    B 2 12  5 2  0 -2 4 1
     -3+3*s
    B 2 12  4 2  0 -2 3 1
     -2
    B 2 12  4 2  -1 -1 3 1
     2
    B 2 12  4 1  0 -1 3 1
     2
;
  B 2 12  5 3  0 -3 2 3
   1
    B 2 12  5 3  0 -3 3 2
     1
    B 2 12  5 2  0 -2 2 3
     1-t
    B 2 12  4 2  0 -2 1 3
     -1
    B 2 12  4 2  0 -2 2 2
     -2
    B 2 12  3 1  0 -1 1 2
     1
;
  B 2 12  5 3  0 -3 2 3
   1
    B 2 12  5 3  0 -3 3 2
     1
    B 2 12  5 3  -1 -2 2 3
     -1
    B 2 12  5 3  -1 -2 3 2
     -1
    B 2 12  5 2  0 -2 2 3
     -t
    B 2 12  5 2  0 -2 3 2
     -1+s
    B 2 12  4 2  0 -2 2 2
     -1
    B 2 12  4 2  -1 -1 2 2
     1
    B 2 12  4 1  0 -1 2 2
     1
;
  B 2 12  5 3  0 -3 1 4
   1
    B 2 12  5 3  0 -3 2 3
     1/3
    B 2 12  5 2  0 -2 1 4
     1-t
    B 2 12  4 2  0 -2 1 3
     -1
;
  B 2 12  5 3  0 -3 1 4
   1
    B 2 12  5 3  0 -3 2 3
     1/3
    B 2 12  5 3  -1 -2 1 4
     -1
    B 2 12  5 3  -1 -2 2 3
     -1/3
    B 2 12  5 2  0 -2 1 4
     -t
    B 2 12  5 2  0 -2 2 3
     -1/3+1/3*s
    B 2 12  4 2  0 -2 1 3
     -2/3
    B 2 12  4 2  -1 -1 1 3
     2/3
    B 2 12  4 1  0 -1 1 3
     2/3
;
