  A 3 7  3 1  1 1 1 -1
   1
    A 3 7  3 0  1 1 1 0
     -1-t
    A 2 5  2 0  1 0 1 0
     -(-2+2*t+s)*s^(-1)
    A 1 1  1 0  1 0 0 0
     -(-2+d+2*t-d*t)*s^(-1)
;
  A 3 7  3 2  1 1 1 -2
   1
    A 3 7  3 0  1 1 1 0
     -(4+4*t^2+d*s+d*t^2*s-8*t+2*d*t*s-2*t^2*s-2*s)*(-2+d)^(-1)*s^(-1)
    A 2 5  2 0  1 0 1 0
     1/2*(-28+d*s^2+12*d+4*t^2-4*t*s-8*d*s-2*s^2+24*t-8*d*t-4*d*t^2+16*s)*(-2+d)^(-1)*s^(-1)
    A 1 1  1 0  1 0 0 0
     -1/2*(-10+5*d+6*t^2+4*t-2*d*t-3*d*t^2+2*s)*s^(-1)
;
  A 3 7  3 3  1 1 1 -3
   1
    A 3 7  3 0  1 1 1 0
     -(-2+d)^(-1)*(12+d*t^3*s-12*t^2+6*t*s+d*s+3*d*t^2*s+12*t^3-12*t+3*d*t*s+6*t^2*s-2*t^3*s-2*s)*s^(-1)
    A 2 5  2 0  1 0 1 0
     -1/4*(128+12*t*s^3-120*d*s^2-64*d-120*t*s^2-16*d*t^3*s+d^2*s^4+26*d*s^3+384*t^2+360*t*s+24*d^2*t*s+208*d*s+48*d*t^2*s-128*t^3-56*d^2*s+48*s^2-384*t-240*d*t*s+192*d*t-216*t^2*s+24*d^2*t^2*s-4*s^3-6*d*t*s^3-2*d*s^4+24*t^2*s^2-192*d*t^2-12*d^2*s^3+72*d*t*s^2+8*d^2*t^3*s+24*t^3*s+48*d^2*s^2-168*s+64*d*t^3)*(-1+d)^(-1)*(-2+d)^(-1)*s^(-2)
    A 1 1  1 0  1 0 0 0
     -1/6*(-96+36*d*s^2+48*d+18*t*s^2+33*d*t^3*s-3*d*s^3-288*t^2-138*t*s+3*d^2*t*s-87*d*s-9*d*t^2*s+96*t^3+29*d^2*s-18*s^2+288*t+63*d*t*s-144*d*t+102*t^2*s-21*d^2*t^2*s+144*d*t^2-11*d^2*t^3*s-22*t^3*s+58*s-48*d*t^3)*(-1+d)^(-1)*s^(-2)
;
  A 3 7  4 0  2 1 1 0
   1
    A 2 5  2 0  1 0 1 0
     -2*(-4+s)^(-1)*(-3+d)*s^(-1)
    A 1 1  1 0  1 0 0 0
     -1/4*(-4+s)^(-1)*(-24+20*d-4*d^2-6*d*s+d^2*s+8*s)*s^(-1)
;
  A 3 7  4 0  1 2 1 0
   1
    A 3 7  3 0  1 1 1 0
     2-1/2*d
    A 2 5  2 0  1 0 1 0
     -(-3+d)*s^(-1)
    A 1 1  1 0  1 0 0 0
     -1/2*(-6+5*d-d^2)*s^(-1)
;
  A 3 7  4 0  1 1 2 0
   1
    A 2 5  2 0  1 0 1 0
     -2*(-4+s)^(-1)*(-3+d)*s^(-1)
    A 1 1  1 0  1 0 0 0
     -1/4*(-4+s)^(-1)*(-24+20*d-4*d^2-6*d*s+d^2*s+8*s)*s^(-1)
;
  A 3 7  4 1  2 1 1 -1
   1
    A 3 7  3 0  1 1 1 0
     (-1+t)*s^(-1)
    A 2 5  2 0  1 0 1 0
     (-3+d)*s^(-1)
    A 1 1  1 0  1 0 0 0
     1/8*(-16+14*d-d^2*t-3*d^2-8*t+6*d*t)*s^(-1)
;
  A 3 7  4 1  1 2 1 -1
   1
    A 3 7  3 0  1 1 1 0
     1/2*(4+4*t*s-d*s-4*t-d*t*s+2*s)*s^(-1)
    A 2 5  2 0  1 0 1 0
     -(-3+d-3*t+d*t)*s^(-1)
    A 1 1  1 0  1 0 0 0
     -1/4*(-4+4*d-3*d^2*t-d^2-20*t+16*d*t)*s^(-1)
;
  A 3 7  4 1  1 1 2 -1
   1
    A 3 7  3 0  1 1 1 0
     (-1+t)*s^(-1)
    A 2 5  2 0  1 0 1 0
     (-3+d)*s^(-1)
    A 1 1  1 0  1 0 0 0
     1/8*(-16+14*d-d^2*t-3*d^2-8*t+6*d*t)*s^(-1)
;
  A 3 7  4 2  2 1 1 -2
   1
    A 3 7  3 0  1 1 1 0
     2*(-1+t)*(1+t)*s^(-1)
    A 2 5  2 0  1 0 1 0
     -1/2*(-8+d*s^2-8*t^2-4*t*s-4*d*s-2*s^2+16*t+12*s)*s^(-2)
    A 1 1  1 0  1 0 0 0
     -1/12*(-48+24*d-48*t^2+8*t*s+4*d^2*t*s-30*d*s-6*d*t^2*s+7*d^2*s+96*t-12*d*t*s-48*d*t+8*t^2*s+d^2*t^2*s+24*d*t^2+32*s)*s^(-2)
;
  A 3 7  4 2  1 2 1 -2
   1
    A 3 7  3 0  1 1 1 0
     -1/2*(-4+12*t^2+d*s+d*t^2*s-8*t+2*d*t*s-4*t^2*s)*s^(-1)
    A 2 5  2 0  1 0 1 0
     -(8+8*t^2+2*t*s+d*s+d*t^2*s+s^2-16*t+2*d*t*s-3*t^2*s-7*s)*s^(-2)
    A 1 1  1 0  1 0 0 0
     1/12*(-96+48*d-96*t^2-8*t*s+14*d^2*t*s-12*d*s-60*d*t^2*s-d^2*s+192*t-24*d*t*s-96*d*t+76*t^2*s+11*d^2*t^2*s+48*d*t^2+28*s)*s^(-2)
;
  A 3 7  4 2  1 1 2 -2
   1
    A 3 7  3 0  1 1 1 0
     2*(-1+t)*(1+t)*s^(-1)
    A 2 5  2 0  1 0 1 0
     -1/2*(-8+d*s^2-8*t^2-4*t*s-4*d*s-2*s^2+16*t+12*s)*s^(-2)
    A 1 1  1 0  1 0 0 0
     -1/12*(-48+24*d-48*t^2+8*t*s+4*d^2*t*s-30*d*s-6*d*t^2*s+7*d^2*s+96*t-12*d*t*s-48*d*t+8*t^2*s+d^2*t^2*s+24*d*t^2+32*s)*s^(-2)
;
  A 3 7  4 3  2 1 1 -3
   1
    A 3 7  3 0  1 1 1 0
     3*(-1+t)*(4+4*t^2+d*s+d*t^2*s-8*t+2*d*t*s-2*t^2*s-2*s)*(-2+d)^(-1)*s^(-2)
    A 2 5  2 0  1 0 1 0
     1/4*(-168+22*d*s^2+72*d+12*t*s^2-2*d*s^3-120*t^2-120*t*s-80*d*s-24*t^3+16*d^2*s-12*s^2+312*t+48*d*t*s-120*d*t+24*t^2*s+24*d*t^2+d^2*s^3-6*d*t*s^2-8*d^2*s^2+96*s+24*d*t^3)*(-2+d)^(-1)*s^(-2)
    A 1 1  1 0  1 0 0 0
     -1/16*(-240+8*d*s^2+120*d-6*d*t^3*s+48*t^2-56*t*s+11*d^2*t*s-58*d*s-6*d*t^2*s-144*t^3+15*d^2*s+336*t+6*d*t*s-168*d*t-8*t^2*s+5*d^2*t^2*s-24*d*t^2+d^2*t^3*s+8*t^3*s+56*s+72*d*t^3)*s^(-2)
;
  A 3 7  4 3  1 2 1 -3
   1
    A 3 7  3 0  1 1 1 0
     -1/2*(-48+3*d^2*t*s^2+24*d*t^3*s-6*d*t^3*s^2-144*t^2-48*t*s+48*t^3-4*s^2+144*t+8*t^3*s^2+d^2*t^3*s^2-24*d*t*s+72*t^2*s+3*d^2*t^2*s^2-12*t^2*s^2+6*d*t*s^2-48*t^3*s+d^2*s^2+24*s)*(-2+d)^(-1)*s^(-2)
    A 2 5  2 0  1 0 1 0
     -1/2*(-136+12*d*s^2+56*d+12*t*s^2-10*d*t^3*s-d*s^3-24*t^2-108*t*s+6*d^2*t*s-46*d*s+6*d*t^2*s-56*t^3+2*d^2*s-24*s^2+216*t+18*d*t*s-72*d*t+6*d^2*t^2*s+2*s^3-24*d*t^2+2*d^2*t^3*s+12*t^3*s+96*s+40*d*t^3)*(-2+d)^(-1)*s^(-2)
    A 1 1  1 0  1 0 0 0
     1/24*(-528+264*d-138*d*t^3*s+720*t^2-144*t*s+27*d^2*t*s-90*d*s+18*d*t^2*s-624*t^3-13*d^2*s-24*s^2+432*t+18*d*t*s-216*d*t-264*t^2*s+57*d^2*t^2*s-360*d*t^2+25*d^2*t^3*s+176*t^3*s+232*s+312*d*t^3)*s^(-2)
;
  A 3 7  4 3  1 1 2 -3
   1
    A 3 7  3 0  1 1 1 0
     3*(-1+t)*(4+4*t^2+d*s+d*t^2*s-8*t+2*d*t*s-2*t^2*s-2*s)*(-2+d)^(-1)*s^(-2)
    A 2 5  2 0  1 0 1 0
     1/4*(-168+22*d*s^2+72*d+12*t*s^2-2*d*s^3-120*t^2-120*t*s-80*d*s-24*t^3+16*d^2*s-12*s^2+312*t+48*d*t*s-120*d*t+24*t^2*s+24*d*t^2+d^2*s^3-6*d*t*s^2-8*d^2*s^2+96*s+24*d*t^3)*(-2+d)^(-1)*s^(-2)
    A 1 1  1 0  1 0 0 0
     -1/16*(-240+8*d*s^2+120*d-6*d*t^3*s+48*t^2-56*t*s+11*d^2*t*s-58*d*s-6*d*t^2*s-144*t^3+15*d^2*s+336*t+6*d*t*s-168*d*t-8*t^2*s+5*d^2*t^2*s-24*d*t^2+d^2*t^3*s+8*t^3*s+56*s+72*d*t^3)*s^(-2)
;
  A 3 7  4 4  1 1 2 -4
   1
    A 3 7  4 3  1 1 2 -3
     -2
    A 3 7  3 3  1 1 1 -3
     4*(-1+t)*s^(-1)
    A 3 7  3 2  1 1 1 -2
     -6*(-1+t)*s^(-1)
    A 2 5  3 3  1 0 2 -3
     -1
    A 2 5  2 2  1 0 1 -2
     6*s^(-1)
    A 2 3  3 3  1 2 0 -3
     -(-1+t)*s^(-1)
    A 2 3  2 2  1 1 0 -2
     -3*(1+t)*s^(-1)
;
  A 3 7  4 4  1 1 2 -4
   1
    A 3 7  4 4  1 2 1 -4
     1
    A 3 7  4 3  1 1 2 -3
     -2+s
    A 3 7  4 3  1 2 1 -3
     -1-t
    A 3 7  3 3  1 1 1 -3
     -4*(-1+t+s)*s^(-1)
    A 3 7  3 2  1 1 1 -2
     6*(-1+t)*s^(-1)
    A 2 5  3 3  1 0 2 -3
     1
    A 2 5  2 2  1 0 1 -2
     -6*s^(-1)
    A 2 3  3 3  1 2 0 -3
     (-1+t-s)*s^(-1)
    A 2 3  3 3  2 1 0 -3
     -1
    A 2 3  2 2  1 1 0 -2
     3*(1+t+s)*s^(-1)
;
  A 3 7  4 4  1 1 2 -4
   1
    A 3 7  4 4  1 2 1 -4
     1
    A 3 7  4 4  2 1 1 -4
     1
    A 3 7  4 3  1 1 2 -3
     -2+s
    A 3 7  4 3  1 2 1 -3
     -1-t
    A 3 7  4 3  2 1 1 -3
     -2
    A 3 7  3 3  1 1 1 -3
     -4
    A 2 3  3 3  1 2 0 -3
     -1
    A 2 3  3 3  2 1 0 -3
     -1
    A 2 3  2 2  1 1 0 -2
     3
;
  A 3 7  5 0  3 1 1 0
   1
    A 2 5  4 0  2 0 2 0
     1/2*s^(-1)
    A 2 5  4 0  3 0 1 0
     s^(-1)
    A 2 3  4 0  2 2 0 0
     -1/2*s^(-1)
    A 2 3  4 0  3 1 0 0
     -s^(-1)
;
  A 3 7  5 0  2 2 1 0
   1
    A 3 7  4 0  1 1 2 0
     s^(-1)
    A 3 7  4 0  1 2 1 0
     s^(-1)
    A 3 7  4 0  2 1 1 0
     s^(-1)
    A 2 3  4 0  1 3 0 0
     -2*s^(-1)
    A 2 3  4 0  2 2 0 0
     -s^(-1)
;
  A 3 7  5 0  2 1 2 0
   1
    A 3 7  4 0  1 1 2 0
     -s^(-1)
    A 3 7  4 0  1 2 1 0
     -s^(-1)
    A 2 5  4 0  2 0 2 0
     2*s^(-1)
;
  A 3 7  5 0  2 1 2 0
   1
    A 3 7  4 0  1 1 2 0
     -s^(-1)
    A 3 7  4 0  1 2 1 0
     -s^(-1)
    A 3 7  4 0  2 1 1 0
     -s^(-1)
    A 2 5  4 0  2 0 2 0
     s^(-1)
    A 2 5  4 0  3 0 1 0
     2*s^(-1)
;
  A 3 7  5 0  2 1 2 0
   1
    A 3 7  4 0  1 1 2 0
     -s^(-1)
    A 3 7  4 0  1 2 1 0
     -s^(-1)
    A 3 7  4 0  2 1 1 0
     -s^(-1)
    A 2 5  4 0  1 0 3 0
     2*s^(-1)
    A 2 5  4 0  2 0 2 0
     s^(-1)
;
  A 3 7  5 0  2 1 2 0
   1
    A 3 7  5 0  2 2 1 0
     -2*(-2+s)^(-1)
    A 3 7  5 0  3 1 1 0
     -4*(-2+s)^(-1)
    A 3 7  4 0  1 1 2 0
     -(-2+s)^(-1)
    A 3 7  4 0  1 2 1 0
     -(-2+s)^(-1)
    A 3 7  4 0  2 1 1 0
     (-2+s)^(-1)*(-6+d)
;
  A 3 7  5 0  1 2 2 0
   1
    A 3 7  4 0  1 1 2 0
     2*s^(-1)
    A 3 7  4 0  1 2 1 0
     s^(-1)
    A 2 3  4 0  1 3 0 0
     -2*s^(-1)
    A 2 3  4 0  2 2 0 0
     -s^(-1)
;
  A 3 7  5 0  1 2 2 0
   1
    A 3 7  4 0  1 1 2 0
     s^(-1)
    A 3 7  4 0  1 2 1 0
     s^(-1)
    A 3 7  4 0  2 1 1 0
     s^(-1)
    A 2 3  4 0  1 3 0 0
     -2*s^(-1)
    A 2 3  4 0  2 2 0 0
     -s^(-1)
;
  A 3 7  5 0  1 2 2 0
   1
    A 3 7  5 0  1 3 1 0
     -4*(-2+s)^(-1)
    A 3 7  5 0  2 2 1 0
     -2*(-2+s)^(-1)
    A 3 7  4 0  1 2 1 0
     (-2+s)^(-1)*(-5+d)
    A 2 3  4 0  1 3 0 0
     -2*(-2+s)^(-1)
    A 2 3  4 0  2 2 0 0
     -(-2+s)^(-1)
;
  A 3 7  5 0  1 1 3 0
   1
    A 2 5  4 0  1 0 3 0
     s^(-1)
    A 2 5  4 0  2 0 2 0
     1/2*s^(-1)
    A 2 3  4 0  2 2 0 0
     -1/2*s^(-1)
    A 2 3  4 0  3 1 0 0
     -s^(-1)
;
  A 3 7  5 0  1 1 3 0
   1
    A 3 7  4 0  1 1 2 0
     -1/2*s^(-1)
    A 2 5  4 0  1 0 3 0
     2*s^(-1)
    A 2 3  4 0  2 2 0 0
     -1/2*s^(-1)
    A 2 3  4 0  3 1 0 0
     -s^(-1)
;
  A 3 7  5 0  1 1 3 0
   1
    A 3 7  5 0  1 2 2 0
     -(-2+s)^(-1)
    A 3 7  5 0  2 1 2 0
     -(-2+s)^(-1)
    A 3 7  4 0  1 1 2 0
     1/2*(-2+s)^(-1)*(-5+d)
    A 2 3  4 0  2 2 0 0
     -1/2*(-2+s)^(-1)
    A 2 3  4 0  3 1 0 0
     -(-2+s)^(-1)
;
  A 3 7  5 1  3 1 1 -1
   1
    A 3 7  4 0  2 1 1 0
     1/2*(-1+t)*s^(-1)
    A 2 5  4 1  2 0 2 -1
     1/2*s^(-1)
    A 2 5  4 1  3 0 1 -1
     s^(-1)
    A 2 5  3 0  2 0 1 0
     -1/2*s^(-1)
    A 2 3  4 1  2 2 0 -1
     -1/2*s^(-1)
    A 2 3  4 1  3 1 0 -1
     -s^(-1)
    A 2 3  3 0  2 1 0 0
     1/2*s^(-1)
;
  A 3 7  5 1  2 2 1 -1
   1
    A 3 7  4 1  1 1 2 -1
     s^(-1)
    A 3 7  4 1  1 2 1 -1
     s^(-1)
    A 3 7  4 1  2 1 1 -1
     s^(-1)
    A 3 7  4 0  1 2 1 0
     (-1+t)*s^(-1)
    A 3 7  3 0  1 1 1 0
     -s^(-1)
    A 2 3  4 1  1 3 0 -1
     -2*s^(-1)
    A 2 3  4 1  2 2 0 -1
     -s^(-1)
    A 2 3  3 0  1 2 0 0
     s^(-1)
;
  A 3 7  5 1  2 1 2 -1
   1
    A 3 7  4 1  1 1 2 -1
     -s^(-1)
    A 3 7  4 1  1 2 1 -1
     -s^(-1)
    A 3 7  4 0  2 1 1 0
     (-1+t)*s^(-1)
    A 3 7  3 0  1 1 1 0
     (-1+t+s)*s^(-2)
    A 2 5  4 1  2 0 2 -1
     2*s^(-1)
    A 2 5  3 0  2 0 1 0
     -s^(-1)
    A 2 3  3 0  2 1 0 0
     -(-1+t)*s^(-2)
;
  A 3 7  5 1  2 1 2 -1
   1
    A 3 7  4 1  1 1 2 -1
     -s^(-1)
    A 3 7  4 1  1 2 1 -1
     -s^(-1)
    A 3 7  4 1  2 1 1 -1
     -s^(-1)
    A 3 7  4 0  2 1 1 0
     (-1+t)*s^(-1)
    A 3 7  3 0  1 1 1 0
     s^(-1)
    A 2 5  4 1  2 0 2 -1
     s^(-1)
    A 2 5  4 1  3 0 1 -1
     2*s^(-1)
    A 2 5  3 0  2 0 1 0
     -s^(-1)
;
  A 3 7  5 1  2 1 2 -1
   1
    A 3 7  4 1  1 1 2 -1
     -s^(-1)
    A 3 7  4 1  1 2 1 -1
     -s^(-1)
    A 3 7  4 1  2 1 1 -1
     -s^(-1)
    A 3 7  4 0  1 1 2 0
     (-1+t)*s^(-1)
    A 3 7  3 0  1 1 1 0
     s^(-1)
    A 2 5  4 1  1 0 3 -1
     2*s^(-1)
    A 2 5  4 1  2 0 2 -1
     s^(-1)
    A 2 5  3 0  1 0 2 0
     -s^(-1)
;
  A 3 7  5 1  2 1 2 -1
   1
    A 3 7  5 0  2 1 2 0
     -2
    A 3 7  4 0  1 2 1 0
     -(-1+t)*s^(-1)
    A 3 7  4 0  2 1 1 0
     (-1+t)*s^(-1)
    A 2 5  4 0  2 0 2 0
     -1
;
  A 3 7  5 1  2 1 2 -1
   1
    A 3 7  5 1  2 2 1 -1
     1
    A 3 7  5 0  2 1 2 0
     -2+s
    A 3 7  5 0  2 2 1 0
     -1-t
    A 3 7  4 0  1 1 2 0
     -1
    A 3 7  4 0  1 2 1 0
     -1
    A 3 7  4 0  2 1 1 0
     -(-1+t+s)*s^(-1)
    A 2 5  4 0  2 0 2 0
     1
    A 2 3  4 0  2 2 0 0
     (-1+t)*s^(-1)
;
  A 3 7  5 1  2 1 2 -1
   1
    A 3 7  5 1  2 2 1 -1
     -2*(-2+s)^(-1)
    A 3 7  5 1  3 1 1 -1
     -4*(-2+s)^(-1)
    A 3 7  4 1  1 1 2 -1
     -(-2+s)^(-1)
    A 3 7  4 1  1 2 1 -1
     -(-2+s)^(-1)
    A 3 7  4 1  2 1 1 -1
     (-2+s)^(-1)*(-5+d)
    A 3 7  3 0  1 1 1 0
     (-2+s)^(-1)
;
  A 3 7  5 1  2 1 2 -1
   1
    A 3 7  5 1  2 2 1 -1
     1
    A 3 7  5 1  3 1 1 -1
     2
    A 3 7  5 0  2 1 2 0
     -2+s
    A 3 7  5 0  2 2 1 0
     -1-t
    A 3 7  5 0  3 1 1 0
     -4
    A 3 7  4 0  1 1 2 0
     -1
    A 3 7  4 0  1 2 1 0
     -1
    A 3 7  4 0  2 1 1 0
     -2
;
  A 3 7  5 1  1 2 2 -1
   1
    A 3 7  4 1  1 1 2 -1
     2*s^(-1)
    A 3 7  4 1  1 2 1 -1
     s^(-1)
    A 3 7  4 0  1 2 1 0
     (-1+t)*s^(-1)
    A 3 7  3 0  1 1 1 0
     -s^(-1)
    A 2 3  4 1  1 3 0 -1
     -2*s^(-1)
    A 2 3  4 1  2 2 0 -1
     -s^(-1)
    A 2 3  3 0  1 2 0 0
     s^(-1)
;
  A 3 7  5 1  1 2 2 -1
   1
    A 3 7  4 1  1 1 2 -1
     s^(-1)
    A 3 7  4 1  1 2 1 -1
     s^(-1)
    A 3 7  4 1  2 1 1 -1
     s^(-1)
    A 3 7  4 0  1 2 1 0
     (-1+t)*s^(-1)
    A 3 7  3 0  1 1 1 0
     -s^(-1)
    A 2 3  4 1  1 3 0 -1
     -2*s^(-1)
    A 2 3  4 1  2 2 0 -1
     -s^(-1)
    A 2 3  3 0  1 2 0 0
     s^(-1)
;
  A 3 7  5 1  1 2 2 -1
   1
    A 3 7  5 0  1 2 2 0
     -2
    A 3 7  4 0  1 1 2 0
     -1
    A 3 7  4 0  1 2 1 0
     2*(-1+t)*s^(-1)
    A 2 3  4 0  1 3 0 0
     -2*(-1+t)*s^(-1)
;
  A 3 7  5 1  1 2 2 -1
   1
    A 3 7  5 1  1 3 1 -1
     2
    A 3 7  5 0  1 2 2 0
     -2+s
    A 3 7  5 0  1 3 1 0
     -2-2*t
    A 3 7  4 0  1 1 2 0
     1
    A 3 7  4 0  1 2 1 0
     -(-2+2*t+s)*s^(-1)
    A 2 3  4 0  1 3 0 0
     2*(-1+t-s)*s^(-1)
    A 2 3  4 0  2 2 0 0
     -1
;
  A 3 7  5 1  1 2 2 -1
   1
    A 3 7  5 1  1 3 1 -1
     -4*(-2+s)^(-1)
    A 3 7  5 1  2 2 1 -1
     -2*(-2+s)^(-1)
    A 3 7  4 1  1 2 1 -1
     (-2+s)^(-1)*(-4+d)
    A 2 3  4 1  1 3 0 -1
     -2*(-2+s)^(-1)
    A 2 3  4 1  2 2 0 -1
     -(-2+s)^(-1)
    A 2 3  3 0  1 2 0 0
     (-2+s)^(-1)
;
  A 3 7  5 1  1 2 2 -1
   1
    A 3 7  5 1  1 3 1 -1
     2
    A 3 7  5 1  2 2 1 -1
     1
    A 3 7  5 0  1 2 2 0
     -2+s
    A 3 7  5 0  1 3 1 0
     -2-2*t
    A 3 7  5 0  2 2 1 0
     -2
    A 3 7  4 0  1 2 1 0
     -1
    A 2 3  4 0  1 3 0 0
     -2
    A 2 3  4 0  2 2 0 0
     -1
;
  A 3 7  5 1  1 1 3 -1
   1
    A 3 7  4 0  1 1 2 0
     1/2*(-1+t)*s^(-1)
    A 2 5  4 1  1 0 3 -1
     s^(-1)
    A 2 5  4 1  2 0 2 -1
     1/2*s^(-1)
    A 2 5  3 0  1 0 2 0
     -1/2*s^(-1)
    A 2 3  4 1  2 2 0 -1
     -1/2*s^(-1)
    A 2 3  4 1  3 1 0 -1
     -s^(-1)
    A 2 3  3 0  2 1 0 0
     1/2*s^(-1)
;
  A 3 7  5 1  1 1 3 -1
   1
    A 3 7  4 1  1 1 2 -1
     -1/2*s^(-1)
    A 3 7  4 0  1 1 2 0
     1/2*(-1+t)*s^(-1)
    A 3 7  3 0  1 1 1 0
     -1/2*(-1+t)*s^(-2)
    A 2 5  4 1  1 0 3 -1
     2*s^(-1)
    A 2 5  3 0  1 0 2 0
     -1/2*s^(-1)
    A 2 3  4 1  2 2 0 -1
     -1/2*s^(-1)
    A 2 3  4 1  3 1 0 -1
     -s^(-1)
    A 2 3  3 0  2 1 0 0
     1/2*(-1+t+s)*s^(-2)
;
  A 3 7  5 1  1 1 3 -1
   1
    A 3 7  5 0  1 1 3 0
     -2
    A 3 7  4 0  1 1 2 0
     1/2*(-1+t)*s^(-1)
    A 2 5  4 0  1 0 3 0
     -1
    A 2 3  4 0  2 2 0 0
     -1/2*(-1+t)*s^(-1)
;
  A 3 7  5 1  1 1 3 -1
   1
    A 3 7  5 1  1 2 2 -1
     1/2
    A 3 7  5 0  1 1 3 0
     -2+s
    A 3 7  5 0  1 2 2 0
     -1/2-1/2*t
    A 3 7  4 0  1 1 2 0
     -1/2*(-1+t+2*s)*s^(-1)
    A 3 7  4 0  1 2 1 0
     1/2*(-1+t)*s^(-1)
    A 2 5  4 0  1 0 3 0
     1
    A 2 3  4 0  2 2 0 0
     -1/2
    A 2 3  4 0  3 1 0 0
     -1
;
  A 3 7  5 1  1 1 3 -1
   1
    A 3 7  5 1  1 2 2 -1
     -(-2+s)^(-1)
    A 3 7  5 1  2 1 2 -1
     -(-2+s)^(-1)
    A 3 7  4 1  1 1 2 -1
     1/2*(-2+s)^(-1)*(-4+d)
    A 2 3  4 1  2 2 0 -1
     -1/2*(-2+s)^(-1)
    A 2 3  4 1  3 1 0 -1
     -(-2+s)^(-1)
    A 2 3  3 0  2 1 0 0
     1/2*(-2+s)^(-1)
;
  A 3 7  5 1  1 1 3 -1
   1
    A 3 7  5 1  1 2 2 -1
     1/2
    A 3 7  5 1  2 1 2 -1
     1/2
    A 3 7  5 0  1 1 3 0
     -2+s
    A 3 7  5 0  1 2 2 0
     -1/2-1/2*t
    A 3 7  5 0  2 1 2 0
     -1
    A 3 7  4 0  1 1 2 0
     -1/2
    A 2 3  4 0  2 2 0 0
     -1/2
    A 2 3  4 0  3 1 0 0
     -1
;
  A 3 7  5 2  3 1 1 -2
   1
    A 3 7  4 1  2 1 1 -1
     (-1+t)*s^(-1)
    A 2 5  4 2  2 0 2 -2
     1/2*s^(-1)
    A 2 5  4 2  3 0 1 -2
     s^(-1)
    A 2 5  3 1  2 0 1 -1
     -s^(-1)
    A 2 3  4 2  2 2 0 -2
     -1/2*s^(-1)
    A 2 3  4 2  3 1 0 -2
     -s^(-1)
    A 2 3  3 1  2 1 0 -1
     s^(-1)
;
  A 3 7  5 2  2 2 1 -2
   1
    A 3 7  4 2  1 1 2 -2
     s^(-1)
    A 3 7  4 2  1 2 1 -2
     s^(-1)
    A 3 7  4 2  2 1 1 -2
     s^(-1)
    A 3 7  4 1  1 2 1 -1
     2*(-1+t)*s^(-1)
    A 3 7  3 1  1 1 1 -1
     -2*s^(-1)
    A 2 3  4 2  1 3 0 -2
     -2*s^(-1)
    A 2 3  4 2  2 2 0 -2
     -s^(-1)
    A 2 3  3 1  1 2 0 -1
     2*s^(-1)
;
  A 3 7  5 2  2 1 2 -2
   1
    A 3 7  4 2  1 1 2 -2
     -s^(-1)
    A 3 7  4 2  1 2 1 -2
     -s^(-1)
    A 3 7  4 1  2 1 1 -1
     2*(-1+t)*s^(-1)
    A 3 7  3 1  1 1 1 -1
     2*(-1+t+s)*s^(-2)
    A 2 5  4 2  2 0 2 -2
     2*s^(-1)
    A 2 5  3 1  2 0 1 -1
     -2*s^(-1)
    A 2 3  3 1  2 1 0 -1
     -2*(-1+t)*s^(-2)
;
  A 3 7  5 2  2 1 2 -2
   1
    A 3 7  4 2  1 1 2 -2
     -s^(-1)
    A 3 7  4 2  1 2 1 -2
     -s^(-1)
    A 3 7  4 2  2 1 1 -2
     -s^(-1)
    A 3 7  4 1  2 1 1 -1
     2*(-1+t)*s^(-1)
    A 3 7  3 1  1 1 1 -1
     2*s^(-1)
    A 2 5  4 2  2 0 2 -2
     s^(-1)
    A 2 5  4 2  3 0 1 -2
     2*s^(-1)
    A 2 5  3 1  2 0 1 -1
     -2*s^(-1)
;
  A 3 7  5 2  2 1 2 -2
   1
    A 3 7  4 2  1 1 2 -2
     -s^(-1)
    A 3 7  4 2  1 2 1 -2
     -s^(-1)
    A 3 7  4 2  2 1 1 -2
     -s^(-1)
    A 3 7  4 1  1 1 2 -1
     2*(-1+t)*s^(-1)
    A 3 7  3 1  1 1 1 -1
     2*s^(-1)
    A 2 5  4 2  1 0 3 -2
     2*s^(-1)
    A 2 5  4 2  2 0 2 -2
     s^(-1)
    A 2 5  3 1  1 0 2 -1
     -2*s^(-1)
;
  A 3 7  5 2  2 1 2 -2
   1
    A 3 7  5 1  2 1 2 -1
     -2
    A 3 7  4 1  1 2 1 -1
     -(-1+t)*s^(-1)
    A 3 7  4 1  2 1 1 -1
     2*(-1+t)*s^(-1)
    A 3 7  4 0  2 1 1 0
     -2*(-1+t)*s^(-1)
    A 3 7  3 0  1 1 1 0
     -(1+t)*s^(-1)
    A 2 5  4 1  2 0 2 -1
     -1
    A 2 5  3 0  2 0 1 0
     2*s^(-1)
;
  A 3 7  5 2  2 1 2 -2
   1
    A 3 7  5 2  2 2 1 -2
     1
    A 3 7  5 1  2 1 2 -1
     -2+s
    A 3 7  5 1  2 2 1 -1
     -1-t
    A 3 7  4 1  1 1 2 -1
     -1
    A 3 7  4 1  1 2 1 -1
     -1
    A 3 7  4 1  2 1 1 -1
     -2*(-1+t+s)*s^(-1)
    A 3 7  4 0  2 1 1 0
     2*(-1+t)*s^(-1)
    A 3 7  3 0  1 1 1 0
     (-1+t+s)*s^(-1)
    A 2 5  4 1  2 0 2 -1
     1
    A 2 5  3 0  2 0 1 0
     -2*s^(-1)
    A 2 3  4 1  2 2 0 -1
     (-1+t)*s^(-1)
    A 2 3  3 0  2 1 0 0
     2*s^(-1)
;
  A 3 7  5 2  2 1 2 -2
   1
    A 3 7  5 2  2 2 1 -2
     -2*(-2+s)^(-1)
    A 3 7  5 2  3 1 1 -2
     -4*(-2+s)^(-1)
    A 3 7  4 2  1 1 2 -2
     -(-2+s)^(-1)
    A 3 7  4 2  1 2 1 -2
     -(-2+s)^(-1)
    A 3 7  4 2  2 1 1 -2
     (-2+s)^(-1)*(-4+d)
    A 3 7  3 1  1 1 1 -1
     2*(-2+s)^(-1)
;
  A 3 7  5 2  2 1 2 -2
   1
    A 3 7  5 2  2 2 1 -2
     1
    A 3 7  5 2  3 1 1 -2
     2
    A 3 7  5 1  2 1 2 -1
     -2+s
    A 3 7  5 1  2 2 1 -1
     -1-t
    A 3 7  5 1  3 1 1 -1
     -4
    A 3 7  4 1  1 1 2 -1
     -1
    A 3 7  4 1  1 2 1 -1
     -1
    A 3 7  4 1  2 1 1 -1
     -3
    A 3 7  3 0  1 1 1 0
     1
;
  A 3 7  5 2  1 2 2 -2
   1
    A 3 7  4 2  1 1 2 -2
     2*s^(-1)
    A 3 7  4 2  1 2 1 -2
     s^(-1)
    A 3 7  4 1  1 2 1 -1
     2*(-1+t)*s^(-1)
    A 3 7  3 1  1 1 1 -1
     -2*s^(-1)
    A 2 3  4 2  1 3 0 -2
     -2*s^(-1)
    A 2 3  4 2  2 2 0 -2
     -s^(-1)
    A 2 3  3 1  1 2 0 -1
     2*s^(-1)
;
  A 3 7  5 2  1 2 2 -2
   1
    A 3 7  4 2  1 1 2 -2
     s^(-1)
    A 3 7  4 2  1 2 1 -2
     s^(-1)
    A 3 7  4 2  2 1 1 -2
     s^(-1)
    A 3 7  4 1  1 2 1 -1
     2*(-1+t)*s^(-1)
    A 3 7  3 1  1 1 1 -1
     -2*s^(-1)
    A 2 3  4 2  1 3 0 -2
     -2*s^(-1)
    A 2 3  4 2  2 2 0 -2
     -s^(-1)
    A 2 3  3 1  1 2 0 -1
     2*s^(-1)
;
  A 3 7  5 2  1 2 2 -2
   1
    A 3 7  5 1  1 2 2 -1
     -2
    A 3 7  4 1  1 1 2 -1
     -1
    A 3 7  4 1  1 2 1 -1
     3*(-1+t)*s^(-1)
    A 3 7  4 0  1 2 1 0
     -2*(-1+t)*s^(-1)
    A 3 7  3 0  1 1 1 0
     2*s^(-1)
    A 2 3  4 1  1 3 0 -1
     -2*(-1+t)*s^(-1)
    A 2 3  3 0  1 2 0 0
     -(1+t)*s^(-1)
;
  A 3 7  5 2  1 2 2 -2
   1
    A 3 7  5 2  1 3 1 -2
     2
    A 3 7  5 1  1 2 2 -1
     -2+s
    A 3 7  5 1  1 3 1 -1
     -2-2*t
    A 3 7  4 1  1 1 2 -1
     1
    A 3 7  4 1  1 2 1 -1
     -(-3+3*t+2*s)*s^(-1)
    A 3 7  4 0  1 2 1 0
     2*(-1+t)*s^(-1)
    A 3 7  3 0  1 1 1 0
     -2*s^(-1)
    A 2 3  4 1  1 3 0 -1
     2*(-1+t-s)*s^(-1)
    A 2 3  4 1  2 2 0 -1
     -1
    A 2 3  3 0  1 2 0 0
     (1+t+s)*s^(-1)
;
  A 3 7  5 2  1 2 2 -2
   1
    A 3 7  5 2  1 3 1 -2
     -4*(-2+s)^(-1)
    A 3 7  5 2  2 2 1 -2
     -2*(-2+s)^(-1)
    A 3 7  4 2  1 2 1 -2
     (-2+s)^(-1)*(-3+d)
    A 2 3  4 2  1 3 0 -2
     -2*(-2+s)^(-1)
    A 2 3  4 2  2 2 0 -2
     -(-2+s)^(-1)
    A 2 3  3 1  1 2 0 -1
     2*(-2+s)^(-1)
;
  A 3 7  5 2  1 2 2 -2
   1
    A 3 7  5 2  1 3 1 -2
     2
    A 3 7  5 2  2 2 1 -2
     1
    A 3 7  5 1  1 2 2 -1
     -2+s
    A 3 7  5 1  1 3 1 -1
     -2-2*t
    A 3 7  5 1  2 2 1 -1
     -2
    A 3 7  4 1  1 2 1 -1
     -2
    A 2 3  4 1  1 3 0 -1
     -2
    A 2 3  4 1  2 2 0 -1
     -1
    A 2 3  3 0  1 2 0 0
     1
;
  A 3 7  5 2  1 1 3 -2
   1
    A 3 7  4 1  1 1 2 -1
     (-1+t)*s^(-1)
    A 2 5  4 2  1 0 3 -2
     s^(-1)
    A 2 5  4 2  2 0 2 -2
     1/2*s^(-1)
    A 2 5  3 1  1 0 2 -1
     -s^(-1)
    A 2 3  4 2  2 2 0 -2
     -1/2*s^(-1)
    A 2 3  4 2  3 1 0 -2
     -s^(-1)
    A 2 3  3 1  2 1 0 -1
     s^(-1)
;
  A 3 7  5 2  1 1 3 -2
   1
    A 3 7  4 2  1 1 2 -2
     -1/2*s^(-1)
    A 3 7  4 1  1 1 2 -1
     (-1+t)*s^(-1)
    A 3 7  3 1  1 1 1 -1
     -(-1+t)*s^(-2)
    A 2 5  4 2  1 0 3 -2
     2*s^(-1)
    A 2 5  3 1  1 0 2 -1
     -s^(-1)
    A 2 3  4 2  2 2 0 -2
     -1/2*s^(-1)
    A 2 3  4 2  3 1 0 -2
     -s^(-1)
    A 2 3  3 1  2 1 0 -1
     (-1+t+s)*s^(-2)
;
  A 3 7  5 2  1 1 3 -2
   1
    A 3 7  5 1  1 1 3 -1
     -2
    A 3 7  4 1  1 1 2 -1
     (-1+t)*s^(-1)
    A 3 7  4 0  1 1 2 0
     -(-1+t)*s^(-1)
    A 2 5  4 1  1 0 3 -1
     -1
    A 2 5  3 0  1 0 2 0
     s^(-1)
    A 2 3  4 1  2 2 0 -1
     -1/2*(-1+t)*s^(-1)
    A 2 3  3 0  2 1 0 0
     -1/2*(1+t)*s^(-1)
;
  A 3 7  5 2  1 1 3 -2
   1
    A 3 7  5 2  1 2 2 -2
     1/2
    A 3 7  5 1  1 1 3 -1
     -2+s
    A 3 7  5 1  1 2 2 -1
     -1/2-1/2*t
    A 3 7  4 1  1 1 2 -1
     -1/2*(-2+2*t+3*s)*s^(-1)
    A 3 7  4 1  1 2 1 -1
     1/2*(-1+t)*s^(-1)
    A 3 7  4 0  1 1 2 0
     (-1+t)*s^(-1)
    A 3 7  3 0  1 1 1 0
     s^(-1)
    A 2 5  4 1  1 0 3 -1
     1
    A 2 5  3 0  1 0 2 0
     -s^(-1)
    A 2 3  4 1  2 2 0 -1
     -1/2
    A 2 3  4 1  3 1 0 -1
     -1
    A 2 3  3 0  2 1 0 0
     1/2*(-1+t+s)*s^(-1)
;
  A 3 7  5 2  1 1 3 -2
   1
    A 3 7  5 2  1 2 2 -2
     -(-2+s)^(-1)
    A 3 7  5 2  2 1 2 -2
     -(-2+s)^(-1)
    A 3 7  4 2  1 1 2 -2
     1/2*(-2+s)^(-1)*(-3+d)
    A 2 3  4 2  2 2 0 -2
     -1/2*(-2+s)^(-1)
    A 2 3  4 2  3 1 0 -2
     -(-2+s)^(-1)
    A 2 3  3 1  2 1 0 -1
     (-2+s)^(-1)
;
  A 3 7  5 2  1 1 3 -2
   1
    A 3 7  5 2  1 2 2 -2
     1/2
    A 3 7  5 2  2 1 2 -2
     1/2
    A 3 7  5 1  1 1 3 -1
     -2+s
    A 3 7  5 1  1 2 2 -1
     -1/2-1/2*t
    A 3 7  5 1  2 1 2 -1
     -1
    A 3 7  4 1  1 1 2 -1
     -1
    A 2 3  4 1  2 2 0 -1
     -1/2
    A 2 3  4 1  3 1 0 -1
     -1
    A 2 3  3 0  2 1 0 0
     1/2
;
  A 3 7  5 3  3 1 1 -3
   1
    A 3 7  4 2  2 1 1 -2
     3/2*(-1+t)*s^(-1)
    A 2 5  4 3  2 0 2 -3
     1/2*s^(-1)
    A 2 5  4 3  3 0 1 -3
     s^(-1)
    A 2 5  3 2  2 0 1 -2
     -3/2*s^(-1)
    A 2 3  4 3  2 2 0 -3
     -1/2*s^(-1)
    A 2 3  4 3  3 1 0 -3
     -s^(-1)
    A 2 3  3 2  2 1 0 -2
     3/2*s^(-1)
;
  A 3 7  5 3  2 2 1 -3
   1
    A 3 7  4 3  1 1 2 -3
     s^(-1)
    A 3 7  4 3  1 2 1 -3
     s^(-1)
    A 3 7  4 3  2 1 1 -3
     s^(-1)
    A 3 7  4 2  1 2 1 -2
     3*(-1+t)*s^(-1)
    A 3 7  3 2  1 1 1 -2
     -3*s^(-1)
    A 2 3  4 3  1 3 0 -3
     -2*s^(-1)
    A 2 3  4 3  2 2 0 -3
     -s^(-1)
    A 2 3  3 2  1 2 0 -2
     3*s^(-1)
;
  A 3 7  5 3  2 1 2 -3
   1
    A 3 7  4 3  1 1 2 -3
     -s^(-1)
    A 3 7  4 3  1 2 1 -3
     -s^(-1)
    A 3 7  4 2  2 1 1 -2
     3*(-1+t)*s^(-1)
    A 3 7  3 2  1 1 1 -2
     3*(-1+t+s)*s^(-2)
    A 2 5  4 3  2 0 2 -3
     2*s^(-1)
    A 2 5  3 2  2 0 1 -2
     -3*s^(-1)
    A 2 3  3 2  2 1 0 -2
     -3*(-1+t)*s^(-2)
;
  A 3 7  5 3  2 1 2 -3
   1
    A 3 7  4 3  1 1 2 -3
     -s^(-1)
    A 3 7  4 3  1 2 1 -3
     -s^(-1)
    A 3 7  4 3  2 1 1 -3
     -s^(-1)
    A 3 7  4 2  2 1 1 -2
     3*(-1+t)*s^(-1)
    A 3 7  3 2  1 1 1 -2
     3*s^(-1)
    A 2 5  4 3  2 0 2 -3
     s^(-1)
    A 2 5  4 3  3 0 1 -3
     2*s^(-1)
    A 2 5  3 2  2 0 1 -2
     -3*s^(-1)
;
  A 3 7  5 3  2 1 2 -3
   1
    A 3 7  4 3  1 1 2 -3
     -s^(-1)
    A 3 7  4 3  1 2 1 -3
     -s^(-1)
    A 3 7  4 3  2 1 1 -3
     -s^(-1)
    A 3 7  4 2  1 1 2 -2
     3*(-1+t)*s^(-1)
    A 3 7  3 2  1 1 1 -2
     3*s^(-1)
    A 2 5  4 3  1 0 3 -3
     2*s^(-1)
    A 2 5  4 3  2 0 2 -3
     s^(-1)
    A 2 5  3 2  1 0 2 -2
     -3*s^(-1)
;
  A 3 7  5 3  2 1 2 -3
   1
    A 3 7  5 2  2 1 2 -2
     -2
    A 3 7  4 2  1 2 1 -2
     -(-1+t)*s^(-1)
    A 3 7  4 2  2 1 1 -2
     3*(-1+t)*s^(-1)
    A 3 7  4 1  2 1 1 -1
     -4*(-1+t)*s^(-1)
    A 3 7  3 1  1 1 1 -1
     -2*(1+t)*s^(-1)
    A 2 5  4 2  2 0 2 -2
     -1
    A 2 5  3 1  2 0 1 -1
     4*s^(-1)
;
  A 3 7  5 3  2 1 2 -3
   1
    A 3 7  5 3  2 2 1 -3
     1
    A 3 7  5 2  2 1 2 -2
     -2+s
    A 3 7  5 2  2 2 1 -2
     -1-t
    A 3 7  4 2  1 1 2 -2
     -1
    A 3 7  4 2  1 2 1 -2
     -1
    A 3 7  4 2  2 1 1 -2
     -3*(-1+t+s)*s^(-1)
    A 3 7  4 1  2 1 1 -1
     4*(-1+t)*s^(-1)
    A 3 7  3 1  1 1 1 -1
     2*(-1+t+s)*s^(-1)
    A 2 5  4 2  2 0 2 -2
     1
    A 2 5  3 1  2 0 1 -1
     -4*s^(-1)
    A 2 3  4 2  2 2 0 -2
     (-1+t)*s^(-1)
    A 2 3  3 1  2 1 0 -1
     4*s^(-1)
;
  A 3 7  5 3  2 1 2 -3
   1
    A 3 7  5 3  2 2 1 -3
     -2*(-2+s)^(-1)
    A 3 7  5 3  3 1 1 -3
     -4*(-2+s)^(-1)
    A 3 7  4 3  1 1 2 -3
     -(-2+s)^(-1)
    A 3 7  4 3  1 2 1 -3
     -(-2+s)^(-1)
    A 3 7  4 3  2 1 1 -3
     (-2+s)^(-1)*(-3+d)
    A 3 7  3 2  1 1 1 -2
     3*(-2+s)^(-1)
;
  A 3 7  5 3  2 1 2 -3
   1
    A 3 7  5 3  2 2 1 -3
     1
    A 3 7  5 3  3 1 1 -3
     2
    A 3 7  5 2  2 1 2 -2
     -2+s
    A 3 7  5 2  2 2 1 -2
     -1-t
    A 3 7  5 2  3 1 1 -2
     -4
    A 3 7  4 2  1 1 2 -2
     -1
    A 3 7  4 2  1 2 1 -2
     -1
    A 3 7  4 2  2 1 1 -2
     -4
    A 3 7  3 1  1 1 1 -1
     2
;
  A 3 7  5 3  1 2 2 -3
   1
    A 3 7  4 3  1 1 2 -3
     2*s^(-1)
    A 3 7  4 3  1 2 1 -3
     s^(-1)
    A 3 7  4 2  1 2 1 -2
     3*(-1+t)*s^(-1)
    A 3 7  3 2  1 1 1 -2
     -3*s^(-1)
    A 2 3  4 3  1 3 0 -3
     -2*s^(-1)
    A 2 3  4 3  2 2 0 -3
     -s^(-1)
    A 2 3  3 2  1 2 0 -2
     3*s^(-1)
;
  A 3 7  5 3  1 2 2 -3
   1
    A 3 7  4 3  1 1 2 -3
     s^(-1)
    A 3 7  4 3  1 2 1 -3
     s^(-1)
    A 3 7  4 3  2 1 1 -3
     s^(-1)
    A 3 7  4 2  1 2 1 -2
     3*(-1+t)*s^(-1)
    A 3 7  3 2  1 1 1 -2
     -3*s^(-1)
    A 2 3  4 3  1 3 0 -3
     -2*s^(-1)
    A 2 3  4 3  2 2 0 -3
     -s^(-1)
    A 2 3  3 2  1 2 0 -2
     3*s^(-1)
;
  A 3 7  5 3  1 2 2 -3
   1
    A 3 7  5 2  1 2 2 -2
     -2
    A 3 7  4 2  1 1 2 -2
     -1
    A 3 7  4 2  1 2 1 -2
     4*(-1+t)*s^(-1)
    A 3 7  4 1  1 2 1 -1
     -4*(-1+t)*s^(-1)
    A 3 7  3 1  1 1 1 -1
     4*s^(-1)
    A 2 3  4 2  1 3 0 -2
     -2*(-1+t)*s^(-1)
    A 2 3  3 1  1 2 0 -1
     -2*(1+t)*s^(-1)
;
  A 3 7  5 3  1 2 2 -3
   1
    A 3 7  5 3  1 3 1 -3
     2
    A 3 7  5 2  1 2 2 -2
     -2+s
    A 3 7  5 2  1 3 1 -2
     -2-2*t
    A 3 7  4 2  1 1 2 -2
     1
    A 3 7  4 2  1 2 1 -2
     -(-4+4*t+3*s)*s^(-1)
    A 3 7  4 1  1 2 1 -1
     4*(-1+t)*s^(-1)
    A 3 7  3 1  1 1 1 -1
     -4*s^(-1)
    A 2 3  4 2  1 3 0 -2
     2*(-1+t-s)*s^(-1)
    A 2 3  4 2  2 2 0 -2
     -1
    A 2 3  3 1  1 2 0 -1
     2*(1+t+s)*s^(-1)
;
  A 3 7  5 3  1 2 2 -3
   1
    A 3 7  5 3  1 3 1 -3
     -4*(-2+s)^(-1)
    A 3 7  5 3  2 2 1 -3
     -2*(-2+s)^(-1)
    A 3 7  4 3  1 2 1 -3
     (-2+s)^(-1)*(-2+d)
    A 2 3  4 3  1 3 0 -3
     -2*(-2+s)^(-1)
    A 2 3  4 3  2 2 0 -3
     -(-2+s)^(-1)
    A 2 3  3 2  1 2 0 -2
     3*(-2+s)^(-1)
;
  A 3 7  5 3  1 2 2 -3
   1
    A 3 7  5 3  1 3 1 -3
     2
    A 3 7  5 3  2 2 1 -3
     1
    A 3 7  5 2  1 2 2 -2
     -2+s
    A 3 7  5 2  1 3 1 -2
     -2-2*t
    A 3 7  5 2  2 2 1 -2
     -2
    A 3 7  4 2  1 2 1 -2
     -3
    A 2 3  4 2  1 3 0 -2
     -2
    A 2 3  4 2  2 2 0 -2
     -1
    A 2 3  3 1  1 2 0 -1
     2
;
  A 3 7  5 3  1 1 3 -3
   1
    A 3 7  4 2  1 1 2 -2
     3/2*(-1+t)*s^(-1)
    A 2 5  4 3  1 0 3 -3
     s^(-1)
    A 2 5  4 3  2 0 2 -3
     1/2*s^(-1)
    A 2 5  3 2  1 0 2 -2
     -3/2*s^(-1)
    A 2 3  4 3  2 2 0 -3
     -1/2*s^(-1)
    A 2 3  4 3  3 1 0 -3
     -s^(-1)
    A 2 3  3 2  2 1 0 -2
     3/2*s^(-1)
;
  A 3 7  5 3  1 1 3 -3
   1
    A 3 7  4 3  1 1 2 -3
     -1/2*s^(-1)
    A 3 7  4 2  1 1 2 -2
     3/2*(-1+t)*s^(-1)
    A 3 7  3 2  1 1 1 -2
     -3/2*(-1+t)*s^(-2)
    A 2 5  4 3  1 0 3 -3
     2*s^(-1)
    A 2 5  3 2  1 0 2 -2
     -3/2*s^(-1)
    A 2 3  4 3  2 2 0 -3
     -1/2*s^(-1)
    A 2 3  4 3  3 1 0 -3
     -s^(-1)
    A 2 3  3 2  2 1 0 -2
     3/2*(-1+t+s)*s^(-2)
;
  A 3 7  5 3  1 1 3 -3
   1
    A 3 7  5 2  1 1 3 -2
     -2
    A 3 7  4 2  1 1 2 -2
     3/2*(-1+t)*s^(-1)
    A 3 7  4 1  1 1 2 -1
     -2*(-1+t)*s^(-1)
    A 2 5  4 2  1 0 3 -2
     -1
    A 2 5  3 1  1 0 2 -1
     2*s^(-1)
    A 2 3  4 2  2 2 0 -2
     -1/2*(-1+t)*s^(-1)
    A 2 3  3 1  2 1 0 -1
     -(1+t)*s^(-1)
;
  A 3 7  5 3  1 1 3 -3
   1
    A 3 7  5 3  1 2 2 -3
     1/2
    A 3 7  5 2  1 1 3 -2
     -2+s
    A 3 7  5 2  1 2 2 -2
     -1/2-1/2*t
    A 3 7  4 2  1 1 2 -2
     -1/2*(-3+3*t+4*s)*s^(-1)
    A 3 7  4 2  1 2 1 -2
     1/2*(-1+t)*s^(-1)
    A 3 7  4 1  1 1 2 -1
     2*(-1+t)*s^(-1)
    A 3 7  3 1  1 1 1 -1
     2*s^(-1)
    A 2 5  4 2  1 0 3 -2
     1
    A 2 5  3 1  1 0 2 -1
     -2*s^(-1)
    A 2 3  4 2  2 2 0 -2
     -1/2
    A 2 3  4 2  3 1 0 -2
     -1
    A 2 3  3 1  2 1 0 -1
     (-1+t+s)*s^(-1)
;
  A 3 7  5 3  1 1 3 -3
   1
    A 3 7  5 3  1 2 2 -3
     -(-2+s)^(-1)
    A 3 7  5 3  2 1 2 -3
     -(-2+s)^(-1)
    A 3 7  4 3  1 1 2 -3
     1/2*(-2+s)^(-1)*(-2+d)
    A 2 3  4 3  2 2 0 -3
     -1/2*(-2+s)^(-1)
    A 2 3  4 3  3 1 0 -3
     -(-2+s)^(-1)
    A 2 3  3 2  2 1 0 -2
     3/2*(-2+s)^(-1)
;
  A 3 7  5 3  1 1 3 -3
   1
    A 3 7  5 3  1 2 2 -3
     1/2
    A 3 7  5 3  2 1 2 -3
     1/2
    A 3 7  5 2  1 1 3 -2
     -2+s
    A 3 7  5 2  1 2 2 -2
     -1/2-1/2*t
    A 3 7  5 2  2 1 2 -2
     -1
    A 3 7  4 2  1 1 2 -2
     -3/2
    A 2 3  4 2  2 2 0 -2
     -1/2
    A 2 3  4 2  3 1 0 -2
     -1
    A 2 3  3 1  2 1 0 -1
     1
;
  A 3 7  5 4  2 1 2 -4
   1
    A 3 7  5 3  2 1 2 -3
     -2
    A 3 7  4 3  1 2 1 -3
     -(-1+t)*s^(-1)
    A 3 7  4 3  2 1 1 -3
     4*(-1+t)*s^(-1)
    A 3 7  4 2  2 1 1 -2
     -6*(-1+t)*s^(-1)
    A 3 7  3 2  1 1 1 -2
     -3*(1+t)*s^(-1)
    A 2 5  4 3  2 0 2 -3
     -1
    A 2 5  3 2  2 0 1 -2
     6*s^(-1)
;
  A 3 7  5 4  2 1 2 -4
   1
    A 3 7  5 4  2 2 1 -4
     1
    A 3 7  5 3  2 1 2 -3
     -2+s
    A 3 7  5 3  2 2 1 -3
     -1-t
    A 3 7  4 3  1 1 2 -3
     -1
    A 3 7  4 3  1 2 1 -3
     -1
    A 3 7  4 3  2 1 1 -3
     -4*(-1+t+s)*s^(-1)
    A 3 7  4 2  2 1 1 -2
     6*(-1+t)*s^(-1)
    A 3 7  3 2  1 1 1 -2
     3*(-1+t+s)*s^(-1)
    A 2 5  4 3  2 0 2 -3
     1
    A 2 5  3 2  2 0 1 -2
     -6*s^(-1)
    A 2 3  4 3  2 2 0 -3
     (-1+t)*s^(-1)
    A 2 3  3 2  2 1 0 -2
     6*s^(-1)
;
  A 3 7  5 4  2 1 2 -4
   1
    A 3 7  5 4  2 2 1 -4
     1
    A 3 7  5 4  3 1 1 -4
     2
    A 3 7  5 3  2 1 2 -3
     -2+s
    A 3 7  5 3  2 2 1 -3
     -1-t
    A 3 7  5 3  3 1 1 -3
     -4
    A 3 7  4 3  1 1 2 -3
     -1
    A 3 7  4 3  1 2 1 -3
     -1
    A 3 7  4 3  2 1 1 -3
     -5
    A 3 7  3 2  1 1 1 -2
     3
;
  A 3 7  5 4  1 2 2 -4
   1
    A 3 7  5 3  1 2 2 -3
     -2
    A 3 7  4 3  1 1 2 -3
     -1
    A 3 7  4 3  1 2 1 -3
     5*(-1+t)*s^(-1)
    A 3 7  4 2  1 2 1 -2
     -6*(-1+t)*s^(-1)
    A 3 7  3 2  1 1 1 -2
     6*s^(-1)
    A 2 3  4 3  1 3 0 -3
     -2*(-1+t)*s^(-1)
    A 2 3  3 2  1 2 0 -2
     -3*(1+t)*s^(-1)
;
  A 3 7  5 4  1 2 2 -4
   1
    A 3 7  5 4  1 3 1 -4
     2
    A 3 7  5 3  1 2 2 -3
     -2+s
    A 3 7  5 3  1 3 1 -3
     -2-2*t
    A 3 7  4 3  1 1 2 -3
     1
    A 3 7  4 3  1 2 1 -3
     -(-5+5*t+4*s)*s^(-1)
    A 3 7  4 2  1 2 1 -2
     6*(-1+t)*s^(-1)
    A 3 7  3 2  1 1 1 -2
     -6*s^(-1)
    A 2 3  4 3  1 3 0 -3
     2*(-1+t-s)*s^(-1)
    A 2 3  4 3  2 2 0 -3
     -1
    A 2 3  3 2  1 2 0 -2
     3*(1+t+s)*s^(-1)
;
  A 3 7  5 4  1 2 2 -4
   1
    A 3 7  5 4  1 3 1 -4
     2
    A 3 7  5 4  2 2 1 -4
     1
    A 3 7  5 3  1 2 2 -3
     -2+s
    A 3 7  5 3  1 3 1 -3
     -2-2*t
    A 3 7  5 3  2 2 1 -3
     -2
    A 3 7  4 3  1 2 1 -3
     -4
    A 2 3  4 3  1 3 0 -3
     -2
    A 2 3  4 3  2 2 0 -3
     -1
    A 2 3  3 2  1 2 0 -2
     3
;
  A 3 7  5 4  1 1 3 -4
   1
    A 3 7  5 3  1 1 3 -3
     -2
    A 3 7  4 3  1 1 2 -3
     2*(-1+t)*s^(-1)
    A 3 7  4 2  1 1 2 -2
     -3*(-1+t)*s^(-1)
    A 2 5  4 3  1 0 3 -3
     -1
    A 2 5  3 2  1 0 2 -2
     3*s^(-1)
    A 2 3  4 3  2 2 0 -3
     -1/2*(-1+t)*s^(-1)
    A 2 3  3 2  2 1 0 -2
     -3/2*(1+t)*s^(-1)
;
  A 3 7  5 4  1 1 3 -4
   1
    A 3 7  5 4  1 2 2 -4
     1/2
    A 3 7  5 3  1 1 3 -3
     -2+s
    A 3 7  5 3  1 2 2 -3
     -1/2-1/2*t
    A 3 7  4 3  1 1 2 -3
     -1/2*(-4+4*t+5*s)*s^(-1)
    A 3 7  4 3  1 2 1 -3
     1/2*(-1+t)*s^(-1)
    A 3 7  4 2  1 1 2 -2
     3*(-1+t)*s^(-1)
    A 3 7  3 2  1 1 1 -2
     3*s^(-1)
    A 2 5  4 3  1 0 3 -3
     1
    A 2 5  3 2  1 0 2 -2
     -3*s^(-1)
    A 2 3  4 3  2 2 0 -3
     -1/2
    A 2 3  4 3  3 1 0 -3
     -1
    A 2 3  3 2  2 1 0 -2
     3/2*(-1+t+s)*s^(-1)
;
  A 3 7  5 4  1 1 3 -4
   1
    A 3 7  5 4  1 2 2 -4
     1/2
    A 3 7  5 4  2 1 2 -4
     1/2
    A 3 7  5 3  1 1 3 -3
     -2+s
    A 3 7  5 3  1 2 2 -3
     -1/2-1/2*t
    A 3 7  5 3  2 1 2 -3
     -1
    A 3 7  4 3  1 1 2 -3
     -2
    A 2 3  4 3  2 2 0 -3
     -1/2
    A 2 3  4 3  3 1 0 -3
     -1
    A 2 3  3 2  2 1 0 -2
     3/2
;
