  B 2 5  2 1  1 -1 1 0
   1
    B 2 5  2 0  1 0 1 0
     1/2*s
;
  B 2 5  2 1  1 0 1 -1
   1
    B 2 5  2 0  1 0 1 0
     1/2*s
;
  B 2 5  2 2  1 -2 1 0
   1
    B 2 5  2 0  1 0 1 0
     -1/4*d*(-1+d)^(-1)*s^2
;
  B 2 5  2 2  1 -1 1 -1
   1
    B 2 5  2 0  1 0 1 0
     -1/4*(-1+d)^(-1)*(-2+d*s+2*t)*s
;
  B 2 5  2 2  1 0 1 -2
   1
    B 2 5  2 0  1 0 1 0
     -1/4*(-1+d)^(-1)*(-4+d*s)*s
;
  B 2 5  2 3  1 -3 1 0
   1
    B 2 5  2 0  1 0 1 0
     1/8*(-1+d)^(-1)*(d*s^3+2*s^3)
;
  B 2 5  2 3  1 -2 1 -1
   1
    B 2 5  2 0  1 0 1 0
     1/8*(-1+d)^(-1)*(4*t*s^2+d*s^3-4*s^2+2*s^3)
;
  B 2 5  2 3  1 -1 1 -2
   1
    B 2 5  2 0  1 0 1 0
     1/8*(-1+d)^(-1)*(4*t*s^2+d*s^3-8*s^2+2*s^3)
;
  B 2 5  2 3  1 0 1 -3
   1
    B 2 5  2 0  1 0 1 0
     1/8*(-1+d)^(-1)*(d*s^3-12*s^2+2*s^3)
;
  B 2 5  3 0  2 0 1 0
   1
    B 2 5  2 0  1 0 1 0
     (-3+d)*s^(-1)
;
  B 2 5  3 0  1 0 2 0
   1
    B 2 5  2 0  1 0 1 0
     (-3+d)*s^(-1)
;
  B 2 5  3 1  2 -1 1 0
   1
    B 2 5  2 0  1 0 1 0
     1-1/2*d
;
  B 2 5  3 1  2 0 1 -1
   1
    B 2 5  2 0  1 0 1 0
     1-1/2*d
;
  B 2 5  3 1  1 -1 2 0
   1
    B 2 5  2 0  1 0 1 0
     1-1/2*d
;
  B 2 5  3 1  1 0 2 -1
   1
    B 2 5  2 0  1 0 1 0
     1-1/2*d
;
  B 2 5  3 2  2 -2 1 0
   1
    B 2 5  2 0  1 0 1 0
     1/4*d*s
;
  B 2 5  3 2  2 -1 1 -1
   1
    B 2 5  2 0  1 0 1 0
     -1/2+1/4*d*s+1/2*t
;
  B 2 5  3 2  2 0 1 -2
   1
    B 2 5  2 0  1 0 1 0
     -1+1/4*d*s
;
  B 2 5  3 2  1 -2 2 0
   1
    B 2 5  2 0  1 0 1 0
     1/4*d*s
;
  B 2 5  3 2  1 -1 2 -1
   1
    B 2 5  2 0  1 0 1 0
     -1/2+1/4*d*s+1/2*t
;
  B 2 5  3 2  1 0 2 -2
   1
    B 2 5  2 0  1 0 1 0
     -1+1/4*d*s
;
  B 2 5  3 3  2 -3 1 0
   1
    B 2 5  2 0  1 0 1 0
     -1/8*(-1+d)^(-1)*(2*d*s^2+d^2*s^2)
;
  B 2 5  3 3  2 -2 1 -1
   1
    B 2 5  2 0  1 0 1 0
     -1/8*(-1+d)^(-1)*(2*d*s^2-4*d*s+4*d*t*s+d^2*s^2)
;
  B 2 5  3 3  2 -1 1 -2
   1
    B 2 5  2 0  1 0 1 0
     -1/8*(2*d*s^2-8*d*s+4*d*t*s+d^2*s^2)*(-1+d)^(-1)
;
  B 2 5  3 3  2 0 1 -3
   1
    B 2 5  2 0  1 0 1 0
     -1/8*(-1+d)^(-1)*(2*d*s^2-12*d*s+d^2*s^2)
;
  B 2 5  3 3  1 -3 2 0
   1
    B 2 5  2 0  1 0 1 0
     -1/8*d*(-1+d)^(-1)*(d*s^2+2*s^2)
;
  B 2 5  3 3  1 -2 2 -1
   1
    B 2 5  2 0  1 0 1 0
     -1/8*d*(d*s^2+4*t*s+2*s^2-4*s)*(-1+d)^(-1)
;
  B 2 5  3 3  1 -1 2 -2
   1
    B 2 5  2 0  1 0 1 0
     -1/8*(2*d*s^2-8*d*s+4*d*t*s+d^2*s^2)*(-1+d)^(-1)
;
  B 2 5  3 3  1 0 2 -3
   1
    B 2 5  2 0  1 0 1 0
     -1/8*d*(-1+d)^(-1)*(d*s^2+2*s^2-12*s)
;
  B 2 5  3 4  2 -4 1 0
   1
    B 2 5  2 0  1 0 1 0
     1/16*(-1+d)^(-1)*(6*d*s^3+8*s^3+d^2*s^3)
;
  B 2 5  3 4  2 -3 1 -1
   1
    B 2 5  2 0  1 0 1 0
     -1/16*(6*d*s^2-12*t*s^2-6*d*s^3+12*s^2-8*s^3-d^2*s^3-6*d*t*s^2)*(-1+d)^(-1)
;
  B 2 5  3 4  2 -2 1 -2
   1
    B 2 5  2 0  1 0 1 0
     -1/16*(12*d*s^2-16*t*s^2-6*d*s^3+16*t*s+24*s^2-8*t^2*s-8*s^3-d^2*s^3-8*d*t*s^2-8*s)*(-1+d)^(-1)
;
  B 2 5  3 4  2 -1 1 -3
   1
    B 2 5  2 0  1 0 1 0
     -1/16*(18*d*s^2-12*t*s^2-6*d*s^3+24*t*s+36*s^2-8*s^3-d^2*s^3-6*d*t*s^2-24*s)*(-1+d)^(-1)
;
  B 2 5  3 4  2 0 1 -4
   1
    B 2 5  2 0  1 0 1 0
     -1/16*(-1+d)^(-1)*(24*d*s^2-6*d*s^3+48*s^2-8*s^3-d^2*s^3-48*s)
;
  B 2 5  3 4  1 -4 2 0
   1
    B 2 5  2 0  1 0 1 0
     1/16*(-1+d)^(-1)*(6*d*s^3+8*s^3+d^2*s^3)
;
  B 2 5  3 4  1 -3 2 -1
   1
    B 2 5  2 0  1 0 1 0
     -1/16*(6*d*s^2-12*t*s^2-6*d*s^3+12*s^2-8*s^3-d^2*s^3-6*d*t*s^2)*(-1+d)^(-1)
;
  B 2 5  3 4  1 -2 2 -2
   1
    B 2 5  2 0  1 0 1 0
     -1/16*(12*d*s^2-16*t*s^2-6*d*s^3+16*t*s+24*s^2-8*t^2*s-8*s^3-d^2*s^3-8*d*t*s^2-8*s)*(-1+d)^(-1)
;
  B 2 5  3 4  1 -1 2 -3
   1
    B 2 5  2 0  1 0 1 0
     -1/16*(18*d*s^2-12*t*s^2-6*d*s^3+24*t*s+36*s^2-8*s^3-d^2*s^3-6*d*t*s^2-24*s)*(-1+d)^(-1)
;
  B 2 5  3 4  1 0 2 -4
   1
    B 2 5  2 0  1 0 1 0
     -1/16*(-1+d)^(-1)*(24*d*s^2-6*d*s^3+48*s^2-8*s^3-d^2*s^3-48*s)
;
  B 2 5  4 0  3 0 1 0
   1
    B 2 5  2 0  1 0 1 0
     -1/2*(-4+d)*(-3+d)*s^(-2)
;
  B 2 5  4 0  2 0 2 0
   1
    B 2 5  2 0  1 0 1 0
     (-18+9*d-d^2)*s^(-2)
;
  B 2 5  4 0  1 0 3 0
   1
    B 2 5  2 0  1 0 1 0
     -1/2*(-4+d)*(-3+d)*s^(-2)
;
  B 2 5  4 1  3 -1 1 0
   1
    B 2 5  2 0  1 0 1 0
     -1/4*(-6+5*d-d^2)*s^(-1)
;
  B 2 5  4 1  3 0 1 -1
   1
    B 2 5  2 0  1 0 1 0
     -1/4*(-6+5*d-d^2)*s^(-1)
;
  B 2 5  4 1  2 -1 2 0
   1
    B 2 5  2 0  1 0 1 0
     -1/2*(-12+7*d-d^2)*s^(-1)
;
  B 2 5  4 1  2 0 2 -1
   1
    B 2 5  2 0  1 0 1 0
     -1/2*(-12+7*d-d^2)*s^(-1)
;
  B 2 5  4 1  1 -1 3 0
   1
    B 2 5  2 0  1 0 1 0
     1/4*(-2+d)*(-3+d)*s^(-1)
;
  B 2 5  4 1  1 0 3 -1
   1
    B 2 5  2 0  1 0 1 0
     1/4*(-2+d)*(-3+d)*s^(-1)
;
  B 2 5  4 2  3 -2 1 0
   1
    B 2 5  2 0  1 0 1 0
     1/4*d-1/8*d^2
;
  B 2 5  4 2  3 -1 1 -1
   1
    B 2 5  2 0  1 0 1 0
     1/8*(-4+2*d+2*d*s-d^2*s+4*t-2*d*t)*s^(-1)
;
  B 2 5  4 2  3 0 1 -2
   1
    B 2 5  2 0  1 0 1 0
     1/8*(-8+4*d+2*d*s-d^2*s)*s^(-1)
;
  B 2 5  4 2  2 -2 2 0
   1
    B 2 5  2 0  1 0 1 0
     -1+d-1/4*d^2
;
  B 2 5  4 2  2 -1 2 -1
   1
    B 2 5  2 0  1 0 1 0
     1/4*(-8+2*d+4*d*s-d^2*s+8*t-2*d*t-4*s)*s^(-1)
;
  B 2 5  4 2  2 0 2 -2
   1
    B 2 5  2 0  1 0 1 0
     1/4*(-16+4*d+4*d*s-d^2*s-4*s)*s^(-1)
;
  B 2 5  4 2  1 -2 3 0
   1
    B 2 5  2 0  1 0 1 0
     1/4*d-1/8*d^2
;
  B 2 5  4 2  1 -1 3 -1
   1
    B 2 5  2 0  1 0 1 0
     -1/8*(-2+d*s+2*t)*(-2+d)*s^(-1)
;
  B 2 5  4 2  1 0 3 -2
   1
    B 2 5  2 0  1 0 1 0
     1/8*(-8+4*d+2*d*s-d^2*s)*s^(-1)
;
  B 2 5  4 3  3 -3 1 0
   1
    B 2 5  2 0  1 0 1 0
     1/8*d*s+1/16*d^2*s
;
  B 2 5  4 3  3 -2 1 -1
   1
    B 2 5  2 0  1 0 1 0
     -1/4*d+1/8*d*s+1/16*d^2*s+1/4*d*t
;
  B 2 5  4 3  3 -1 1 -2
   1
    B 2 5  2 0  1 0 1 0
     -1/2*d+1/8*d*s+1/16*d^2*s+1/4*d*t
;
  B 2 5  4 3  3 0 1 -3
   1
    B 2 5  2 0  1 0 1 0
     -3/4*d+1/8*d*s+1/16*d^2*s
;
  B 2 5  4 3  2 -3 2 0
   1
    B 2 5  2 0  1 0 1 0
     1/8*d^2*s
;
  B 2 5  4 3  2 -2 2 -1
   1
    B 2 5  2 0  1 0 1 0
     1-1/2*d+1/8*d^2*s-t+1/2*d*t
;
  B 2 5  4 3  2 -1 2 -2
   1
    B 2 5  2 0  1 0 1 0
     2-d+1/8*d^2*s-t+1/2*d*t
;
  B 2 5  4 3  2 0 2 -3
   1
    B 2 5  2 0  1 0 1 0
     3-3/2*d+1/8*d^2*s
;
  B 2 5  4 3  1 -3 3 0
   1
    B 2 5  2 0  1 0 1 0
     1/16*d*(d*s+2*s)
;
  B 2 5  4 3  1 -2 3 -1
   1
    B 2 5  2 0  1 0 1 0
     -1/4*d+1/8*d*s+1/16*d^2*s+1/4*d*t
;
  B 2 5  4 3  1 -1 3 -2
   1
    B 2 5  2 0  1 0 1 0
     -1/2*d+1/8*d*s+1/16*d^2*s+1/4*d*t
;
  B 2 5  4 3  1 0 3 -3
   1
    B 2 5  2 0  1 0 1 0
     1/16*d*(-12+d*s+2*s)
;
  B 2 5  4 4  2 -4 2 0
   1
    B 2 5  4 3  2 -3 2 0
     1/2*s
    B 2 5  3 3  1 -3 2 0
     -1/2
    B 2 5  3 3  2 -3 1 0
     -2
    B 2 5  2 2  1 -2 1 0
     3/2
;
  B 2 5  4 4  2 -4 2 0
   1
    B 2 5  4 4  3 -4 1 0
     2
    B 2 5  4 3  3 -3 1 0
     2*s
    B 2 5  3 3  2 -3 1 0
     -4
;
  B 2 5  4 4  2 -4 2 0
   1
    B 2 5  4 4  3 -4 1 0
     2
    B 2 5  4 3  2 -3 2 0
     s
    B 2 5  3 3  1 -3 2 0
     -1
    B 2 5  3 3  2 -3 1 0
     -5
    B 2 5  2 2  1 -2 1 0
     3
;
  B 2 5  4 4  2 -3 2 -1
   1
    B 2 5  4 3  2 -2 2 -1
     1/2*s
    B 2 5  3 3  1 -2 2 -1
     -1/2
    B 2 5  3 3  2 -2 1 -1
     -3/2
    B 2 5  3 3  2 -3 1 0
     -1/2
    B 2 5  3 2  2 -2 1 0
     -1/2+1/2*t
    B 2 5  2 2  1 -1 1 -1
     1
    B 2 5  2 2  1 -2 1 0
     1/2*(-1+t+s)*s^(-1)
;
  B 2 5  4 4  2 -3 2 -1
   1
    B 2 5  4 4  3 -3 1 -1
     2
    B 2 5  4 3  3 -2 1 -1
     2*s
    B 2 5  3 3  2 -2 1 -1
     -3
    B 2 5  3 3  2 -3 1 0
     -1
    B 2 5  3 2  2 -2 1 0
     -1+t
;
  B 2 5  4 4  2 -3 2 -1
   1
    B 2 5  4 4  3 -3 1 -1
     2
    B 2 5  4 3  2 -3 2 0
     s
    B 2 5  3 3  1 -3 2 0
     -1
    B 2 5  3 3  2 -2 1 -1
     -3
    B 2 5  3 3  2 -3 1 0
     -2
    B 2 5  3 2  2 -2 1 0
     -3+3*t
    B 2 5  2 2  1 -2 1 0
     3
;
  B 2 5  4 4  2 -3 2 -1
   1
    B 2 5  4 4  3 -3 1 -1
     2
    B 2 5  4 3  2 -2 2 -1
     s
    B 2 5  3 3  1 -2 2 -1
     -1
    B 2 5  3 3  2 -2 1 -1
     -4
    B 2 5  3 3  2 -3 1 0
     -1
    B 2 5  3 2  2 -2 1 0
     -1+t
    B 2 5  2 2  1 -1 1 -1
     2
    B 2 5  2 2  1 -2 1 0
     1
;
  B 2 5  4 4  2 -3 2 -1
   1
    B 2 5  4 4  2 -4 2 0
     -1
    B 2 5  3 3  2 -3 1 0
     -3*(-1+t)*s^(-1)
    B 2 5  2 2  1 -2 1 0
     3*(-1+t)*s^(-1)
;
  B 2 5  4 4  2 -3 2 -1
   1
    B 2 5  4 4  2 -4 2 0
     1
    B 2 5  4 3  2 -3 2 0
     s
    B 2 5  3 3  1 -3 2 0
     -1
    B 2 5  3 3  2 -2 1 -1
     -3
    B 2 5  3 3  2 -3 1 0
     (-3+3*t-s)*s^(-1)
    B 2 5  3 2  2 -2 1 0
     -3+3*t
    B 2 5  2 2  1 -2 1 0
     3
;
  B 2 5  4 4  2 -2 2 -2
   1
    B 2 5  4 3  2 -1 2 -2
     1/2*s
    B 2 5  3 3  1 -1 2 -2
     -1/2
    B 2 5  3 3  2 -1 1 -2
     -1
    B 2 5  3 3  2 -2 1 -1
     -1
    B 2 5  3 2  2 -1 1 -1
     -1+t
    B 2 5  2 2  1 0 1 -2
     1/2
    B 2 5  2 2  1 -1 1 -1
     (-1+t+s)*s^(-1)
;
  B 2 5  4 4  2 -2 2 -2
   1
    B 2 5  4 4  3 -2 1 -2
     2
    B 2 5  4 3  3 -1 1 -2
     2*s
    B 2 5  3 3  2 -1 1 -2
     -2
    B 2 5  3 3  2 -2 1 -1
     -2
    B 2 5  3 2  2 -1 1 -1
     -2+2*t
;
  B 2 5  4 4  2 -2 2 -2
   1
    B 2 5  4 4  3 -2 1 -2
     2
    B 2 5  4 3  2 -2 2 -1
     s
    B 2 5  3 3  1 -2 2 -1
     -1
    B 2 5  3 3  2 -1 1 -2
     -2
    B 2 5  3 3  2 -2 1 -1
     -3
    B 2 5  3 2  2 -1 1 -1
     -2+2*t
    B 2 5  3 2  2 -2 1 0
     -2
    B 2 5  2 2  1 -1 1 -1
     2
    B 2 5  2 2  1 -2 1 0
     1
;
  B 2 5  4 4  2 -2 2 -2
   1
    B 2 5  4 4  3 -2 1 -2
     2
    B 2 5  4 3  2 -1 2 -2
     s
    B 2 5  3 3  1 -1 2 -2
     -1
    B 2 5  3 3  2 -1 1 -2
     -3
    B 2 5  3 3  2 -2 1 -1
     -2
    B 2 5  3 2  2 -1 1 -1
     -2+2*t
    B 2 5  2 2  1 0 1 -2
     1
    B 2 5  2 2  1 -1 1 -1
     2
;
  B 2 5  4 4  2 -2 2 -2
   1
    B 2 5  4 4  2 -3 2 -1
     -1
    B 2 5  3 3  2 -2 1 -1
     -(-1+t)*s^(-1)
    B 2 5  3 3  2 -3 1 0
     2*s^(-1)
    B 2 5  2 2  1 -1 1 -1
     2*(-1+t)*s^(-1)
    B 2 5  2 2  1 -2 1 0
     -(1+t)*s^(-1)
;
  B 2 5  4 4  2 -2 2 -2
   1
    B 2 5  4 4  2 -3 2 -1
     1
    B 2 5  4 3  2 -2 2 -1
     s
    B 2 5  3 3  1 -2 2 -1
     -1
    B 2 5  3 3  2 -1 1 -2
     -2
    B 2 5  3 3  2 -2 1 -1
     (-1+t-2*s)*s^(-1)
    B 2 5  3 3  2 -3 1 0
     -2*s^(-1)
    B 2 5  3 2  2 -1 1 -1
     -2+2*t
    B 2 5  3 2  2 -2 1 0
     -2
    B 2 5  2 2  1 -1 1 -1
     2
    B 2 5  2 2  1 -2 1 0
     (-1+t+s)*s^(-1)
;
  B 2 5  4 4  2 -1 2 -3
   1
    B 2 5  4 3  2 0 2 -3
     1/2*s
    B 2 5  3 3  1 0 2 -3
     -1/2
    B 2 5  3 3  2 0 1 -3
     -1/2
    B 2 5  3 3  2 -1 1 -2
     -3/2
    B 2 5  3 2  2 0 1 -2
     -3/2+3/2*t
    B 2 5  2 2  1 0 1 -2
     3/2*(-1+t+s)*s^(-1)
;
  B 2 5  4 4  2 -1 2 -3
   1
    B 2 5  4 4  3 -1 1 -3
     2
    B 2 5  4 3  3 0 1 -3
     2*s
    B 2 5  3 3  2 0 1 -3
     -1
    B 2 5  3 3  2 -1 1 -2
     -3
    B 2 5  3 2  2 0 1 -2
     -3+3*t
;
  B 2 5  4 4  2 -1 2 -3
   1
    B 2 5  4 4  3 -1 1 -3
     2
    B 2 5  4 3  2 -1 2 -2
     s
    B 2 5  3 3  1 -1 2 -2
     -1
    B 2 5  3 3  2 0 1 -3
     -1
    B 2 5  3 3  2 -1 1 -2
     -4
    B 2 5  3 2  2 0 1 -2
     -1+t
    B 2 5  3 2  2 -1 1 -1
     -4
    B 2 5  2 2  1 0 1 -2
     1
    B 2 5  2 2  1 -1 1 -1
     2
;
  B 2 5  4 4  2 -1 2 -3
   1
    B 2 5  4 4  3 -1 1 -3
     2
    B 2 5  4 3  2 0 2 -3
     s
    B 2 5  3 3  1 0 2 -3
     -1
    B 2 5  3 3  2 0 1 -3
     -2
    B 2 5  3 3  2 -1 1 -2
     -3
    B 2 5  3 2  2 0 1 -2
     -3+3*t
    B 2 5  2 2  1 0 1 -2
     3
;
  B 2 5  4 4  2 -1 2 -3
   1
    B 2 5  4 4  2 -2 2 -2
     -1
    B 2 5  3 3  2 -1 1 -2
     (-1+t)*s^(-1)
    B 2 5  3 3  2 -2 1 -1
     4*s^(-1)
    B 2 5  2 2  1 0 1 -2
     (-1+t)*s^(-1)
    B 2 5  2 2  1 -1 1 -1
     -2*(1+t)*s^(-1)
;
  B 2 5  4 4  2 -1 2 -3
   1
    B 2 5  4 4  2 -2 2 -2
     1
    B 2 5  4 3  2 -1 2 -2
     s
    B 2 5  3 3  1 -1 2 -2
     -1
    B 2 5  3 3  2 0 1 -3
     -1
    B 2 5  3 3  2 -1 1 -2
     -(-1+t+3*s)*s^(-1)
    B 2 5  3 3  2 -2 1 -1
     -4*s^(-1)
    B 2 5  3 2  2 0 1 -2
     -1+t
    B 2 5  3 2  2 -1 1 -1
     -4
    B 2 5  2 2  1 0 1 -2
     1
    B 2 5  2 2  1 -1 1 -1
     2*(-1+t+s)*s^(-1)
;
  B 2 5  4 4  2 0 2 -4
   1
    B 2 5  4 4  3 0 1 -4
     2
    B 2 5  4 3  2 0 2 -3
     s
    B 2 5  3 3  1 0 2 -3
     -1
    B 2 5  3 3  2 0 1 -3
     -5
    B 2 5  3 2  2 0 1 -2
     -6
    B 2 5  2 2  1 0 1 -2
     3
;
  B 2 5  4 4  2 0 2 -4
   1
    B 2 5  4 4  2 -1 2 -3
     -1
    B 2 5  3 3  2 0 1 -3
     3*(-1+t)*s^(-1)
    B 2 5  3 3  2 -1 1 -2
     6*s^(-1)
    B 2 5  2 2  1 0 1 -2
     -3*(1+t)*s^(-1)
;
  B 2 5  4 4  2 0 2 -4
   1
    B 2 5  4 4  2 -1 2 -3
     1
    B 2 5  4 3  2 0 2 -3
     s
    B 2 5  3 3  1 0 2 -3
     -1
    B 2 5  3 3  2 0 1 -3
     -(-3+3*t+4*s)*s^(-1)
    B 2 5  3 3  2 -1 1 -2
     -6*s^(-1)
    B 2 5  3 2  2 0 1 -2
     -6
    B 2 5  2 2  1 0 1 -2
     3*(-1+t+s)*s^(-1)
;
  B 2 5  4 4  1 -4 3 0
   1
    B 2 5  4 3  1 -3 3 0
     1/2*s
    B 2 5  3 3  1 -3 2 0
     -5/4
;
  B 2 5  4 4  1 -4 3 0
   1
    B 2 5  4 4  2 -4 2 0
     1/2
    B 2 5  4 3  2 -3 2 0
     1/2*s
    B 2 5  3 3  1 -3 2 0
     -5/2
    B 2 5  3 3  2 -3 1 0
     -1/2
    B 2 5  2 2  1 -2 1 0
     3/2
;
  B 2 5  4 4  1 -4 3 0
   1
    B 2 5  4 4  2 -4 2 0
     1/2
    B 2 5  4 3  1 -3 3 0
     s
    B 2 5  3 3  1 -3 2 0
     -2
;
  B 2 5  4 4  1 -3 3 -1
   1
    B 2 5  4 3  1 -2 3 -1
     1/2*s
    B 2 5  3 3  1 -2 2 -1
     -1
    B 2 5  3 3  1 -3 2 0
     -1/4
    B 2 5  3 2  1 -2 2 0
     -1/4+1/4*t
    B 2 5  2 2  1 -2 1 0
     -1/4*(-1+t)*s^(-1)
;
  B 2 5  4 4  1 -3 3 -1
   1
    B 2 5  4 4  2 -3 2 -1
     1/2
    B 2 5  4 3  2 -2 2 -1
     1/2*s
    B 2 5  3 3  1 -2 2 -1
     -2
    B 2 5  3 3  1 -3 2 0
     -1/2
    B 2 5  3 3  2 -2 1 -1
     -1/2
    B 2 5  3 2  1 -2 2 0
     -1/2+1/2*t
    B 2 5  2 2  1 -1 1 -1
     1
    B 2 5  2 2  1 -2 1 0
     1/2
;
  B 2 5  4 4  1 -3 3 -1
   1
    B 2 5  4 4  2 -3 2 -1
     1/2
    B 2 5  4 3  1 -3 3 0
     s
    B 2 5  3 3  1 -2 2 -1
     -3/2
    B 2 5  3 3  1 -3 2 0
     -1/2
    B 2 5  3 2  1 -2 2 0
     -3/2+3/2*t
;
  B 2 5  4 4  1 -3 3 -1
   1
    B 2 5  4 4  2 -3 2 -1
     1/2
    B 2 5  4 3  1 -2 3 -1
     s
    B 2 5  3 3  1 -2 2 -1
     -3/2
    B 2 5  3 3  1 -3 2 0
     -1/2
    B 2 5  3 2  1 -2 2 0
     -1/2+1/2*t
;
  B 2 5  4 4  1 -3 3 -1
   1
    B 2 5  4 4  1 -4 3 0
     -1
    B 2 5  3 3  1 -3 2 0
     -3/2*(-1+t)*s^(-1)
;
  B 2 5  4 4  1 -3 3 -1
   1
    B 2 5  4 4  1 -4 3 0
     1
    B 2 5  4 3  1 -3 3 0
     s
    B 2 5  3 3  1 -2 2 -1
     -3/2
    B 2 5  3 3  1 -3 2 0
     1/2*(-3+3*t-2*s)*s^(-1)
    B 2 5  3 2  1 -2 2 0
     -3/2+3/2*t
    B 2 5  2 2  1 -2 1 0
     -3/2*(-1+t)*s^(-1)
;
  B 2 5  4 4  1 -2 3 -2
   1
    B 2 5  4 3  1 -1 3 -2
     1/2*s
    B 2 5  3 3  1 -1 2 -2
     -3/4
    B 2 5  3 3  1 -2 2 -1
     -1/2
    B 2 5  3 2  1 -1 2 -1
     -1/2+1/2*t
    B 2 5  2 2  1 -1 1 -1
     -1/2*(-1+t)*s^(-1)
;
  B 2 5  4 4  1 -2 3 -2
   1
    B 2 5  4 4  2 -2 2 -2
     1/2
    B 2 5  4 3  2 -1 2 -2
     1/2*s
    B 2 5  3 3  1 -1 2 -2
     -3/2
    B 2 5  3 3  1 -2 2 -1
     -1
    B 2 5  3 3  2 -1 1 -2
     -1/2
    B 2 5  3 2  1 -1 2 -1
     -1+t
    B 2 5  2 2  1 0 1 -2
     1/2
    B 2 5  2 2  1 -1 1 -1
     1
;
  B 2 5  4 4  1 -2 3 -2
   1
    B 2 5  4 4  2 -2 2 -2
     1/2
    B 2 5  4 3  1 -2 3 -1
     s
    B 2 5  3 3  1 -1 2 -2
     -1
    B 2 5  3 3  1 -2 2 -1
     -1
    B 2 5  3 2  1 -1 2 -1
     -1+t
    B 2 5  3 2  1 -2 2 0
     -1
;
  B 2 5  4 4  1 -2 3 -2
   1
    B 2 5  4 4  2 -2 2 -2
     1/2
    B 2 5  4 3  1 -1 3 -2
     s
    B 2 5  3 3  1 -1 2 -2
     -1
    B 2 5  3 3  1 -2 2 -1
     -1
    B 2 5  3 2  1 -1 2 -1
     -1+t
;
  B 2 5  4 4  1 -2 3 -2
   1
    B 2 5  4 4  1 -3 3 -1
     -1
    B 2 5  3 3  1 -2 2 -1
     -1/2*(-1+t)*s^(-1)
    B 2 5  3 3  1 -3 2 0
     s^(-1)
;
  B 2 5  4 4  1 -2 3 -2
   1
    B 2 5  4 4  1 -3 3 -1
     1
    B 2 5  4 3  1 -2 3 -1
     s
    B 2 5  3 3  1 -1 2 -2
     -1
    B 2 5  3 3  1 -2 2 -1
     1/2*(-1+t-3*s)*s^(-1)
    B 2 5  3 3  1 -3 2 0
     -s^(-1)
    B 2 5  3 2  1 -1 2 -1
     -1+t
    B 2 5  3 2  1 -2 2 0
     -1
    B 2 5  2 2  1 -1 1 -1
     -(-1+t)*s^(-1)
    B 2 5  2 2  1 -2 1 0
     s^(-1)
;
  B 2 5  4 4  1 -1 3 -3
   1
    B 2 5  4 3  1 0 3 -3
     1/2*s
    B 2 5  3 3  1 0 2 -3
     -1/2
    B 2 5  3 3  1 -1 2 -2
     -3/4
    B 2 5  3 2  1 0 2 -2
     -3/4+3/4*t
    B 2 5  2 2  1 0 1 -2
     -3/4*(-1+t)*s^(-1)
;
  B 2 5  4 4  1 -1 3 -3
   1
    B 2 5  4 4  2 -1 2 -3
     1/2
    B 2 5  4 3  2 0 2 -3
     1/2*s
    B 2 5  3 3  1 0 2 -3
     -1
    B 2 5  3 3  1 -1 2 -2
     -3/2
    B 2 5  3 3  2 0 1 -3
     -1/2
    B 2 5  3 2  1 0 2 -2
     -3/2+3/2*t
    B 2 5  2 2  1 0 1 -2
     3/2
;
  B 2 5  4 4  1 -1 3 -3
   1
    B 2 5  4 4  2 -1 2 -3
     1/2
    B 2 5  4 3  1 -1 3 -2
     s
    B 2 5  3 3  1 0 2 -3
     -1/2
    B 2 5  3 3  1 -1 2 -2
     -3/2
    B 2 5  3 2  1 0 2 -2
     -1/2+1/2*t
    B 2 5  3 2  1 -1 2 -1
     -2
;
  B 2 5  4 4  1 -1 3 -3
   1
    B 2 5  4 4  2 -1 2 -3
     1/2
    B 2 5  4 3  1 0 3 -3
     s
    B 2 5  3 3  1 0 2 -3
     -1/2
    B 2 5  3 3  1 -1 2 -2
     -3/2
    B 2 5  3 2  1 0 2 -2
     -3/2+3/2*t
;
  B 2 5  4 4  1 -1 3 -3
   1
    B 2 5  4 4  1 -2 3 -2
     -1
    B 2 5  3 3  1 -1 2 -2
     1/2*(-1+t)*s^(-1)
    B 2 5  3 3  1 -2 2 -1
     2*s^(-1)
;
  B 2 5  4 4  1 -1 3 -3
   1
    B 2 5  4 4  1 -2 3 -2
     1
    B 2 5  4 3  1 -1 3 -2
     s
    B 2 5  3 3  1 0 2 -3
     -1/2
    B 2 5  3 3  1 -1 2 -2
     -1/2*(-1+t+4*s)*s^(-1)
    B 2 5  3 3  1 -2 2 -1
     -2*s^(-1)
    B 2 5  3 2  1 0 2 -2
     -1/2+1/2*t
    B 2 5  3 2  1 -1 2 -1
     -2
    B 2 5  2 2  1 0 1 -2
     -1/2*(-1+t)*s^(-1)
    B 2 5  2 2  1 -1 1 -1
     2*s^(-1)
;
  B 2 5  4 4  1 0 3 -4
   1
    B 2 5  4 4  2 0 2 -4
     1/2
    B 2 5  4 3  1 0 3 -3
     s
    B 2 5  3 3  1 0 2 -3
     -2
    B 2 5  3 2  1 0 2 -2
     -3
;
  B 2 5  4 4  1 0 3 -4
   1
    B 2 5  4 4  1 -1 3 -3
     -1
    B 2 5  3 3  1 0 2 -3
     3/2*(-1+t)*s^(-1)
    B 2 5  3 3  1 -1 2 -2
     3*s^(-1)
;
  B 2 5  4 4  1 0 3 -4
   1
    B 2 5  4 4  1 -1 3 -3
     1
    B 2 5  4 3  1 0 3 -3
     s
    B 2 5  3 3  1 0 2 -3
     -1/2*(-3+3*t+5*s)*s^(-1)
    B 2 5  3 3  1 -1 2 -2
     -3*s^(-1)
    B 2 5  3 2  1 0 2 -2
     -3
    B 2 5  2 2  1 0 1 -2
     3*s^(-1)
;
  B 2 5  5 0  3 0 2 0
   1
    B 2 5  4 0  2 0 2 0
     -s^(-1)
    B 2 5  4 0  3 0 1 0
     (-7+d)*s^(-1)
;
  B 2 5  5 0  2 0 3 0
   1
    B 2 5  4 0  1 0 3 0
     -s^(-1)
    B 2 5  4 0  2 0 2 0
     1/2*(-6+d)*s^(-1)
;
  B 2 5  5 0  1 0 4 0
   1
    B 2 5  4 0  1 0 3 0
     1/3*(-5+d)*s^(-1)
;
  B 2 5  5 1  3 -1 2 0
   1
    B 2 5  4 1  2 -1 2 0
     -s^(-1)
    B 2 5  4 1  3 -1 1 0
     (-6+d)*s^(-1)
    B 2 5  3 0  2 0 1 0
     s^(-1)
;
  B 2 5  5 1  3 -1 2 0
   1
    B 2 5  5 0  3 0 2 0
     1/2*s
    B 2 5  4 0  2 0 2 0
     -1/2
    B 2 5  4 0  3 0 1 0
     -1/2
;
  B 2 5  5 1  3 -1 2 0
   1
    B 2 5  5 1  4 -1 1 0
     3
    B 2 5  5 0  4 0 1 0
     3*s
    B 2 5  4 0  3 0 1 0
     -1
;
  B 2 5  5 1  3 -1 2 0
   1
    B 2 5  5 1  4 -1 1 0
     3
    B 2 5  5 0  3 0 2 0
     s
    B 2 5  4 0  2 0 2 0
     -1
    B 2 5  4 0  3 0 1 0
     -3
;
  B 2 5  5 1  3 0 2 -1
   1
    B 2 5  4 1  2 0 2 -1
     -s^(-1)
    B 2 5  4 1  3 0 1 -1
     (-6+d)*s^(-1)
    B 2 5  3 0  2 0 1 0
     s^(-1)
;
  B 2 5  5 1  3 0 2 -1
   1
    B 2 5  5 1  4 0 1 -1
     3
    B 2 5  5 0  3 0 2 0
     s
    B 2 5  4 0  2 0 2 0
     -1
    B 2 5  4 0  3 0 1 0
     -3
;
  B 2 5  5 1  3 0 2 -1
   1
    B 2 5  5 1  3 -1 2 0
     -1
;
  B 2 5  5 1  3 0 2 -1
   1
    B 2 5  5 1  3 -1 2 0
     1
    B 2 5  5 0  3 0 2 0
     s
    B 2 5  4 0  2 0 2 0
     -1
    B 2 5  4 0  3 0 1 0
     -1
;
  B 2 5  5 1  2 -1 3 0
   1
    B 2 5  4 1  1 -1 3 0
     -s^(-1)
    B 2 5  4 1  2 -1 2 0
     1/2*(-5+d)*s^(-1)
    B 2 5  3 0  1 0 2 0
     1/2*s^(-1)
;
  B 2 5  5 1  2 -1 3 0
   1
    B 2 5  5 0  2 0 3 0
     1/2*s
    B 2 5  4 0  1 0 3 0
     -1/2
    B 2 5  4 0  2 0 2 0
     -1/2
;
  B 2 5  5 1  2 -1 3 0
   1
    B 2 5  5 1  3 -1 2 0
     1
    B 2 5  5 0  3 0 2 0
     s
    B 2 5  4 0  2 0 2 0
     -1
    B 2 5  4 0  3 0 1 0
     -1
;
  B 2 5  5 1  2 -1 3 0
   1
    B 2 5  5 1  3 -1 2 0
     1
    B 2 5  5 0  2 0 3 0
     s
    B 2 5  4 0  1 0 3 0
     -1
    B 2 5  4 0  2 0 2 0
     -1
;
  B 2 5  5 1  2 0 3 -1
   1
    B 2 5  4 1  1 0 3 -1
     -s^(-1)
    B 2 5  4 1  2 0 2 -1
     1/2*(-5+d)*s^(-1)
    B 2 5  3 0  1 0 2 0
     1/2*s^(-1)
;
  B 2 5  5 1  2 0 3 -1
   1
    B 2 5  5 1  3 0 2 -1
     1
    B 2 5  5 0  2 0 3 0
     s
    B 2 5  4 0  1 0 3 0
     -1
    B 2 5  4 0  2 0 2 0
     -1
;
  B 2 5  5 1  2 0 3 -1
   1
    B 2 5  5 1  2 -1 3 0
     -1
;
  B 2 5  5 1  2 0 3 -1
   1
    B 2 5  5 1  2 -1 3 0
     1
    B 2 5  5 0  2 0 3 0
     s
    B 2 5  4 0  1 0 3 0
     -1
    B 2 5  4 0  2 0 2 0
     -1
;
  B 2 5  5 1  1 -1 4 0
   1
    B 2 5  4 1  1 -1 3 0
     1/3*(-4+d)*s^(-1)
;
  B 2 5  5 1  1 -1 4 0
   1
    B 2 5  5 0  1 0 4 0
     1/2*s
    B 2 5  4 0  1 0 3 0
     -1/2
;
  B 2 5  5 1  1 -1 4 0
   1
    B 2 5  5 1  2 -1 3 0
     1/3
    B 2 5  5 0  2 0 3 0
     1/3*s
    B 2 5  4 0  1 0 3 0
     -1
    B 2 5  4 0  2 0 2 0
     -1/3
;
  B 2 5  5 1  1 -1 4 0
   1
    B 2 5  5 1  2 -1 3 0
     1/3
    B 2 5  5 0  1 0 4 0
     s
    B 2 5  4 0  1 0 3 0
     -1/3
;
  B 2 5  5 1  1 0 4 -1
   1
    B 2 5  4 1  1 0 3 -1
     1/3*(-4+d)*s^(-1)
;
  B 2 5  5 1  1 0 4 -1
   1
    B 2 5  5 1  2 0 3 -1
     1/3
    B 2 5  5 0  1 0 4 0
     s
    B 2 5  4 0  1 0 3 0
     -1/3
;
  B 2 5  5 1  1 0 4 -1
   1
    B 2 5  5 1  1 -1 4 0
     -1
;
  B 2 5  5 1  1 0 4 -1
   1
    B 2 5  5 1  1 -1 4 0
     1
    B 2 5  5 0  1 0 4 0
     s
    B 2 5  4 0  1 0 3 0
     -1
;
  B 2 5  5 2  3 -2 2 0
   1
    B 2 5  4 2  2 -2 2 0
     -s^(-1)
    B 2 5  4 2  3 -2 1 0
     (-5+d)*s^(-1)
    B 2 5  3 1  2 -1 1 0
     2*s^(-1)
;
  B 2 5  5 2  3 -2 2 0
   1
    B 2 5  5 1  3 -1 2 0
     1/2*s
    B 2 5  4 1  2 -1 2 0
     -1/2
    B 2 5  4 1  3 -1 1 0
     -1
    B 2 5  3 0  2 0 1 0
     1/2
;
  B 2 5  5 2  3 -2 2 0
   1
    B 2 5  5 2  4 -2 1 0
     3
    B 2 5  5 1  4 -1 1 0
     3*s
    B 2 5  4 1  3 -1 1 0
     -2
;
  B 2 5  5 2  3 -2 2 0
   1
    B 2 5  5 2  4 -2 1 0
     3
    B 2 5  5 1  3 -1 2 0
     s
    B 2 5  4 1  2 -1 2 0
     -1
    B 2 5  4 1  3 -1 1 0
     -4
    B 2 5  3 0  2 0 1 0
     1
;
  B 2 5  5 2  3 -1 2 -1
   1
    B 2 5  4 2  2 -1 2 -1
     -s^(-1)
    B 2 5  4 2  3 -1 1 -1
     (-5+d)*s^(-1)
    B 2 5  3 1  2 0 1 -1
     s^(-1)
    B 2 5  3 1  2 -1 1 0
     s^(-1)
;
  B 2 5  5 2  3 -1 2 -1
   1
    B 2 5  5 1  3 0 2 -1
     1/2*s
    B 2 5  4 1  2 0 2 -1
     -1/2
    B 2 5  4 1  3 0 1 -1
     -1/2
    B 2 5  4 1  3 -1 1 0
     -1/2
    B 2 5  4 0  3 0 1 0
     -1/2+1/2*t
    B 2 5  3 0  2 0 1 0
     1/2*(-1+t+s)*s^(-1)
;
  B 2 5  5 2  3 -1 2 -1
   1
    B 2 5  5 2  4 -1 1 -1
     3
    B 2 5  5 1  4 0 1 -1
     3*s
    B 2 5  4 1  3 0 1 -1
     -1
    B 2 5  4 1  3 -1 1 0
     -1
    B 2 5  4 0  3 0 1 0
     -1+t
;
  B 2 5  5 2  3 -1 2 -1
   1
    B 2 5  5 2  4 -1 1 -1
     3
    B 2 5  5 1  3 -1 2 0
     s
    B 2 5  4 1  2 -1 2 0
     -1
    B 2 5  4 1  3 0 1 -1
     -1
    B 2 5  4 1  3 -1 1 0
     -3
    B 2 5  4 0  3 0 1 0
     -1+t
    B 2 5  3 0  2 0 1 0
     1
;
  B 2 5  5 2  3 -1 2 -1
   1
    B 2 5  5 2  4 -1 1 -1
     3
    B 2 5  5 1  3 0 2 -1
     s
    B 2 5  4 1  2 0 2 -1
     -1
    B 2 5  4 1  3 0 1 -1
     -3
    B 2 5  4 1  3 -1 1 0
     -1
    B 2 5  4 0  3 0 1 0
     -1+t
    B 2 5  3 0  2 0 1 0
     1
;
  B 2 5  5 2  3 -1 2 -1
   1
    B 2 5  5 2  3 -2 2 0
     -1
    B 2 5  4 1  3 -1 1 0
     -(-1+t)*s^(-1)
    B 2 5  3 0  2 0 1 0
     (-1+t)*s^(-1)
;
  B 2 5  5 2  3 -1 2 -1
   1
    B 2 5  5 2  3 -2 2 0
     1
    B 2 5  5 1  3 -1 2 0
     s
    B 2 5  4 1  2 -1 2 0
     -1
    B 2 5  4 1  3 0 1 -1
     -1
    B 2 5  4 1  3 -1 1 0
     (-1+t-s)*s^(-1)
    B 2 5  4 0  3 0 1 0
     -1+t
    B 2 5  3 0  2 0 1 0
     1
;
  B 2 5  5 2  3 0 2 -2
   1
    B 2 5  4 2  2 0 2 -2
     -s^(-1)
    B 2 5  4 2  3 0 1 -2
     (-5+d)*s^(-1)
    B 2 5  3 1  2 0 1 -1
     2*s^(-1)
;
  B 2 5  5 2  3 0 2 -2
   1
    B 2 5  5 2  4 0 1 -2
     3
    B 2 5  5 1  3 0 2 -1
     s
    B 2 5  4 1  2 0 2 -1
     -1
    B 2 5  4 1  3 0 1 -1
     -4
    B 2 5  4 0  3 0 1 0
     -2
    B 2 5  3 0  2 0 1 0
     1
;
  B 2 5  5 2  3 0 2 -2
   1
    B 2 5  5 2  3 -1 2 -1
     -1
    B 2 5  4 1  3 0 1 -1
     (-1+t)*s^(-1)
    B 2 5  4 1  3 -1 1 0
     2*s^(-1)
    B 2 5  3 0  2 0 1 0
     -(1+t)*s^(-1)
;
  B 2 5  5 2  3 0 2 -2
   1
    B 2 5  5 2  3 -1 2 -1
     1
    B 2 5  5 1  3 0 2 -1
     s
    B 2 5  4 1  2 0 2 -1
     -1
    B 2 5  4 1  3 0 1 -1
     -(-1+t+2*s)*s^(-1)
    B 2 5  4 1  3 -1 1 0
     -2*s^(-1)
    B 2 5  4 0  3 0 1 0
     -2
    B 2 5  3 0  2 0 1 0
     (-1+t+s)*s^(-1)
;
  B 2 5  5 2  2 -2 3 0
   1
    B 2 5  4 2  1 -2 3 0
     -s^(-1)
    B 2 5  4 2  2 -2 2 0
     1/2*(-4+d)*s^(-1)
    B 2 5  3 1  1 -1 2 0
     s^(-1)
;
  B 2 5  5 2  2 -2 3 0
   1
    B 2 5  5 1  2 -1 3 0
     1/2*s
    B 2 5  4 1  1 -1 3 0
     -1/2
    B 2 5  4 1  2 -1 2 0
     -3/4
    B 2 5  3 0  1 0 2 0
     1/4
;
  B 2 5  5 2  2 -2 3 0
   1
    B 2 5  5 2  3 -2 2 0
     1
    B 2 5  5 1  3 -1 2 0
     s
    B 2 5  4 1  2 -1 2 0
     -3/2
    B 2 5  4 1  3 -1 1 0
     -1
    B 2 5  3 0  2 0 1 0
     1/2
;
  B 2 5  5 2  2 -2 3 0
   1
    B 2 5  5 2  3 -2 2 0
     1
    B 2 5  5 1  2 -1 3 0
     s
    B 2 5  4 1  1 -1 3 0
     -1
    B 2 5  4 1  2 -1 2 0
     -3/2
    B 2 5  3 0  1 0 2 0
     1/2
;
  B 2 5  5 2  2 -1 3 -1
   1
    B 2 5  4 2  1 -1 3 -1
     -s^(-1)
    B 2 5  4 2  2 -1 2 -1
     1/2*(-4+d)*s^(-1)
    B 2 5  3 1  1 0 2 -1
     1/2*s^(-1)
    B 2 5  3 1  1 -1 2 0
     1/2*s^(-1)
;
  B 2 5  5 2  2 -1 3 -1
   1
    B 2 5  5 1  2 0 3 -1
     1/2*s
    B 2 5  4 1  1 0 3 -1
     -1/2
    B 2 5  4 1  2 0 2 -1
     -1/2
    B 2 5  4 1  2 -1 2 0
     -1/4
    B 2 5  4 0  2 0 2 0
     -1/4+1/4*t
    B 2 5  3 0  1 0 2 0
     1/4*(-1+t+s)*s^(-1)
    B 2 5  3 0  2 0 1 0
     -1/4*(-1+t)*s^(-1)
;
  B 2 5  5 2  2 -1 3 -1
   1
    B 2 5  5 2  3 -1 2 -1
     1
    B 2 5  5 1  3 0 2 -1
     s
    B 2 5  4 1  2 0 2 -1
     -1
    B 2 5  4 1  2 -1 2 0
     -1/2
    B 2 5  4 1  3 0 1 -1
     -1
    B 2 5  4 0  2 0 2 0
     -1/2+1/2*t
    B 2 5  3 0  2 0 1 0
     1/2
;
  B 2 5  5 2  2 -1 3 -1
   1
    B 2 5  5 2  3 -1 2 -1
     1
    B 2 5  5 1  2 -1 3 0
     s
    B 2 5  4 1  1 -1 3 0
     -1
    B 2 5  4 1  2 0 2 -1
     -1/2
    B 2 5  4 1  2 -1 2 0
     -1
    B 2 5  4 0  2 0 2 0
     -1/2+1/2*t
    B 2 5  3 0  1 0 2 0
     1/2
;
  B 2 5  5 2  2 -1 3 -1
   1
    B 2 5  5 2  3 -1 2 -1
     1
    B 2 5  5 1  2 0 3 -1
     s
    B 2 5  4 1  1 0 3 -1
     -1
    B 2 5  4 1  2 0 2 -1
     -1
    B 2 5  4 1  2 -1 2 0
     -1/2
    B 2 5  4 0  2 0 2 0
     -1/2+1/2*t
    B 2 5  3 0  1 0 2 0
     1/2
;
  B 2 5  5 2  2 -1 3 -1
   1
    B 2 5  5 2  2 -2 3 0
     -1
    B 2 5  4 1  2 -1 2 0
     -1/2*(-1+t)*s^(-1)
    B 2 5  3 0  1 0 2 0
     1/2*(-1+t)*s^(-1)
;
  B 2 5  5 2  2 -1 3 -1
   1
    B 2 5  5 2  2 -2 3 0
     1
    B 2 5  5 1  2 -1 3 0
     s
    B 2 5  4 1  1 -1 3 0
     -1
    B 2 5  4 1  2 0 2 -1
     -1/2
    B 2 5  4 1  2 -1 2 0
     1/2*(-1+t-2*s)*s^(-1)
    B 2 5  4 0  2 0 2 0
     -1/2+1/2*t
    B 2 5  3 0  1 0 2 0
     1/2
    B 2 5  3 0  2 0 1 0
     -1/2*(-1+t)*s^(-1)
;
  B 2 5  5 2  2 0 3 -2
   1
    B 2 5  4 2  1 0 3 -2
     -s^(-1)
    B 2 5  4 2  2 0 2 -2
     1/2*(-4+d)*s^(-1)
    B 2 5  3 1  1 0 2 -1
     s^(-1)
;
  B 2 5  5 2  2 0 3 -2
   1
    B 2 5  5 2  3 0 2 -2
     1
    B 2 5  5 1  2 0 3 -1
     s
    B 2 5  4 1  1 0 3 -1
     -1
    B 2 5  4 1  2 0 2 -1
     -3/2
    B 2 5  4 0  2 0 2 0
     -1
    B 2 5  3 0  1 0 2 0
     1/2
;
  B 2 5  5 2  2 0 3 -2
   1
    B 2 5  5 2  2 -1 3 -1
     -1
    B 2 5  4 1  2 0 2 -1
     1/2*(-1+t)*s^(-1)
    B 2 5  4 1  2 -1 2 0
     s^(-1)
    B 2 5  3 0  1 0 2 0
     -1/2*(1+t)*s^(-1)
;
  B 2 5  5 2  2 0 3 -2
   1
    B 2 5  5 2  2 -1 3 -1
     1
    B 2 5  5 1  2 0 3 -1
     s
    B 2 5  4 1  1 0 3 -1
     -1
    B 2 5  4 1  2 0 2 -1
     -1/2*(-1+t+3*s)*s^(-1)
    B 2 5  4 1  2 -1 2 0
     -s^(-1)
    B 2 5  4 0  2 0 2 0
     -1
    B 2 5  3 0  1 0 2 0
     1/2*(-1+t+s)*s^(-1)
    B 2 5  3 0  2 0 1 0
     s^(-1)
;
  B 2 5  5 2  1 -2 4 0
   1
    B 2 5  4 2  1 -2 3 0
     1/3*(-3+d)*s^(-1)
;
  B 2 5  5 2  1 -2 4 0
   1
    B 2 5  5 1  1 -1 4 0
     1/2*s
    B 2 5  4 1  1 -1 3 0
     -2/3
;
  B 2 5  5 2  1 -2 4 0
   1
    B 2 5  5 2  2 -2 3 0
     1/3
    B 2 5  5 1  2 -1 3 0
     1/3*s
    B 2 5  4 1  1 -1 3 0
     -4/3
    B 2 5  4 1  2 -1 2 0
     -1/3
    B 2 5  3 0  1 0 2 0
     1/3
;
  B 2 5  5 2  1 -2 4 0
   1
    B 2 5  5 2  2 -2 3 0
     1/3
    B 2 5  5 1  1 -1 4 0
     s
    B 2 5  4 1  1 -1 3 0
     -2/3
;
  B 2 5  5 2  1 -1 4 -1
   1
    B 2 5  4 2  1 -1 3 -1
     1/3*(-3+d)*s^(-1)
;
  B 2 5  5 2  1 -1 4 -1
   1
    B 2 5  5 1  1 0 4 -1
     1/2*s
    B 2 5  4 1  1 0 3 -1
     -1/2
    B 2 5  4 1  1 -1 3 0
     -1/6
    B 2 5  4 0  1 0 3 0
     -1/6+1/6*t
    B 2 5  3 0  1 0 2 0
     -1/6*(-1+t)*s^(-1)
;
  B 2 5  5 2  1 -1 4 -1
   1
    B 2 5  5 2  2 -1 3 -1
     1/3
    B 2 5  5 1  2 0 3 -1
     1/3*s
    B 2 5  4 1  1 0 3 -1
     -1
    B 2 5  4 1  1 -1 3 0
     -1/3
    B 2 5  4 1  2 0 2 -1
     -1/3
    B 2 5  4 0  1 0 3 0
     -1/3+1/3*t
    B 2 5  3 0  1 0 2 0
     1/3
;
  B 2 5  5 2  1 -1 4 -1
   1
    B 2 5  5 2  2 -1 3 -1
     1/3
    B 2 5  5 1  1 -1 4 0
     s
    B 2 5  4 1  1 0 3 -1
     -1/3
    B 2 5  4 1  1 -1 3 0
     -1/3
    B 2 5  4 0  1 0 3 0
     -1/3+1/3*t
;
  B 2 5  5 2  1 -1 4 -1
   1
    B 2 5  5 2  2 -1 3 -1
     1/3
    B 2 5  5 1  1 0 4 -1
     s
    B 2 5  4 1  1 0 3 -1
     -1/3
    B 2 5  4 1  1 -1 3 0
     -1/3
    B 2 5  4 0  1 0 3 0
     -1/3+1/3*t
;
  B 2 5  5 2  1 -1 4 -1
   1
    B 2 5  5 2  1 -2 4 0
     -1
    B 2 5  4 1  1 -1 3 0
     -1/3*(-1+t)*s^(-1)
;
  B 2 5  5 2  1 -1 4 -1
   1
    B 2 5  5 2  1 -2 4 0
     1
    B 2 5  5 1  1 -1 4 0
     s
    B 2 5  4 1  1 0 3 -1
     -1/3
    B 2 5  4 1  1 -1 3 0
     1/3*(-1+t-3*s)*s^(-1)
    B 2 5  4 0  1 0 3 0
     -1/3+1/3*t
    B 2 5  3 0  1 0 2 0
     -1/3*(-1+t)*s^(-1)
;
  B 2 5  5 2  1 0 4 -2
   1
    B 2 5  4 2  1 0 3 -2
     1/3*(-3+d)*s^(-1)
;
  B 2 5  5 2  1 0 4 -2
   1
    B 2 5  5 2  2 0 3 -2
     1/3
    B 2 5  5 1  1 0 4 -1
     s
    B 2 5  4 1  1 0 3 -1
     -2/3
    B 2 5  4 0  1 0 3 0
     -2/3
;
  B 2 5  5 2  1 0 4 -2
   1
    B 2 5  5 2  1 -1 4 -1
     -1
    B 2 5  4 1  1 0 3 -1
     1/3*(-1+t)*s^(-1)
    B 2 5  4 1  1 -1 3 0
     2/3*s^(-1)
;
  B 2 5  5 2  1 0 4 -2
   1
    B 2 5  5 2  1 -1 4 -1
     1
    B 2 5  5 1  1 0 4 -1
     s
    B 2 5  4 1  1 0 3 -1
     -1/3*(-1+t+4*s)*s^(-1)
    B 2 5  4 1  1 -1 3 0
     -2/3*s^(-1)
    B 2 5  4 0  1 0 3 0
     -2/3
    B 2 5  3 0  1 0 2 0
     2/3*s^(-1)
;
  B 2 5  5 3  3 -3 2 0
   1
    B 2 5  4 3  2 -3 2 0
     -s^(-1)
    B 2 5  4 3  3 -3 1 0
     (-4+d)*s^(-1)
    B 2 5  3 2  2 -2 1 0
     3*s^(-1)
;
  B 2 5  5 3  3 -3 2 0
   1
    B 2 5  5 2  3 -2 2 0
     1/2*s
    B 2 5  4 2  2 -2 2 0
     -1/2
    B 2 5  4 2  3 -2 1 0
     -3/2
    B 2 5  3 1  2 -1 1 0
     1
;
  B 2 5  5 3  3 -3 2 0
   1
    B 2 5  5 3  4 -3 1 0
     3
    B 2 5  5 2  4 -2 1 0
     3*s
    B 2 5  4 2  3 -2 1 0
     -3
;
  B 2 5  5 3  3 -3 2 0
   1
    B 2 5  5 3  4 -3 1 0
     3
    B 2 5  5 2  3 -2 2 0
     s
    B 2 5  4 2  2 -2 2 0
     -1
    B 2 5  4 2  3 -2 1 0
     -5
    B 2 5  3 1  2 -1 1 0
     2
;
  B 2 5  5 3  3 -2 2 -1
   1
    B 2 5  4 3  2 -2 2 -1
     -s^(-1)
    B 2 5  4 3  3 -2 1 -1
     (-4+d)*s^(-1)
    B 2 5  3 2  2 -1 1 -1
     2*s^(-1)
    B 2 5  3 2  2 -2 1 0
     s^(-1)
;
  B 2 5  5 3  3 -2 2 -1
   1
    B 2 5  5 2  3 -1 2 -1
     1/2*s
    B 2 5  4 2  2 -1 2 -1
     -1/2
    B 2 5  4 2  3 -1 1 -1
     -1
    B 2 5  4 2  3 -2 1 0
     -1/2
    B 2 5  4 1  3 -1 1 0
     -1/2+1/2*t
    B 2 5  3 1  2 0 1 -1
     1/2
    B 2 5  3 1  2 -1 1 0
     1/2*(-1+t+s)*s^(-1)
;
  B 2 5  5 3  3 -2 2 -1
   1
    B 2 5  5 3  4 -2 1 -1
     3
    B 2 5  5 2  4 -1 1 -1
     3*s
    B 2 5  4 2  3 -1 1 -1
     -2
    B 2 5  4 2  3 -2 1 0
     -1
    B 2 5  4 1  3 -1 1 0
     -1+t
;
  B 2 5  5 3  3 -2 2 -1
   1
    B 2 5  5 3  4 -2 1 -1
     3
    B 2 5  5 2  3 -2 2 0
     s
    B 2 5  4 2  2 -2 2 0
     -1
    B 2 5  4 2  3 -1 1 -1
     -2
    B 2 5  4 2  3 -2 1 0
     -3
    B 2 5  4 1  3 -1 1 0
     -2+2*t
    B 2 5  3 1  2 -1 1 0
     2
;
  B 2 5  5 3  3 -2 2 -1
   1
    B 2 5  5 3  4 -2 1 -1
     3
    B 2 5  5 2  3 -1 2 -1
     s
    B 2 5  4 2  2 -1 2 -1
     -1
    B 2 5  4 2  3 -1 1 -1
     -4
    B 2 5  4 2  3 -2 1 0
     -1
    B 2 5  4 1  3 -1 1 0
     -1+t
    B 2 5  3 1  2 0 1 -1
     1
    B 2 5  3 1  2 -1 1 0
     1
;
  B 2 5  5 3  3 -2 2 -1
   1
    B 2 5  5 3  3 -3 2 0
     -1
    B 2 5  4 2  3 -2 1 0
     -2*(-1+t)*s^(-1)
    B 2 5  3 1  2 -1 1 0
     2*(-1+t)*s^(-1)
;
  B 2 5  5 3  3 -2 2 -1
   1
    B 2 5  5 3  3 -3 2 0
     1
    B 2 5  5 2  3 -2 2 0
     s
    B 2 5  4 2  2 -2 2 0
     -1
    B 2 5  4 2  3 -1 1 -1
     -2
    B 2 5  4 2  3 -2 1 0
     (-2+2*t-s)*s^(-1)
    B 2 5  4 1  3 -1 1 0
     -2+2*t
    B 2 5  3 1  2 -1 1 0
     2
;
  B 2 5  5 3  3 -1 2 -2
   1
    B 2 5  4 3  2 -1 2 -2
     -s^(-1)
    B 2 5  4 3  3 -1 1 -2
     (-4+d)*s^(-1)
    B 2 5  3 2  2 0 1 -2
     s^(-1)
    B 2 5  3 2  2 -1 1 -1
     2*s^(-1)
;
  B 2 5  5 3  3 -1 2 -2
   1
    B 2 5  5 2  3 0 2 -2
     1/2*s
    B 2 5  4 2  2 0 2 -2
     -1/2
    B 2 5  4 2  3 0 1 -2
     -1/2
    B 2 5  4 2  3 -1 1 -1
     -1
    B 2 5  4 1  3 0 1 -1
     -1+t
    B 2 5  3 1  2 0 1 -1
     (-1+t+s)*s^(-1)
;
  B 2 5  5 3  3 -1 2 -2
   1
    B 2 5  5 3  4 -1 1 -2
     3
    B 2 5  5 2  4 0 1 -2
     3*s
    B 2 5  4 2  3 0 1 -2
     -1
    B 2 5  4 2  3 -1 1 -1
     -2
    B 2 5  4 1  3 0 1 -1
     -2+2*t
;
  B 2 5  5 3  3 -1 2 -2
   1
    B 2 5  5 3  4 -1 1 -2
     3
    B 2 5  5 2  3 -1 2 -1
     s
    B 2 5  4 2  2 -1 2 -1
     -1
    B 2 5  4 2  3 0 1 -2
     -1
    B 2 5  4 2  3 -1 1 -1
     -4
    B 2 5  4 1  3 0 1 -1
     -1+t
    B 2 5  4 1  3 -1 1 0
     -2
    B 2 5  3 1  2 0 1 -1
     1
    B 2 5  3 1  2 -1 1 0
     1
;
  B 2 5  5 3  3 -1 2 -2
   1
    B 2 5  5 3  4 -1 1 -2
     3
    B 2 5  5 2  3 0 2 -2
     s
    B 2 5  4 2  2 0 2 -2
     -1
    B 2 5  4 2  3 0 1 -2
     -3
    B 2 5  4 2  3 -1 1 -1
     -2
    B 2 5  4 1  3 0 1 -1
     -2+2*t
    B 2 5  3 1  2 0 1 -1
     2
;
  B 2 5  5 3  3 -1 2 -2
   1
    B 2 5  5 3  3 -2 2 -1
     -1
    B 2 5  4 2  3 -2 1 0
     2*s^(-1)
    B 2 5  3 1  2 0 1 -1
     (-1+t)*s^(-1)
    B 2 5  3 1  2 -1 1 0
     -(1+t)*s^(-1)
;
  B 2 5  5 3  3 -1 2 -2
   1
    B 2 5  5 3  3 -2 2 -1
     1
    B 2 5  5 2  3 -1 2 -1
     s
    B 2 5  4 2  2 -1 2 -1
     -1
    B 2 5  4 2  3 0 1 -2
     -1
    B 2 5  4 2  3 -1 1 -1
     -2
    B 2 5  4 2  3 -2 1 0
     -2*s^(-1)
    B 2 5  4 1  3 0 1 -1
     -1+t
    B 2 5  4 1  3 -1 1 0
     -2
    B 2 5  3 1  2 0 1 -1
     1
    B 2 5  3 1  2 -1 1 0
     (-1+t+s)*s^(-1)
;
  B 2 5  5 3  3 0 2 -3
   1
    B 2 5  4 3  2 0 2 -3
     -s^(-1)
    B 2 5  4 3  3 0 1 -3
     (-4+d)*s^(-1)
    B 2 5  3 2  2 0 1 -2
     3*s^(-1)
;
  B 2 5  5 3  3 0 2 -3
   1
    B 2 5  5 3  4 0 1 -3
     3
    B 2 5  5 2  3 0 2 -2
     s
    B 2 5  4 2  2 0 2 -2
     -1
    B 2 5  4 2  3 0 1 -2
     -5
    B 2 5  4 1  3 0 1 -1
     -4
    B 2 5  3 1  2 0 1 -1
     2
;
  B 2 5  5 3  3 0 2 -3
   1
    B 2 5  5 3  3 -1 2 -2
     -1
    B 2 5  4 2  3 0 1 -2
     2*(-1+t)*s^(-1)
    B 2 5  4 2  3 -1 1 -1
     4*s^(-1)
    B 2 5  3 1  2 0 1 -1
     -2*(1+t)*s^(-1)
;
  B 2 5  5 3  3 0 2 -3
   1
    B 2 5  5 3  3 -1 2 -2
     1
    B 2 5  5 2  3 0 2 -2
     s
    B 2 5  4 2  2 0 2 -2
     -1
    B 2 5  4 2  3 0 1 -2
     -(-2+2*t+3*s)*s^(-1)
    B 2 5  4 2  3 -1 1 -1
     -4*s^(-1)
    B 2 5  4 1  3 0 1 -1
     -4
    B 2 5  3 1  2 0 1 -1
     2*(-1+t+s)*s^(-1)
;
  B 2 5  5 3  2 -3 3 0
   1
    B 2 5  4 3  1 -3 3 0
     -s^(-1)
    B 2 5  4 3  2 -3 2 0
     1/2*(-3+d)*s^(-1)
    B 2 5  3 2  1 -2 2 0
     3/2*s^(-1)
;
  B 2 5  5 3  2 -3 3 0
   1
    B 2 5  5 2  2 -2 3 0
     1/2*s
    B 2 5  4 2  1 -2 3 0
     -1/2
    B 2 5  4 2  2 -2 2 0
     -1
    B 2 5  3 1  1 -1 2 0
     1/2
;
  B 2 5  5 3  2 -3 3 0
   1
    B 2 5  5 3  3 -3 2 0
     1
    B 2 5  5 2  3 -2 2 0
     s
    B 2 5  4 2  2 -2 2 0
     -2
    B 2 5  4 2  3 -2 1 0
     -1
    B 2 5  3 1  2 -1 1 0
     1
;
  B 2 5  5 3  2 -3 3 0
   1
    B 2 5  5 3  3 -3 2 0
     1
    B 2 5  5 2  2 -2 3 0
     s
    B 2 5  4 2  1 -2 3 0
     -1
    B 2 5  4 2  2 -2 2 0
     -2
    B 2 5  3 1  1 -1 2 0
     1
;
  B 2 5  5 3  2 -2 3 -1
   1
    B 2 5  4 3  1 -2 3 -1
     -s^(-1)
    B 2 5  4 3  2 -2 2 -1
     1/2*(-3+d)*s^(-1)
    B 2 5  3 2  1 -1 2 -1
     s^(-1)
    B 2 5  3 2  1 -2 2 0
     1/2*s^(-1)
;
  B 2 5  5 3  2 -2 3 -1
   1
    B 2 5  5 2  2 -1 3 -1
     1/2*s
    B 2 5  4 2  1 -1 3 -1
     -1/2
    B 2 5  4 2  2 -1 2 -1
     -3/4
    B 2 5  4 2  2 -2 2 0
     -1/4
    B 2 5  4 1  2 -1 2 0
     -1/4+1/4*t
    B 2 5  3 1  1 0 2 -1
     1/4
    B 2 5  3 1  1 -1 2 0
     1/4*(-1+t+s)*s^(-1)
    B 2 5  3 1  2 -1 1 0
     -1/4*(-1+t)*s^(-1)
;
  B 2 5  5 3  2 -2 3 -1
   1
    B 2 5  5 3  3 -2 2 -1
     1
    B 2 5  5 2  3 -1 2 -1
     s
    B 2 5  4 2  2 -1 2 -1
     -3/2
    B 2 5  4 2  2 -2 2 0
     -1/2
    B 2 5  4 2  3 -1 1 -1
     -1
    B 2 5  4 1  2 -1 2 0
     -1/2+1/2*t
    B 2 5  3 1  2 0 1 -1
     1/2
    B 2 5  3 1  2 -1 1 0
     1/2
;
  B 2 5  5 3  2 -2 3 -1
   1
    B 2 5  5 3  3 -2 2 -1
     1
    B 2 5  5 2  2 -2 3 0
     s
    B 2 5  4 2  1 -2 3 0
     -1
    B 2 5  4 2  2 -1 2 -1
     -1
    B 2 5  4 2  2 -2 2 0
     -1
    B 2 5  4 1  2 -1 2 0
     -1+t
    B 2 5  3 1  1 -1 2 0
     1
;
  B 2 5  5 3  2 -2 3 -1
   1
    B 2 5  5 3  3 -2 2 -1
     1
    B 2 5  5 2  2 -1 3 -1
     s
    B 2 5  4 2  1 -1 3 -1
     -1
    B 2 5  4 2  2 -1 2 -1
     -3/2
    B 2 5  4 2  2 -2 2 0
     -1/2
    B 2 5  4 1  2 -1 2 0
     -1/2+1/2*t
    B 2 5  3 1  1 0 2 -1
     1/2
    B 2 5  3 1  1 -1 2 0
     1/2
;
  B 2 5  5 3  2 -2 3 -1
   1
    B 2 5  5 3  2 -3 3 0
     -1
    B 2 5  4 2  2 -2 2 0
     -(-1+t)*s^(-1)
    B 2 5  3 1  1 -1 2 0
     (-1+t)*s^(-1)
;
  B 2 5  5 3  2 -2 3 -1
   1
    B 2 5  5 3  2 -3 3 0
     1
    B 2 5  5 2  2 -2 3 0
     s
    B 2 5  4 2  1 -2 3 0
     -1
    B 2 5  4 2  2 -1 2 -1
     -1
    B 2 5  4 2  2 -2 2 0
     (-1+t-s)*s^(-1)
    B 2 5  4 1  2 -1 2 0
     -1+t
    B 2 5  3 1  1 -1 2 0
     1
    B 2 5  3 1  2 -1 1 0
     -(-1+t)*s^(-1)
;
  B 2 5  5 3  2 -1 3 -2
   1
    B 2 5  4 3  1 -1 3 -2
     -s^(-1)
    B 2 5  4 3  2 -1 2 -2
     1/2*(-3+d)*s^(-1)
    B 2 5  3 2  1 0 2 -2
     1/2*s^(-1)
    B 2 5  3 2  1 -1 2 -1
     s^(-1)
;
  B 2 5  5 3  2 -1 3 -2
   1
    B 2 5  5 2  2 0 3 -2
     1/2*s
    B 2 5  4 2  1 0 3 -2
     -1/2
    B 2 5  4 2  2 0 2 -2
     -1/2
    B 2 5  4 2  2 -1 2 -1
     -1/2
    B 2 5  4 1  2 0 2 -1
     -1/2+1/2*t
    B 2 5  3 1  1 0 2 -1
     1/2*(-1+t+s)*s^(-1)
    B 2 5  3 1  2 0 1 -1
     -1/2*(-1+t)*s^(-1)
;
  B 2 5  5 3  2 -1 3 -2
   1
    B 2 5  5 3  3 -1 2 -2
     1
    B 2 5  5 2  3 0 2 -2
     s
    B 2 5  4 2  2 0 2 -2
     -1
    B 2 5  4 2  2 -1 2 -1
     -1
    B 2 5  4 2  3 0 1 -2
     -1
    B 2 5  4 1  2 0 2 -1
     -1+t
    B 2 5  3 1  2 0 1 -1
     1
;
  B 2 5  5 3  2 -1 3 -2
   1
    B 2 5  5 3  3 -1 2 -2
     1
    B 2 5  5 2  2 -1 3 -1
     s
    B 2 5  4 2  1 -1 3 -1
     -1
    B 2 5  4 2  2 0 2 -2
     -1/2
    B 2 5  4 2  2 -1 2 -1
     -3/2
    B 2 5  4 1  2 0 2 -1
     -1/2+1/2*t
    B 2 5  4 1  2 -1 2 0
     -1
    B 2 5  3 1  1 0 2 -1
     1/2
    B 2 5  3 1  1 -1 2 0
     1/2
;
  B 2 5  5 3  2 -1 3 -2
   1
    B 2 5  5 3  3 -1 2 -2
     1
    B 2 5  5 2  2 0 3 -2
     s
    B 2 5  4 2  1 0 3 -2
     -1
    B 2 5  4 2  2 0 2 -2
     -1
    B 2 5  4 2  2 -1 2 -1
     -1
    B 2 5  4 1  2 0 2 -1
     -1+t
    B 2 5  3 1  1 0 2 -1
     1
;
  B 2 5  5 3  2 -1 3 -2
   1
    B 2 5  5 3  2 -2 3 -1
     -1
    B 2 5  4 2  2 -2 2 0
     s^(-1)
    B 2 5  3 1  1 0 2 -1
     1/2*(-1+t)*s^(-1)
    B 2 5  3 1  1 -1 2 0
     -1/2*(1+t)*s^(-1)
;
  B 2 5  5 3  2 -1 3 -2
   1
    B 2 5  5 3  2 -2 3 -1
     1
    B 2 5  5 2  2 -1 3 -1
     s
    B 2 5  4 2  1 -1 3 -1
     -1
    B 2 5  4 2  2 0 2 -2
     -1/2
    B 2 5  4 2  2 -1 2 -1
     -3/2
    B 2 5  4 2  2 -2 2 0
     -s^(-1)
    B 2 5  4 1  2 0 2 -1
     -1/2+1/2*t
    B 2 5  4 1  2 -1 2 0
     -1
    B 2 5  3 1  1 0 2 -1
     1/2
    B 2 5  3 1  1 -1 2 0
     1/2*(-1+t+s)*s^(-1)
    B 2 5  3 1  2 0 1 -1
     -1/2*(-1+t)*s^(-1)
    B 2 5  3 1  2 -1 1 0
     s^(-1)
;
  B 2 5  5 3  2 0 3 -3
   1
    B 2 5  4 3  1 0 3 -3
     -s^(-1)
    B 2 5  4 3  2 0 2 -3
     1/2*(-3+d)*s^(-1)
    B 2 5  3 2  1 0 2 -2
     3/2*s^(-1)
;
  B 2 5  5 3  2 0 3 -3
   1
    B 2 5  5 3  3 0 2 -3
     1
    B 2 5  5 2  2 0 3 -2
     s
    B 2 5  4 2  1 0 3 -2
     -1
    B 2 5  4 2  2 0 2 -2
     -2
    B 2 5  4 1  2 0 2 -1
     -2
    B 2 5  3 1  1 0 2 -1
     1
;
  B 2 5  5 3  2 0 3 -3
   1
    B 2 5  5 3  2 -1 3 -2
     -1
    B 2 5  4 2  2 0 2 -2
     (-1+t)*s^(-1)
    B 2 5  4 2  2 -1 2 -1
     2*s^(-1)
    B 2 5  3 1  1 0 2 -1
     -(1+t)*s^(-1)
;
  B 2 5  5 3  2 0 3 -3
   1
    B 2 5  5 3  2 -1 3 -2
     1
    B 2 5  5 2  2 0 3 -2
     s
    B 2 5  4 2  1 0 3 -2
     -1
    B 2 5  4 2  2 0 2 -2
     -(-1+t+2*s)*s^(-1)
    B 2 5  4 2  2 -1 2 -1
     -2*s^(-1)
    B 2 5  4 1  2 0 2 -1
     -2
    B 2 5  3 1  1 0 2 -1
     (-1+t+s)*s^(-1)
    B 2 5  3 1  2 0 1 -1
     2*s^(-1)
;
  B 2 5  5 3  1 -3 4 0
   1
    B 2 5  4 3  1 -3 3 0
     1/3*(-2+d)*s^(-1)
;
  B 2 5  5 3  1 -3 4 0
   1
    B 2 5  5 2  1 -2 4 0
     1/2*s
    B 2 5  4 2  1 -2 3 0
     -5/6
;
  B 2 5  5 3  1 -3 4 0
   1
    B 2 5  5 3  2 -3 3 0
     1/3
    B 2 5  5 2  2 -2 3 0
     1/3*s
    B 2 5  4 2  1 -2 3 0
     -5/3
    B 2 5  4 2  2 -2 2 0
     -1/3
    B 2 5  3 1  1 -1 2 0
     2/3
;
  B 2 5  5 3  1 -3 4 0
   1
    B 2 5  5 3  2 -3 3 0
     1/3
    B 2 5  5 2  1 -2 4 0
     s
    B 2 5  4 2  1 -2 3 0
     -1
;
  B 2 5  5 3  1 -2 4 -1
   1
    B 2 5  4 3  1 -2 3 -1
     1/3*(-2+d)*s^(-1)
;
  B 2 5  5 3  1 -2 4 -1
   1
    B 2 5  5 2  1 -1 4 -1
     1/2*s
    B 2 5  4 2  1 -1 3 -1
     -2/3
    B 2 5  4 2  1 -2 3 0
     -1/6
    B 2 5  4 1  1 -1 3 0
     -1/6+1/6*t
    B 2 5  3 1  1 -1 2 0
     -1/6*(-1+t)*s^(-1)
;
  B 2 5  5 3  1 -2 4 -1
   1
    B 2 5  5 3  2 -2 3 -1
     1/3
    B 2 5  5 2  2 -1 3 -1
     1/3*s
    B 2 5  4 2  1 -1 3 -1
     -4/3
    B 2 5  4 2  1 -2 3 0
     -1/3
    B 2 5  4 2  2 -1 2 -1
     -1/3
    B 2 5  4 1  1 -1 3 0
     -1/3+1/3*t
    B 2 5  3 1  1 0 2 -1
     1/3
    B 2 5  3 1  1 -1 2 0
     1/3
;
  B 2 5  5 3  1 -2 4 -1
   1
    B 2 5  5 3  2 -2 3 -1
     1/3
    B 2 5  5 2  1 -2 4 0
     s
    B 2 5  4 2  1 -1 3 -1
     -2/3
    B 2 5  4 2  1 -2 3 0
     -1/3
    B 2 5  4 1  1 -1 3 0
     -2/3+2/3*t
;
  B 2 5  5 3  1 -2 4 -1
   1
    B 2 5  5 3  2 -2 3 -1
     1/3
    B 2 5  5 2  1 -1 4 -1
     s
    B 2 5  4 2  1 -1 3 -1
     -2/3
    B 2 5  4 2  1 -2 3 0
     -1/3
    B 2 5  4 1  1 -1 3 0
     -1/3+1/3*t
;
  B 2 5  5 3  1 -2 4 -1
   1
    B 2 5  5 3  1 -3 4 0
     -1
    B 2 5  4 2  1 -2 3 0
     -2/3*(-1+t)*s^(-1)
;
  B 2 5  5 3  1 -2 4 -1
   1
    B 2 5  5 3  1 -3 4 0
     1
    B 2 5  5 2  1 -2 4 0
     s
    B 2 5  4 2  1 -1 3 -1
     -2/3
    B 2 5  4 2  1 -2 3 0
     1/3*(-2+2*t-3*s)*s^(-1)
    B 2 5  4 1  1 -1 3 0
     -2/3+2/3*t
    B 2 5  3 1  1 -1 2 0
     -2/3*(-1+t)*s^(-1)
;
  B 2 5  5 3  1 -1 4 -2
   1
    B 2 5  4 3  1 -1 3 -2
     1/3*(-2+d)*s^(-1)
;
  B 2 5  5 3  1 -1 4 -2
   1
    B 2 5  5 2  1 0 4 -2
     1/2*s
    B 2 5  4 2  1 0 3 -2
     -1/2
    B 2 5  4 2  1 -1 3 -1
     -1/3
    B 2 5  4 1  1 0 3 -1
     -1/3+1/3*t
    B 2 5  3 1  1 0 2 -1
     -1/3*(-1+t)*s^(-1)
;
  B 2 5  5 3  1 -1 4 -2
   1
    B 2 5  5 3  2 -1 3 -2
     1/3
    B 2 5  5 2  2 0 3 -2
     1/3*s
    B 2 5  4 2  1 0 3 -2
     -1
    B 2 5  4 2  1 -1 3 -1
     -2/3
    B 2 5  4 2  2 0 2 -2
     -1/3
    B 2 5  4 1  1 0 3 -1
     -2/3+2/3*t
    B 2 5  3 1  1 0 2 -1
     2/3
;
  B 2 5  5 3  1 -1 4 -2
   1
    B 2 5  5 3  2 -1 3 -2
     1/3
    B 2 5  5 2  1 -1 4 -1
     s
    B 2 5  4 2  1 0 3 -2
     -1/3
    B 2 5  4 2  1 -1 3 -1
     -2/3
    B 2 5  4 1  1 0 3 -1
     -1/3+1/3*t
    B 2 5  4 1  1 -1 3 0
     -2/3
;
  B 2 5  5 3  1 -1 4 -2
   1
    B 2 5  5 3  2 -1 3 -2
     1/3
    B 2 5  5 2  1 0 4 -2
     s
    B 2 5  4 2  1 0 3 -2
     -1/3
    B 2 5  4 2  1 -1 3 -1
     -2/3
    B 2 5  4 1  1 0 3 -1
     -2/3+2/3*t
;
  B 2 5  5 3  1 -1 4 -2
   1
    B 2 5  5 3  1 -2 4 -1
     -1
    B 2 5  4 2  1 -2 3 0
     2/3*s^(-1)
;
  B 2 5  5 3  1 -1 4 -2
   1
    B 2 5  5 3  1 -2 4 -1
     1
    B 2 5  5 2  1 -1 4 -1
     s
    B 2 5  4 2  1 0 3 -2
     -1/3
    B 2 5  4 2  1 -1 3 -1
     -4/3
    B 2 5  4 2  1 -2 3 0
     -2/3*s^(-1)
    B 2 5  4 1  1 0 3 -1
     -1/3+1/3*t
    B 2 5  4 1  1 -1 3 0
     -2/3
    B 2 5  3 1  1 0 2 -1
     -1/3*(-1+t)*s^(-1)
    B 2 5  3 1  1 -1 2 0
     2/3*s^(-1)
;
  B 2 5  5 3  1 0 4 -3
   1
    B 2 5  4 3  1 0 3 -3
     1/3*(-2+d)*s^(-1)
;
  B 2 5  5 3  1 0 4 -3
   1
    B 2 5  5 3  2 0 3 -3
     1/3
    B 2 5  5 2  1 0 4 -2
     s
    B 2 5  4 2  1 0 3 -2
     -1
    B 2 5  4 1  1 0 3 -1
     -4/3
;
  B 2 5  5 3  1 0 4 -3
   1
    B 2 5  5 3  1 -1 4 -2
     -1
    B 2 5  4 2  1 0 3 -2
     2/3*(-1+t)*s^(-1)
    B 2 5  4 2  1 -1 3 -1
     4/3*s^(-1)
;
  B 2 5  5 3  1 0 4 -3
   1
    B 2 5  5 3  1 -1 4 -2
     1
    B 2 5  5 2  1 0 4 -2
     s
    B 2 5  4 2  1 0 3 -2
     -1/3*(-2+2*t+5*s)*s^(-1)
    B 2 5  4 2  1 -1 3 -1
     -4/3*s^(-1)
    B 2 5  4 1  1 0 3 -1
     -4/3
    B 2 5  3 1  1 0 2 -1
     4/3*s^(-1)
;
  B 2 5  5 4  3 -4 2 0
   1
    B 2 5  5 3  3 -3 2 0
     1/2*s
    B 2 5  4 3  2 -3 2 0
     -1/2
    B 2 5  4 3  3 -3 1 0
     -2
    B 2 5  3 2  2 -2 1 0
     3/2
;
  B 2 5  5 4  3 -4 2 0
   1
    B 2 5  5 4  4 -4 1 0
     3
    B 2 5  5 3  4 -3 1 0
     3*s
    B 2 5  4 3  3 -3 1 0
     -4
;
  B 2 5  5 4  3 -4 2 0
   1
    B 2 5  5 4  4 -4 1 0
     3
    B 2 5  5 3  3 -3 2 0
     s
    B 2 5  4 3  2 -3 2 0
     -1
    B 2 5  4 3  3 -3 1 0
     -6
    B 2 5  3 2  2 -2 1 0
     3
;
  B 2 5  5 4  3 -3 2 -1
   1
    B 2 5  5 3  3 -2 2 -1
     1/2*s
    B 2 5  4 3  2 -2 2 -1
     -1/2
    B 2 5  4 3  3 -2 1 -1
     -3/2
    B 2 5  4 3  3 -3 1 0
     -1/2
    B 2 5  4 2  3 -2 1 0
     -1/2+1/2*t
    B 2 5  3 2  2 -1 1 -1
     1
    B 2 5  3 2  2 -2 1 0
     1/2*(-1+t+s)*s^(-1)
;
  B 2 5  5 4  3 -3 2 -1
   1
    B 2 5  5 4  4 -3 1 -1
     3
    B 2 5  5 3  4 -2 1 -1
     3*s
    B 2 5  4 3  3 -2 1 -1
     -3
    B 2 5  4 3  3 -3 1 0
     -1
    B 2 5  4 2  3 -2 1 0
     -1+t
;
  B 2 5  5 4  3 -3 2 -1
   1
    B 2 5  5 4  4 -3 1 -1
     3
    B 2 5  5 3  3 -3 2 0
     s
    B 2 5  4 3  2 -3 2 0
     -1
    B 2 5  4 3  3 -2 1 -1
     -3
    B 2 5  4 3  3 -3 1 0
     -3
    B 2 5  4 2  3 -2 1 0
     -3+3*t
    B 2 5  3 2  2 -2 1 0
     3
;
  B 2 5  5 4  3 -3 2 -1
   1
    B 2 5  5 4  4 -3 1 -1
     3
    B 2 5  5 3  3 -2 2 -1
     s
    B 2 5  4 3  2 -2 2 -1
     -1
    B 2 5  4 3  3 -2 1 -1
     -5
    B 2 5  4 3  3 -3 1 0
     -1
    B 2 5  4 2  3 -2 1 0
     -1+t
    B 2 5  3 2  2 -1 1 -1
     2
    B 2 5  3 2  2 -2 1 0
     1
;
  B 2 5  5 4  3 -3 2 -1
   1
    B 2 5  5 4  3 -4 2 0
     -1
    B 2 5  4 3  3 -3 1 0
     -3*(-1+t)*s^(-1)
    B 2 5  3 2  2 -2 1 0
     3*(-1+t)*s^(-1)
;
  B 2 5  5 4  3 -3 2 -1
   1
    B 2 5  5 4  3 -4 2 0
     1
    B 2 5  5 3  3 -3 2 0
     s
    B 2 5  4 3  2 -3 2 0
     -1
    B 2 5  4 3  3 -2 1 -1
     -3
    B 2 5  4 3  3 -3 1 0
     (-3+3*t-s)*s^(-1)
    B 2 5  4 2  3 -2 1 0
     -3+3*t
    B 2 5  3 2  2 -2 1 0
     3
;
  B 2 5  5 4  3 -2 2 -2
   1
    B 2 5  5 3  3 -1 2 -2
     1/2*s
    B 2 5  4 3  2 -1 2 -2
     -1/2
    B 2 5  4 3  3 -1 1 -2
     -1
    B 2 5  4 3  3 -2 1 -1
     -1
    B 2 5  4 2  3 -1 1 -1
     -1+t
    B 2 5  3 2  2 0 1 -2
     1/2
    B 2 5  3 2  2 -1 1 -1
     (-1+t+s)*s^(-1)
;
  B 2 5  5 4  3 -2 2 -2
   1
    B 2 5  5 4  4 -2 1 -2
     3
    B 2 5  5 3  4 -1 1 -2
     3*s
    B 2 5  4 3  3 -1 1 -2
     -2
    B 2 5  4 3  3 -2 1 -1
     -2
    B 2 5  4 2  3 -1 1 -1
     -2+2*t
;
  B 2 5  5 4  3 -2 2 -2
   1
    B 2 5  5 4  4 -2 1 -2
     3
    B 2 5  5 3  3 -2 2 -1
     s
    B 2 5  4 3  2 -2 2 -1
     -1
    B 2 5  4 3  3 -1 1 -2
     -2
    B 2 5  4 3  3 -2 1 -1
     -4
    B 2 5  4 2  3 -1 1 -1
     -2+2*t
    B 2 5  4 2  3 -2 1 0
     -2
    B 2 5  3 2  2 -1 1 -1
     2
    B 2 5  3 2  2 -2 1 0
     1
;
  B 2 5  5 4  3 -2 2 -2
   1
    B 2 5  5 4  4 -2 1 -2
     3
    B 2 5  5 3  3 -1 2 -2
     s
    B 2 5  4 3  2 -1 2 -2
     -1
    B 2 5  4 3  3 -1 1 -2
     -4
    B 2 5  4 3  3 -2 1 -1
     -2
    B 2 5  4 2  3 -1 1 -1
     -2+2*t
    B 2 5  3 2  2 0 1 -2
     1
    B 2 5  3 2  2 -1 1 -1
     2
;
  B 2 5  5 4  3 -2 2 -2
   1
    B 2 5  5 4  3 -3 2 -1
     -1
    B 2 5  4 3  3 -2 1 -1
     -(-1+t)*s^(-1)
    B 2 5  4 3  3 -3 1 0
     2*s^(-1)
    B 2 5  3 2  2 -1 1 -1
     2*(-1+t)*s^(-1)
    B 2 5  3 2  2 -2 1 0
     -(1+t)*s^(-1)
;
  B 2 5  5 4  3 -2 2 -2
   1
    B 2 5  5 4  3 -3 2 -1
     1
    B 2 5  5 3  3 -2 2 -1
     s
    B 2 5  4 3  2 -2 2 -1
     -1
    B 2 5  4 3  3 -1 1 -2
     -2
    B 2 5  4 3  3 -2 1 -1
     (-1+t-2*s)*s^(-1)
    B 2 5  4 3  3 -3 1 0
     -2*s^(-1)
    B 2 5  4 2  3 -1 1 -1
     -2+2*t
    B 2 5  4 2  3 -2 1 0
     -2
    B 2 5  3 2  2 -1 1 -1
     2
    B 2 5  3 2  2 -2 1 0
     (-1+t+s)*s^(-1)
;
  B 2 5  5 4  3 -1 2 -3
   1
    B 2 5  5 3  3 0 2 -3
     1/2*s
    B 2 5  4 3  2 0 2 -3
     -1/2
    B 2 5  4 3  3 0 1 -3
     -1/2
    B 2 5  4 3  3 -1 1 -2
     -3/2
    B 2 5  4 2  3 0 1 -2
     -3/2+3/2*t
    B 2 5  3 2  2 0 1 -2
     3/2*(-1+t+s)*s^(-1)
;
  B 2 5  5 4  3 -1 2 -3
   1
    B 2 5  5 4  4 -1 1 -3
     3
    B 2 5  5 3  4 0 1 -3
     3*s
    B 2 5  4 3  3 0 1 -3
     -1
    B 2 5  4 3  3 -1 1 -2
     -3
    B 2 5  4 2  3 0 1 -2
     -3+3*t
;
  B 2 5  5 4  3 -1 2 -3
   1
    B 2 5  5 4  4 -1 1 -3
     3
    B 2 5  5 3  3 -1 2 -2
     s
    B 2 5  4 3  2 -1 2 -2
     -1
    B 2 5  4 3  3 0 1 -3
     -1
    B 2 5  4 3  3 -1 1 -2
     -5
    B 2 5  4 2  3 0 1 -2
     -1+t
    B 2 5  4 2  3 -1 1 -1
     -4
    B 2 5  3 2  2 0 1 -2
     1
    B 2 5  3 2  2 -1 1 -1
     2
;
  B 2 5  5 4  3 -1 2 -3
   1
    B 2 5  5 4  4 -1 1 -3
     3
    B 2 5  5 3  3 0 2 -3
     s
    B 2 5  4 3  2 0 2 -3
     -1
    B 2 5  4 3  3 0 1 -3
     -3
    B 2 5  4 3  3 -1 1 -2
     -3
    B 2 5  4 2  3 0 1 -2
     -3+3*t
    B 2 5  3 2  2 0 1 -2
     3
;
  B 2 5  5 4  3 -1 2 -3
   1
    B 2 5  5 4  3 -2 2 -2
     -1
    B 2 5  4 3  3 -1 1 -2
     (-1+t)*s^(-1)
    B 2 5  4 3  3 -2 1 -1
     4*s^(-1)
    B 2 5  3 2  2 0 1 -2
     (-1+t)*s^(-1)
    B 2 5  3 2  2 -1 1 -1
     -2*(1+t)*s^(-1)
;
  B 2 5  5 4  3 -1 2 -3
   1
    B 2 5  5 4  3 -2 2 -2
     1
    B 2 5  5 3  3 -1 2 -2
     s
    B 2 5  4 3  2 -1 2 -2
     -1
    B 2 5  4 3  3 0 1 -3
     -1
    B 2 5  4 3  3 -1 1 -2
     -(-1+t+3*s)*s^(-1)
    B 2 5  4 3  3 -2 1 -1
     -4*s^(-1)
    B 2 5  4 2  3 0 1 -2
     -1+t
    B 2 5  4 2  3 -1 1 -1
     -4
    B 2 5  3 2  2 0 1 -2
     1
    B 2 5  3 2  2 -1 1 -1
     2*(-1+t+s)*s^(-1)
;
  B 2 5  5 4  3 0 2 -4
   1
    B 2 5  5 4  4 0 1 -4
     3
    B 2 5  5 3  3 0 2 -3
     s
    B 2 5  4 3  2 0 2 -3
     -1
    B 2 5  4 3  3 0 1 -3
     -6
    B 2 5  4 2  3 0 1 -2
     -6
    B 2 5  3 2  2 0 1 -2
     3
;
  B 2 5  5 4  3 0 2 -4
   1
    B 2 5  5 4  3 -1 2 -3
     -1
    B 2 5  4 3  3 0 1 -3
     3*(-1+t)*s^(-1)
    B 2 5  4 3  3 -1 1 -2
     6*s^(-1)
    B 2 5  3 2  2 0 1 -2
     -3*(1+t)*s^(-1)
;
  B 2 5  5 4  3 0 2 -4
   1
    B 2 5  5 4  3 -1 2 -3
     1
    B 2 5  5 3  3 0 2 -3
     s
    B 2 5  4 3  2 0 2 -3
     -1
    B 2 5  4 3  3 0 1 -3
     -(-3+3*t+4*s)*s^(-1)
    B 2 5  4 3  3 -1 1 -2
     -6*s^(-1)
    B 2 5  4 2  3 0 1 -2
     -6
    B 2 5  3 2  2 0 1 -2
     3*(-1+t+s)*s^(-1)
;
  B 2 5  5 4  2 -4 3 0
   1
    B 2 5  5 3  2 -3 3 0
     1/2*s
    B 2 5  4 3  1 -3 3 0
     -1/2
    B 2 5  4 3  2 -3 2 0
     -5/4
    B 2 5  3 2  1 -2 2 0
     3/4
;
  B 2 5  5 4  2 -4 3 0
   1
    B 2 5  5 4  3 -4 2 0
     1
    B 2 5  5 3  3 -3 2 0
     s
    B 2 5  4 3  2 -3 2 0
     -5/2
    B 2 5  4 3  3 -3 1 0
     -1
    B 2 5  3 2  2 -2 1 0
     3/2
;
  B 2 5  5 4  2 -4 3 0
   1
    B 2 5  5 4  3 -4 2 0
     1
    B 2 5  5 3  2 -3 3 0
     s
    B 2 5  4 3  1 -3 3 0
     -1
    B 2 5  4 3  2 -3 2 0
     -5/2
    B 2 5  3 2  1 -2 2 0
     3/2
;
  B 2 5  5 4  2 -3 3 -1
   1
    B 2 5  5 3  2 -2 3 -1
     1/2*s
    B 2 5  4 3  1 -2 3 -1
     -1/2
    B 2 5  4 3  2 -2 2 -1
     -1
    B 2 5  4 3  2 -3 2 0
     -1/4
    B 2 5  4 2  2 -2 2 0
     -1/4+1/4*t
    B 2 5  3 2  1 -1 2 -1
     1/2
    B 2 5  3 2  1 -2 2 0
     1/4*(-1+t+s)*s^(-1)
    B 2 5  3 2  2 -2 1 0
     -1/4*(-1+t)*s^(-1)
;
  B 2 5  5 4  2 -3 3 -1
   1
    B 2 5  5 4  3 -3 2 -1
     1
    B 2 5  5 3  3 -2 2 -1
     s
    B 2 5  4 3  2 -2 2 -1
     -2
    B 2 5  4 3  2 -3 2 0
     -1/2
    B 2 5  4 3  3 -2 1 -1
     -1
    B 2 5  4 2  2 -2 2 0
     -1/2+1/2*t
    B 2 5  3 2  2 -1 1 -1
     1
    B 2 5  3 2  2 -2 1 0
     1/2
;
  B 2 5  5 4  2 -3 3 -1
   1
    B 2 5  5 4  3 -3 2 -1
     1
    B 2 5  5 3  2 -3 3 0
     s
    B 2 5  4 3  1 -3 3 0
     -1
    B 2 5  4 3  2 -2 2 -1
     -3/2
    B 2 5  4 3  2 -3 2 0
     -1
    B 2 5  4 2  2 -2 2 0
     -3/2+3/2*t
    B 2 5  3 2  1 -2 2 0
     3/2
;
  B 2 5  5 4  2 -3 3 -1
   1
    B 2 5  5 4  3 -3 2 -1
     1
    B 2 5  5 3  2 -2 3 -1
     s
    B 2 5  4 3  1 -2 3 -1
     -1
    B 2 5  4 3  2 -2 2 -1
     -2
    B 2 5  4 3  2 -3 2 0
     -1/2
    B 2 5  4 2  2 -2 2 0
     -1/2+1/2*t
    B 2 5  3 2  1 -1 2 -1
     1
    B 2 5  3 2  1 -2 2 0
     1/2
;
  B 2 5  5 4  2 -3 3 -1
   1
    B 2 5  5 4  2 -4 3 0
     -1
    B 2 5  4 3  2 -3 2 0
     -3/2*(-1+t)*s^(-1)
    B 2 5  3 2  1 -2 2 0
     3/2*(-1+t)*s^(-1)
;
  B 2 5  5 4  2 -3 3 -1
   1
    B 2 5  5 4  2 -4 3 0
     1
    B 2 5  5 3  2 -3 3 0
     s
    B 2 5  4 3  1 -3 3 0
     -1
    B 2 5  4 3  2 -2 2 -1
     -3/2
    B 2 5  4 3  2 -3 2 0
     1/2*(-3+3*t-2*s)*s^(-1)
    B 2 5  4 2  2 -2 2 0
     -3/2+3/2*t
    B 2 5  3 2  1 -2 2 0
     3/2
    B 2 5  3 2  2 -2 1 0
     -3/2*(-1+t)*s^(-1)
;
  B 2 5  5 4  2 -2 3 -2
   1
    B 2 5  5 3  2 -1 3 -2
     1/2*s
    B 2 5  4 3  1 -1 3 -2
     -1/2
    B 2 5  4 3  2 -1 2 -2
     -3/4
    B 2 5  4 3  2 -2 2 -1
     -1/2
    B 2 5  4 2  2 -1 2 -1
     -1/2+1/2*t
    B 2 5  3 2  1 0 2 -2
     1/4
    B 2 5  3 2  1 -1 2 -1
     1/2*(-1+t+s)*s^(-1)
    B 2 5  3 2  2 -1 1 -1
     -1/2*(-1+t)*s^(-1)
;
  B 2 5  5 4  2 -2 3 -2
   1
    B 2 5  5 4  3 -2 2 -2
     1
    B 2 5  5 3  3 -1 2 -2
     s
    B 2 5  4 3  2 -1 2 -2
     -3/2
    B 2 5  4 3  2 -2 2 -1
     -1
    B 2 5  4 3  3 -1 1 -2
     -1
    B 2 5  4 2  2 -1 2 -1
     -1+t
    B 2 5  3 2  2 0 1 -2
     1/2
    B 2 5  3 2  2 -1 1 -1
     1
;
  B 2 5  5 4  2 -2 3 -2
   1
    B 2 5  5 4  3 -2 2 -2
     1
    B 2 5  5 3  2 -2 3 -1
     s
    B 2 5  4 3  1 -2 3 -1
     -1
    B 2 5  4 3  2 -1 2 -2
     -1
    B 2 5  4 3  2 -2 2 -1
     -3/2
    B 2 5  4 2  2 -1 2 -1
     -1+t
    B 2 5  4 2  2 -2 2 0
     -1
    B 2 5  3 2  1 -1 2 -1
     1
    B 2 5  3 2  1 -2 2 0
     1/2
;
  B 2 5  5 4  2 -2 3 -2
   1
    B 2 5  5 4  3 -2 2 -2
     1
    B 2 5  5 3  2 -1 3 -2
     s
    B 2 5  4 3  1 -1 3 -2
     -1
    B 2 5  4 3  2 -1 2 -2
     -3/2
    B 2 5  4 3  2 -2 2 -1
     -1
    B 2 5  4 2  2 -1 2 -1
     -1+t
    B 2 5  3 2  1 0 2 -2
     1/2
    B 2 5  3 2  1 -1 2 -1
     1
;
  B 2 5  5 4  2 -2 3 -2
   1
    B 2 5  5 4  2 -3 3 -1
     -1
    B 2 5  4 3  2 -2 2 -1
     -1/2*(-1+t)*s^(-1)
    B 2 5  4 3  2 -3 2 0
     s^(-1)
    B 2 5  3 2  1 -1 2 -1
     (-1+t)*s^(-1)
    B 2 5  3 2  1 -2 2 0
     -1/2*(1+t)*s^(-1)
;
  B 2 5  5 4  2 -2 3 -2
   1
    B 2 5  5 4  2 -3 3 -1
     1
    B 2 5  5 3  2 -2 3 -1
     s
    B 2 5  4 3  1 -2 3 -1
     -1
    B 2 5  4 3  2 -1 2 -2
     -1
    B 2 5  4 3  2 -2 2 -1
     1/2*(-1+t-3*s)*s^(-1)
    B 2 5  4 3  2 -3 2 0
     -s^(-1)
    B 2 5  4 2  2 -1 2 -1
     -1+t
    B 2 5  4 2  2 -2 2 0
     -1
    B 2 5  3 2  1 -1 2 -1
     1
    B 2 5  3 2  1 -2 2 0
     1/2*(-1+t+s)*s^(-1)
    B 2 5  3 2  2 -1 1 -1
     -(-1+t)*s^(-1)
    B 2 5  3 2  2 -2 1 0
     s^(-1)
;
  B 2 5  5 4  2 -1 3 -3
   1
    B 2 5  5 3  2 0 3 -3
     1/2*s
    B 2 5  4 3  1 0 3 -3
     -1/2
    B 2 5  4 3  2 0 2 -3
     -1/2
    B 2 5  4 3  2 -1 2 -2
     -3/4
    B 2 5  4 2  2 0 2 -2
     -3/4+3/4*t
    B 2 5  3 2  1 0 2 -2
     3/4*(-1+t+s)*s^(-1)
    B 2 5  3 2  2 0 1 -2
     -3/4*(-1+t)*s^(-1)
;
  B 2 5  5 4  2 -1 3 -3
   1
    B 2 5  5 4  3 -1 2 -3
     1
    B 2 5  5 3  3 0 2 -3
     s
    B 2 5  4 3  2 0 2 -3
     -1
    B 2 5  4 3  2 -1 2 -2
     -3/2
    B 2 5  4 3  3 0 1 -3
     -1
    B 2 5  4 2  2 0 2 -2
     -3/2+3/2*t
    B 2 5  3 2  2 0 1 -2
     3/2
;
  B 2 5  5 4  2 -1 3 -3
   1
    B 2 5  5 4  3 -1 2 -3
     1
    B 2 5  5 3  2 -1 3 -2
     s
    B 2 5  4 3  1 -1 3 -2
     -1
    B 2 5  4 3  2 0 2 -3
     -1/2
    B 2 5  4 3  2 -1 2 -2
     -2
    B 2 5  4 2  2 0 2 -2
     -1/2+1/2*t
    B 2 5  4 2  2 -1 2 -1
     -2
    B 2 5  3 2  1 0 2 -2
     1/2
    B 2 5  3 2  1 -1 2 -1
     1
;
  B 2 5  5 4  2 -1 3 -3
   1
    B 2 5  5 4  3 -1 2 -3
     1
    B 2 5  5 3  2 0 3 -3
     s
    B 2 5  4 3  1 0 3 -3
     -1
    B 2 5  4 3  2 0 2 -3
     -1
    B 2 5  4 3  2 -1 2 -2
     -3/2
    B 2 5  4 2  2 0 2 -2
     -3/2+3/2*t
    B 2 5  3 2  1 0 2 -2
     3/2
;
  B 2 5  5 4  2 -1 3 -3
   1
    B 2 5  5 4  2 -2 3 -2
     -1
    B 2 5  4 3  2 -1 2 -2
     1/2*(-1+t)*s^(-1)
    B 2 5  4 3  2 -2 2 -1
     2*s^(-1)
    B 2 5  3 2  1 0 2 -2
     1/2*(-1+t)*s^(-1)
    B 2 5  3 2  1 -1 2 -1
     -(1+t)*s^(-1)
;
  B 2 5  5 4  2 -1 3 -3
   1
    B 2 5  5 4  2 -2 3 -2
     1
    B 2 5  5 3  2 -1 3 -2
     s
    B 2 5  4 3  1 -1 3 -2
     -1
    B 2 5  4 3  2 0 2 -3
     -1/2
    B 2 5  4 3  2 -1 2 -2
     -1/2*(-1+t+4*s)*s^(-1)
    B 2 5  4 3  2 -2 2 -1
     -2*s^(-1)
    B 2 5  4 2  2 0 2 -2
     -1/2+1/2*t
    B 2 5  4 2  2 -1 2 -1
     -2
    B 2 5  3 2  1 0 2 -2
     1/2
    B 2 5  3 2  1 -1 2 -1
     (-1+t+s)*s^(-1)
    B 2 5  3 2  2 0 1 -2
     -1/2*(-1+t)*s^(-1)
    B 2 5  3 2  2 -1 1 -1
     2*s^(-1)
;
  B 2 5  5 4  2 0 3 -4
   1
    B 2 5  5 4  3 0 2 -4
     1
    B 2 5  5 3  2 0 3 -3
     s
    B 2 5  4 3  1 0 3 -3
     -1
    B 2 5  4 3  2 0 2 -3
     -5/2
    B 2 5  4 2  2 0 2 -2
     -3
    B 2 5  3 2  1 0 2 -2
     3/2
;
  B 2 5  5 4  2 0 3 -4
   1
    B 2 5  5 4  2 -1 3 -3
     -1
    B 2 5  4 3  2 0 2 -3
     3/2*(-1+t)*s^(-1)
    B 2 5  4 3  2 -1 2 -2
     3*s^(-1)
    B 2 5  3 2  1 0 2 -2
     -3/2*(1+t)*s^(-1)
;
  B 2 5  5 4  2 0 3 -4
   1
    B 2 5  5 4  2 -1 3 -3
     1
    B 2 5  5 3  2 0 3 -3
     s
    B 2 5  4 3  1 0 3 -3
     -1
    B 2 5  4 3  2 0 2 -3
     -1/2*(-3+3*t+5*s)*s^(-1)
    B 2 5  4 3  2 -1 2 -2
     -3*s^(-1)
    B 2 5  4 2  2 0 2 -2
     -3
    B 2 5  3 2  1 0 2 -2
     3/2*(-1+t+s)*s^(-1)
    B 2 5  3 2  2 0 1 -2
     3*s^(-1)
;
  B 2 5  5 4  1 -4 4 0
   1
    B 2 5  5 3  1 -3 4 0
     1/2*s
    B 2 5  4 3  1 -3 3 0
     -1
;
  B 2 5  5 4  1 -4 4 0
   1
    B 2 5  5 4  2 -4 3 0
     1/3
    B 2 5  5 3  2 -3 3 0
     1/3*s
    B 2 5  4 3  1 -3 3 0
     -2
    B 2 5  4 3  2 -3 2 0
     -1/3
    B 2 5  3 2  1 -2 2 0
     1
;
  B 2 5  5 4  1 -4 4 0
   1
    B 2 5  5 4  2 -4 3 0
     1/3
    B 2 5  5 3  1 -3 4 0
     s
    B 2 5  4 3  1 -3 3 0
     -4/3
;
  B 2 5  5 4  1 -3 4 -1
   1
    B 2 5  5 3  1 -2 4 -1
     1/2*s
    B 2 5  4 3  1 -2 3 -1
     -5/6
    B 2 5  4 3  1 -3 3 0
     -1/6
    B 2 5  4 2  1 -2 3 0
     -1/6+1/6*t
    B 2 5  3 2  1 -2 2 0
     -1/6*(-1+t)*s^(-1)
;
  B 2 5  5 4  1 -3 4 -1
   1
    B 2 5  5 4  2 -3 3 -1
     1/3
    B 2 5  5 3  2 -2 3 -1
     1/3*s
    B 2 5  4 3  1 -2 3 -1
     -5/3
    B 2 5  4 3  1 -3 3 0
     -1/3
    B 2 5  4 3  2 -2 2 -1
     -1/3
    B 2 5  4 2  1 -2 3 0
     -1/3+1/3*t
    B 2 5  3 2  1 -1 2 -1
     2/3
    B 2 5  3 2  1 -2 2 0
     1/3
;
  B 2 5  5 4  1 -3 4 -1
   1
    B 2 5  5 4  2 -3 3 -1
     1/3
    B 2 5  5 3  1 -3 4 0
     s
    B 2 5  4 3  1 -2 3 -1
     -1
    B 2 5  4 3  1 -3 3 0
     -1/3
    B 2 5  4 2  1 -2 3 0
     -1+t
;
  B 2 5  5 4  1 -3 4 -1
   1
    B 2 5  5 4  2 -3 3 -1
     1/3
    B 2 5  5 3  1 -2 4 -1
     s
    B 2 5  4 3  1 -2 3 -1
     -1
    B 2 5  4 3  1 -3 3 0
     -1/3
    B 2 5  4 2  1 -2 3 0
     -1/3+1/3*t
;
  B 2 5  5 4  1 -3 4 -1
   1
    B 2 5  5 4  1 -4 4 0
     -1
    B 2 5  4 3  1 -3 3 0
     -(-1+t)*s^(-1)
;
  B 2 5  5 4  1 -3 4 -1
   1
    B 2 5  5 4  1 -4 4 0
     1
    B 2 5  5 3  1 -3 4 0
     s
    B 2 5  4 3  1 -2 3 -1
     -1
    B 2 5  4 3  1 -3 3 0
     (-1+t-s)*s^(-1)
    B 2 5  4 2  1 -2 3 0
     -1+t
    B 2 5  3 2  1 -2 2 0
     -(-1+t)*s^(-1)
;
  B 2 5  5 4  1 -2 4 -2
   1
    B 2 5  5 3  1 -1 4 -2
     1/2*s
    B 2 5  4 3  1 -1 3 -2
     -2/3
    B 2 5  4 3  1 -2 3 -1
     -1/3
    B 2 5  4 2  1 -1 3 -1
     -1/3+1/3*t
    B 2 5  3 2  1 -1 2 -1
     -1/3*(-1+t)*s^(-1)
;
  B 2 5  5 4  1 -2 4 -2
   1
    B 2 5  5 4  2 -2 3 -2
     1/3
    B 2 5  5 3  2 -1 3 -2
     1/3*s
    B 2 5  4 3  1 -1 3 -2
     -4/3
    B 2 5  4 3  1 -2 3 -1
     -2/3
    B 2 5  4 3  2 -1 2 -2
     -1/3
    B 2 5  4 2  1 -1 3 -1
     -2/3+2/3*t
    B 2 5  3 2  1 0 2 -2
     1/3
    B 2 5  3 2  1 -1 2 -1
     2/3
;
  B 2 5  5 4  1 -2 4 -2
   1
    B 2 5  5 4  2 -2 3 -2
     1/3
    B 2 5  5 3  1 -2 4 -1
     s
    B 2 5  4 3  1 -1 3 -2
     -2/3
    B 2 5  4 3  1 -2 3 -1
     -2/3
    B 2 5  4 2  1 -1 3 -1
     -2/3+2/3*t
    B 2 5  4 2  1 -2 3 0
     -2/3
;
  B 2 5  5 4  1 -2 4 -2
   1
    B 2 5  5 4  2 -2 3 -2
     1/3
    B 2 5  5 3  1 -1 4 -2
     s
    B 2 5  4 3  1 -1 3 -2
     -2/3
    B 2 5  4 3  1 -2 3 -1
     -2/3
    B 2 5  4 2  1 -1 3 -1
     -2/3+2/3*t
;
  B 2 5  5 4  1 -2 4 -2
   1
    B 2 5  5 4  1 -3 4 -1
     -1
    B 2 5  4 3  1 -2 3 -1
     -1/3*(-1+t)*s^(-1)
    B 2 5  4 3  1 -3 3 0
     2/3*s^(-1)
;
  B 2 5  5 4  1 -2 4 -2
   1
    B 2 5  5 4  1 -3 4 -1
     1
    B 2 5  5 3  1 -2 4 -1
     s
    B 2 5  4 3  1 -1 3 -2
     -2/3
    B 2 5  4 3  1 -2 3 -1
     1/3*(-1+t-4*s)*s^(-1)
    B 2 5  4 3  1 -3 3 0
     -2/3*s^(-1)
    B 2 5  4 2  1 -1 3 -1
     -2/3+2/3*t
    B 2 5  4 2  1 -2 3 0
     -2/3
    B 2 5  3 2  1 -1 2 -1
     -2/3*(-1+t)*s^(-1)
    B 2 5  3 2  1 -2 2 0
     2/3*s^(-1)
;
  B 2 5  5 4  1 -1 4 -3
   1
    B 2 5  5 3  1 0 4 -3
     1/2*s
    B 2 5  4 3  1 0 3 -3
     -1/2
    B 2 5  4 3  1 -1 3 -2
     -1/2
    B 2 5  4 2  1 0 3 -2
     -1/2+1/2*t
    B 2 5  3 2  1 0 2 -2
     -1/2*(-1+t)*s^(-1)
;
  B 2 5  5 4  1 -1 4 -3
   1
    B 2 5  5 4  2 -1 3 -3
     1/3
    B 2 5  5 3  2 0 3 -3
     1/3*s
    B 2 5  4 3  1 0 3 -3
     -1
    B 2 5  4 3  1 -1 3 -2
     -1
    B 2 5  4 3  2 0 2 -3
     -1/3
    B 2 5  4 2  1 0 3 -2
     -1+t
    B 2 5  3 2  1 0 2 -2
     1
;
  B 2 5  5 4  1 -1 4 -3
   1
    B 2 5  5 4  2 -1 3 -3
     1/3
    B 2 5  5 3  1 -1 4 -2
     s
    B 2 5  4 3  1 0 3 -3
     -1/3
    B 2 5  4 3  1 -1 3 -2
     -1
    B 2 5  4 2  1 0 3 -2
     -1/3+1/3*t
    B 2 5  4 2  1 -1 3 -1
     -4/3
;
  B 2 5  5 4  1 -1 4 -3
   1
    B 2 5  5 4  2 -1 3 -3
     1/3
    B 2 5  5 3  1 0 4 -3
     s
    B 2 5  4 3  1 0 3 -3
     -1/3
    B 2 5  4 3  1 -1 3 -2
     -1
    B 2 5  4 2  1 0 3 -2
     -1+t
;
  B 2 5  5 4  1 -1 4 -3
   1
    B 2 5  5 4  1 -2 4 -2
     -1
    B 2 5  4 3  1 -1 3 -2
     1/3*(-1+t)*s^(-1)
    B 2 5  4 3  1 -2 3 -1
     4/3*s^(-1)
;
  B 2 5  5 4  1 -1 4 -3
   1
    B 2 5  5 4  1 -2 4 -2
     1
    B 2 5  5 3  1 -1 4 -2
     s
    B 2 5  4 3  1 0 3 -3
     -1/3
    B 2 5  4 3  1 -1 3 -2
     -1/3*(-1+t+5*s)*s^(-1)
    B 2 5  4 3  1 -2 3 -1
     -4/3*s^(-1)
    B 2 5  4 2  1 0 3 -2
     -1/3+1/3*t
    B 2 5  4 2  1 -1 3 -1
     -4/3
    B 2 5  3 2  1 0 2 -2
     -1/3*(-1+t)*s^(-1)
    B 2 5  3 2  1 -1 2 -1
     4/3*s^(-1)
;
  B 2 5  5 4  1 0 4 -4
   1
    B 2 5  5 4  2 0 3 -4
     1/3
    B 2 5  5 3  1 0 4 -3
     s
    B 2 5  4 3  1 0 3 -3
     -4/3
    B 2 5  4 2  1 0 3 -2
     -2
;
  B 2 5  5 4  1 0 4 -4
   1
    B 2 5  5 4  1 -1 4 -3
     -1
    B 2 5  4 3  1 0 3 -3
     (-1+t)*s^(-1)
    B 2 5  4 3  1 -1 3 -2
     2*s^(-1)
;
  B 2 5  5 4  1 0 4 -4
   1
    B 2 5  5 4  1 -1 4 -3
     1
    B 2 5  5 3  1 0 4 -3
     s
    B 2 5  4 3  1 0 3 -3
     -(-1+t+2*s)*s^(-1)
    B 2 5  4 3  1 -1 3 -2
     -2*s^(-1)
    B 2 5  4 2  1 0 3 -2
     -2
    B 2 5  3 2  1 0 2 -2
     2*s^(-1)
;
