  A 1 1  1 2  1 0 -2 0
   1
    A 1 1  1 2  1 -1 -1 0
     -1/2
    A 1 1  1 2  1 -2 0 0
     1/10
    A 1 1  1 1  1 0 -1 0
     -18/5*s
    A 1 1  1 1  1 -1 0 0
     9/10*s
    A 1 1  1 0  1 0 0 0
     -1/5*(15*s-13*d*s^2)*d^(-1)
;
  A 1 1  1 2  1 0 -2 0
   1
    A 1 1  1 2  1 -1 -1 0
     -2
    A 1 1  1 2  1 -2 0 0
     1
    A 1 1  1 1  1 0 -1 0
     -2*s
    A 1 1  1 1  1 -1 0 0
     2*s
    A 1 1  1 0  1 0 0 0
     s^2
;
  A 1 1  1 2  1 0 -2 0
   1
    A 1 1  1 2  1 -1 -1 0
     -2
    A 1 1  1 2  1 -2 0 0
     1
    A 1 1  1 1  1 0 -1 0
     -2*s
    A 1 1  1 1  1 -1 0 0
     2*s
    A 1 1  1 0  1 0 0 0
     s^2
;
  A 1 1  1 2  1 0 -2 0
   1
    A 1 1  1 2  1 -1 -1 0
     -2
    A 1 1  1 2  1 -2 0 0
     1
    A 1 1  1 1  1 0 -1 0
     -2*s
    A 1 1  1 1  1 -1 0 0
     2*s
    A 1 1  1 0  1 0 0 0
     s^2
;
  A 1 1  1 2  1 0 -2 0
   1
    A 1 1  1 2  1 -1 -1 0
     -9/8
    A 1 1  1 2  1 -2 0 0
     2/5
    A 1 1  1 1  1 0 -1 0
     -5/2*s
    A 1 1  1 1  1 -1 0 0
     3/2*s
    A 1 1  1 0  1 0 0 0
     -1/4*(7*s-6*d*s^2)*d^(-1)
;
  A 1 1  1 2  1 0 -1 -1
   1
    A 1 1  1 2  1 0 -2 0
     (-1+t)^(-1)*(-1+2*t)
    A 1 1  1 2  1 -1 0 -1
     -1
    A 1 1  1 2  1 -1 -1 0
     -(-1+t)^(-1)*(-3+5*t)
    A 1 1  1 2  1 -2 0 0
     (-2+3*t)*(-1+t)^(-1)
    A 1 1  1 1  1 0 0 -1
     -s
    A 1 1  1 1  1 0 -1 0
     (1+t^2-2*t-4*t*s+2*s)*(-1+t)^(-1)
    A 1 1  1 1  1 -1 0 0
     -(1+t^2-2*t-5*t*s+3*s)*(-1+t)^(-1)
    A 1 1  1 0  1 0 0 0
     -(2+2*t^2-4*t+t^2*d*s-2*t*d*s+d*s^2+d*s-2*t*d*s^2)*d^(-1)*(-1+t)^(-1)
;
  A 1 1  1 2  1 0 -1 -1
   1
    A 1 1  1 2  1 0 -2 0
     1
    A 1 1  1 2  1 -1 0 -1
     -1
    A 1 1  1 2  1 -1 -1 0
     -3
    A 1 1  1 2  1 -2 0 0
     2
    A 1 1  1 1  1 0 0 -1
     -s
    A 1 1  1 1  1 0 -1 0
     -1+t-2*s
    A 1 1  1 1  1 -1 0 0
     1-t+3*s
    A 1 1  1 0  1 0 0 0
     -(-2+2*t+t*d*s-d*s^2-d*s)*d^(-1)
;
  A 1 1  1 2  1 0 -1 -1
   1
    A 1 1  1 2  1 0 -2 0
     1/2
    A 1 1  1 2  1 -1 0 -1
     -1
    A 1 1  1 2  1 -1 -1 0
     -2
    A 1 1  1 2  1 -2 0 0
     3/2
    A 1 1  1 1  1 0 0 -1
     -s
    A 1 1  1 1  1 0 -1 0
     -1+t-s
    A 1 1  1 1  1 -1 0 0
     1-t+2*s
    A 1 1  1 0  1 0 0 0
     -1/2*d^(-1)*(-4+4*t+2*t*d*s-d*s^2-2*d*s)
;
  A 1 1  1 2  1 0 -1 -1
   1
    A 1 1  1 2  1 0 -2 0
     3/2
    A 1 1  1 2  1 -1 0 -1
     -1/4
    A 1 1  1 2  1 -1 -1 0
     -1
    A 1 1  1 2  1 -2 0 0
     1/4
    A 1 1  1 1  1 0 0 -1
     -9/5*s
    A 1 1  1 1  1 0 -1 0
     -19/5-1/5*t-27/5*s
    A 1 1  1 1  1 -1 0 0
     19/20+1/20*t+9/5*s
    A 1 1  1 0  1 0 0 0
     -1/10*(-5+5*t-2*t*d*s+60*s-39*d*s^2-54*d*s)*d^(-1)
;
  A 1 1  1 2  1 0 -1 -1
   1
    A 1 1  1 2  1 0 -2 0
     3/2
    A 1 1  1 2  1 -1 0 -1
     -9/16
    A 1 1  1 2  1 -1 -1 0
     -9/4
    A 1 1  1 2  1 -2 0 0
     1
    A 1 1  1 1  1 0 0 -1
     -5/4*s
    A 1 1  1 1  1 0 -1 0
     -13/4-3/4*t-15/4*s
    A 1 1  1 1  1 -1 0 0
     15/8+3/8*t+3*s
    A 1 1  1 0  1 0 0 0
     -1/8*d^(-1)*(-9+9*t-6*t*d*s+28*s-18*d*s^2-30*d*s)
;
  A 1 1  1 2  1 0 0 -2
   1
    A 1 1  1 2  1 -1 0 -1
     -1/2
    A 1 1  1 2  1 -2 0 0
     1/10
    A 1 1  1 1  1 0 0 -1
     -38/5-2/5*t
    A 1 1  1 1  1 -1 0 0
     19/10+1/10*t
    A 1 1  1 0  1 0 0 0
     -1/5*(15+5*t-56*d-4*t*d)*d^(-1)
;
  A 1 1  1 2  1 0 0 -2
   1
    A 1 1  1 2  1 -1 0 -1
     -2
    A 1 1  1 2  1 -2 0 0
     1
    A 1 1  1 1  1 0 0 -1
     -2+2*t
    A 1 1  1 1  1 -1 0 0
     2-2*t
    A 1 1  1 0  1 0 0 0
     -4*(t+t*d)*d^(-1)
;
  A 1 1  1 2  1 0 0 -2
   1
    A 1 1  1 2  1 -1 0 -1
     -2
    A 1 1  1 2  1 -2 0 0
     1
    A 1 1  1 1  1 0 0 -1
     -2+2*t
    A 1 1  1 1  1 -1 0 0
     2-2*t
    A 1 1  1 0  1 0 0 0
     -4*(t+t*d)*d^(-1)
;
  A 1 1  1 2  1 0 0 -2
   1
    A 1 1  1 2  1 -1 0 -1
     -2
    A 1 1  1 2  1 -2 0 0
     1
    A 1 1  1 1  1 0 0 -1
     -2+2*t
    A 1 1  1 1  1 -1 0 0
     2-2*t
    A 1 1  1 0  1 0 0 0
     -4*(t+t*d)*d^(-1)
;
  A 1 1  1 2  1 0 0 -2
   1
    A 1 1  1 2  1 -1 0 -1
     -4/5
    A 1 1  1 2  1 -2 0 0
     11/50
    A 1 1  1 1  1 0 0 -1
     -34/5-6/5*t
    A 1 1  1 1  1 -1 0 0
     14/5+2/5*t
    A 1 1  1 0  1 0 0 0
     -4/5*(3+2*t-12*d-3*t*d)*d^(-1)
;
  A 1 1  1 2  1 0 0 -2
   1
    A 1 1  1 2  1 -1 0 -1
     -9/8
    A 1 1  1 2  1 -2 0 0
     2/5
    A 1 1  1 1  1 0 0 -1
     -13/2-3/2*t
    A 1 1  1 1  1 -1 0 0
     15/4+3/4*t
    A 1 1  1 0  1 0 0 0
     -1/4*d^(-1)*(7+9*t-36*d-12*t*d)
;
  A 1 1  1 2  1 0 0 -2
   1
    A 1 1  1 2  1 0 -1 -1
     1
    A 1 1  1 2  1 -1 0 -1
     -3
    A 1 1  1 2  1 -1 -1 0
     -1
    A 1 1  1 2  1 -2 0 0
     2
    A 1 1  1 1  1 0 0 -1
     -2+2*t-s
    A 1 1  1 1  1 0 -1 0
     -1+t
    A 1 1  1 1  1 -1 0 0
     3-3*t+s
    A 1 1  1 0  1 0 0 0
     -(-2+6*t+t*d*s-d*s+4*t*d)*d^(-1)
;
  A 1 1  1 2  1 0 0 -2
   1
    A 1 1  1 2  1 0 -1 -1
     2
    A 1 1  1 2  1 -1 0 -1
     -4
    A 1 1  1 2  1 -1 -1 0
     -2
    A 1 1  1 2  1 -2 0 0
     3
    A 1 1  1 1  1 0 0 -1
     -2+2*t-2*s
    A 1 1  1 1  1 0 -1 0
     -2+2*t
    A 1 1  1 1  1 -1 0 0
     4-4*t+2*s
    A 1 1  1 0  1 0 0 0
     -2*(-2+4*t+t*d*s-d*s+2*t*d)*d^(-1)
;
  A 1 1  1 2  1 0 0 -2
   1
    A 1 1  1 2  1 0 -1 -1
     2/3
    A 1 1  1 2  1 -1 0 -1
     -2/3
    A 1 1  1 2  1 -1 -1 0
     -1/6
    A 1 1  1 2  1 -2 0 0
     1/6
    A 1 1  1 1  1 0 0 -1
     -38/5-2/5*t-6/5*s
    A 1 1  1 1  1 0 -1 0
     -38/15-2/15*t
    A 1 1  1 1  1 -1 0 0
     38/15+2/15*t+3/10*s
    A 1 1  1 0  1 0 0 0
     -1/15*(40+20*t-168*d-2*t*d*s+15*s-54*d*s-12*t*d)*d^(-1)
;
  A 1 1  1 2  1 0 0 -2
   1
    A 1 1  1 2  1 0 -1 -1
     2/3
    A 1 1  1 2  1 -1 0 -1
     -3/2
    A 1 1  1 2  1 -1 -1 0
     -3/8
    A 1 1  1 2  1 -2 0 0
     2/3
    A 1 1  1 1  1 0 0 -1
     -13/2-3/2*t-5/6*s
    A 1 1  1 1  1 0 -1 0
     -13/6-1/2*t
    A 1 1  1 1  1 -1 0 0
     5+t+1/2*s
    A 1 1  1 0  1 0 0 0
     -1/12*(12+36*t-108*d-6*t*d*s+7*s-30*d*s-36*t*d)*d^(-1)
;
  A 1 1  1 2  1 0 0 -2
   1
    A 1 1  1 2  1 0 -1 -1
     4*(-1+5*t)^(-1)*t
    A 1 1  1 2  1 -1 0 -1
     -2*(-1+7*t)*(-1+5*t)^(-1)
    A 1 1  1 2  1 -1 -1 0
     -4*(-1+5*t)^(-1)*t
    A 1 1  1 2  1 -2 0 0
     (-1+5*t)^(-1)*(-1+9*t)
    A 1 1  1 1  1 0 0 -1
     2*(-1+5*t)^(-1)*(1+5*t^2-6*t-2*t*s)
    A 1 1  1 1  1 0 -1 0
     4*(-1+5*t)^(-1)*(t^2-t)
    A 1 1  1 1  1 -1 0 0
     -2*(-1+5*t)^(-1)*(1+7*t^2-8*t-2*t*s)
    A 1 1  1 0  1 0 0 0
     -4*(-1+5*t)^(-1)*(5*t^2*d+7*t^2-3*t+t^2*d*s-t*d*s-t*d)*d^(-1)
;
  A 1 1  1 2  1 0 0 -2
   1
    A 1 1  1 2  1 0 -1 -1
     (-1+5*t)*(-1+2*t)^(-1)
    A 1 1  1 2  1 0 -2 0
     t*(-1+2*t)^(-1)
    A 1 1  1 2  1 -1 0 -1
     -3*(-1+3*t)*(-1+2*t)^(-1)
    A 1 1  1 2  1 -1 -1 0
     -(-1+7*t)*(-1+2*t)^(-1)
    A 1 1  1 2  1 -2 0 0
     2*(-1+4*t)*(-1+2*t)^(-1)
    A 1 1  1 1  1 0 0 -1
     (2+4*t^2-6*t-5*t*s+s)*(-1+2*t)^(-1)
    A 1 1  1 1  1 0 -1 0
     (1+5*t^2-6*t-2*t*s)*(-1+2*t)^(-1)
    A 1 1  1 1  1 -1 0 0
     -(3+9*t^2-12*t-7*t*s+s)*(-1+2*t)^(-1)
    A 1 1  1 0  1 0 0 0
     -(2+8*t^2*d+18*t^2-16*t+5*t^2*d*s-6*t*d*s+d*s-4*t*d-t*d*s^2)*d^(-1)*(-1+2*t)^(-1)
;
  A 1 1  1 2  1 0 0 -2
   1
    A 1 1  1 2  1 0 -1 -1
     2
    A 1 1  1 2  1 0 -2 0
     1/3
    A 1 1  1 2  1 -1 0 -1
     -1
    A 1 1  1 2  1 -1 -1 0
     -2/3
    A 1 1  1 2  1 -2 0 0
     1/3
    A 1 1  1 1  1 0 0 -1
     -38/5-2/5*t-18/5*s
    A 1 1  1 1  1 0 -1 0
     -38/5-2/5*t-6/5*s
    A 1 1  1 1  1 -1 0 0
     19/5+1/5*t+6/5*s
    A 1 1  1 0  1 0 0 0
     -1/15*d^(-1)*(30+30*t-168*d-6*t*d*s+60*s-13*d*s^2-162*d*s-12*t*d)
;
  A 1 1  1 2  1 0 0 -2
   1
    A 1 1  1 2  1 0 -1 -1
     2
    A 1 1  1 2  1 0 -2 0
     1/3
    A 1 1  1 2  1 -1 0 -1
     -9/4
    A 1 1  1 2  1 -1 -1 0
     -3/2
    A 1 1  1 2  1 -2 0 0
     4/3
    A 1 1  1 1  1 0 0 -1
     -13/2-3/2*t-5/2*s
    A 1 1  1 1  1 0 -1 0
     -13/2-3/2*t-5/6*s
    A 1 1  1 1  1 -1 0 0
     15/2+3/2*t+2*s
    A 1 1  1 0  1 0 0 0
     -1/6*(-3+27*t-54*d-9*t*d*s+14*s-3*d*s^2-45*d*s-18*t*d)*d^(-1)
;
  A 1 1  1 2  1 0 0 -2
   1
    A 1 1  1 2  1 0 -1 -1
     4
    A 1 1  1 2  1 0 -2 0
     1
    A 1 1  1 2  1 -1 0 -1
     -6
    A 1 1  1 2  1 -1 -1 0
     -6
    A 1 1  1 2  1 -2 0 0
     6
    A 1 1  1 1  1 0 0 -1
     -2+2*t-4*s
    A 1 1  1 1  1 0 -1 0
     -4+4*t-2*s
    A 1 1  1 1  1 -1 0 0
     6-6*t+6*s
    A 1 1  1 0  1 0 0 0
     -d^(-1)*(-8+12*t+4*t*d*s-d*s^2-4*d*s+4*t*d)
;
  A 1 1  1 2  1 0 0 -2
   1
    A 1 1  1 2  1 0 -1 -1
     4*(-1+t)^(-1)*(-1+2*t)
    A 1 1  1 2  1 0 -2 0
     (-1+5*t)*(-1+t)^(-1)
    A 1 1  1 2  1 -1 0 -1
     -2*(-1+t)^(-1)*(-3+5*t)
    A 1 1  1 2  1 -1 -1 0
     -6*(-1+t)^(-1)*(-1+3*t)
    A 1 1  1 2  1 -2 0 0
     2*(-1+t)^(-1)*(-3+7*t)
    A 1 1  1 1  1 0 0 -1
     2*(1+t^2-2*t-4*t*s+2*s)*(-1+t)^(-1)
    A 1 1  1 1  1 0 -1 0
     2*(-1+t)^(-1)*(2+4*t^2-6*t-5*t*s+s)
    A 1 1  1 1  1 -1 0 0
     -2*(3+5*t^2-8*t-9*t*s+3*s)*(-1+t)^(-1)
    A 1 1  1 0  1 0 0 0
     -d^(-1)*(-1+t)^(-1)*(8+4*t^2*d+20*t^2-28*t+8*t^2*d*s-12*t*d*s+d*s^2+4*d*s-4*t*d-5*t*d*s^2)
;
  A 1 1  1 2  1 0 0 -2
   1
    A 1 1  1 2  1 0 -1 -1
     6
    A 1 1  1 2  1 0 -2 0
     3
    A 1 1  1 2  1 -1 0 -1
     -2
    A 1 1  1 2  1 -1 -1 0
     -3
    A 1 1  1 2  1 -2 0 0
     1
    A 1 1  1 1  1 0 0 -1
     -38/5-2/5*t-54/5*s
    A 1 1  1 1  1 0 -1 0
     -114/5-6/5*t-54/5*s
    A 1 1  1 1  1 -1 0 0
     38/5+2/5*t+27/5*s
    A 1 1  1 0  1 0 0 0
     -1/5*d^(-1)*(20*t-56*d-6*t*d*s+90*s-39*d*s^2-162*d*s-4*t*d)
;
  A 1 1  1 2  1 0 0 -2
   1
    A 1 1  1 2  1 0 -1 -1
     6
    A 1 1  1 2  1 0 -2 0
     3
    A 1 1  1 2  1 -1 0 -1
     -9/2
    A 1 1  1 2  1 -1 -1 0
     -27/4
    A 1 1  1 2  1 -2 0 0
     4
    A 1 1  1 1  1 0 0 -1
     -13/2-3/2*t-15/2*s
    A 1 1  1 1  1 0 -1 0
     -39/2-9/2*t-15/2*s
    A 1 1  1 1  1 -1 0 0
     15+3*t+9*s
    A 1 1  1 0  1 0 0 0
     -1/2*(-10+18*t-18*d-9*t*d*s+21*s-9*d*s^2-45*d*s-6*t*d)*d^(-1)
;
