  A 1 8  1 1  -1 0 0 1
   1
    A 1 8  1 0  0 0 0 1
     -mh^2
;
  A 1 8  1 1  0 -1 0 1
   1
    A 1 8  1 0  0 0 0 1
     1-t-mh^2
;
  A 1 8  1 1  0 0 -1 1
   1
    A 1 8  1 0  0 0 0 1
     -mh^2
;
  A 1 8  1 2  -2 0 0 1
   1
    A 1 8  1 0  0 0 0 1
     -(4*mh^2+d*mh^4)*d^(-1)
;
  A 1 8  1 2  -1 -1 0 1
   1
    A 1 8  1 0  0 0 0 1
     -d^(-1)*(2*t*mh^2-d*mh^2+t*d*mh^2+2*mh^2+d*mh^4)
;
  A 1 8  1 2  -1 0 -1 1
   1
    A 1 8  1 0  0 0 0 1
     d^(-1)*(2*s*mh^2-4*mh^2-d*mh^4)
;
  A 1 8  1 2  0 -2 0 1
   1
    A 1 8  1 0  0 0 0 1
     -d^(-1)*(4*t*mh^2-2*d*mh^2+t^2*d+2*t*d*mh^2-2*t*d+d+d*mh^4)
;
  A 1 8  1 2  0 -1 -1 1
   1
    A 1 8  1 0  0 0 0 1
     -d^(-1)*(2*t*mh^2-d*mh^2+t*d*mh^2+2*mh^2+d*mh^4)
;
  A 1 8  1 2  0 0 -2 1
   1
    A 1 8  1 0  0 0 0 1
     -(4*mh^2+d*mh^4)*d^(-1)
;
  A 1 8  1 3  -3 0 0 1
   1
    A 1 8  1 0  0 0 0 1
     -d^(-1)*(12*mh^4+d*mh^6)
;
  A 1 8  1 3  -2 -1 0 1
   1
    A 1 8  1 0  0 0 0 1
     -(8*mh^4+4*t*mh^2+t*d*mh^4+d*mh^6-4*mh^2-d*mh^4+4*t*mh^4)*d^(-1)
;
  A 1 8  1 3  -2 0 -1 1
   1
    A 1 8  1 0  0 0 0 1
     -(12*mh^4-4*s*mh^4+d*mh^6)*d^(-1)
;
  A 1 8  1 3  -1 -2 0 1
   1
    A 1 8  1 0  0 0 0 1
     -(4*mh^4+d*mh^2+t^2*d*mh^2+2*t*d*mh^4-2*t*d*mh^2+d*mh^6-4*mh^2+4*t^2*mh^2-2*d*mh^4+8*t*mh^4)*d^(-1)
;
  A 1 8  1 3  -1 -1 -1 1
   1
    A 1 8  1 0  0 0 0 1
     d^(-1)*(2*t*s*mh^2-8*mh^4-4*t*mh^2-t*d*mh^4+2*s*mh^4-2*s*mh^2-d*mh^6+4*mh^2+d*mh^4-4*t*mh^4)
;
  A 1 8  1 3  -1 0 -2 1
   1
    A 1 8  1 0  0 0 0 1
     -(12*mh^4-4*s*mh^4+d*mh^6)*d^(-1)
;
  A 1 8  1 3  0 -3 0 1
   1
    A 1 8  1 0  0 0 0 1
     -(t^3*d-12*t*mh^2+3*d*mh^2-3*t^2*d+3*t^2*d*mh^2+3*t*d*mh^4-6*t*d*mh^2+3*t*d-d+d*mh^6+12*t^2*mh^2-3*d*mh^4+12*t*mh^4)*d^(-1)
;
  A 1 8  1 3  0 -2 -1 1
   1
    A 1 8  1 0  0 0 0 1
     -(4*mh^4+d*mh^2+t^2*d*mh^2+2*t*d*mh^4-2*t*d*mh^2+d*mh^6-4*mh^2+4*t^2*mh^2-2*d*mh^4+8*t*mh^4)*d^(-1)
;
  A 1 8  1 3  0 -1 -2 1
   1
    A 1 8  1 0  0 0 0 1
     -(8*mh^4+4*t*mh^2+t*d*mh^4+d*mh^6-4*mh^2-d*mh^4+4*t*mh^4)*d^(-1)
;
  A 1 8  1 3  0 0 -3 1
   1
    A 1 8  1 0  0 0 0 1
     -d^(-1)*(12*mh^4+d*mh^6)
;
  A 1 8  2 0  0 0 0 2
   1
    A 1 8  1 0  0 0 0 1
     -1/2*(-2+d)*mh^(-2)
;
  A 1 8  2 1  -1 0 0 2
   1
    A 1 8  1 0  0 0 0 1
     -1/2*d
;
  A 1 8  2 1  0 -1 0 2
   1
    A 1 8  1 0  0 0 0 1
     1/2*(-2+2*t-d*mh^2-t*d+d)*mh^(-2)
;
  A 1 8  2 1  0 0 -1 2
   1
    A 1 8  1 0  0 0 0 1
     -1/2*d
;
  A 1 8  2 2  -2 0 0 2
   1
    A 1 8  1 0  0 0 0 1
     -2-1/2*d*mh^2-mh^2
;
  A 1 8  2 2  -1 -1 0 2
   1
    A 1 8  1 0  0 0 0 1
     -1-t-1/2*d*mh^2-1/2*t*d+1/2*d-mh^2
;
  A 1 8  2 2  -1 0 -1 2
   1
    A 1 8  1 0  0 0 0 1
     -2-1/2*d*mh^2+s-mh^2
;
  A 1 8  2 2  0 -2 0 2
   1
    A 1 8  1 0  0 0 0 1
     -1/2*(-2+2*mh^4+4*t*mh^2+4*t-2*d*mh^2-2*t^2+t^2*d+2*t*d*mh^2-2*t*d+d+d*mh^4)*mh^(-2)
;
  A 1 8  2 2  0 -1 -1 2
   1
    A 1 8  1 0  0 0 0 1
     -1-t-1/2*d*mh^2-1/2*t*d+1/2*d-mh^2
;
  A 1 8  2 2  0 0 -2 2
   1
    A 1 8  1 0  0 0 0 1
     -2-1/2*d*mh^2-mh^2
;
  A 1 8  2 3  -3 0 0 2
   1
    A 1 8  1 0  0 0 0 1
     -1/2*(d^2*mh^4+12*d*mh^2+24*mh^2+4*d*mh^4)*d^(-1)
;
  A 1 8  2 3  -2 -1 0 2
   1
    A 1 8  1 0  0 0 0 1
     -1/2*(d^2*mh^4+8*t*mh^2+6*d*mh^2+t*d^2*mh^2+6*t*d*mh^2+4*t*d-4*d+16*mh^2-d^2*mh^2+4*d*mh^4)*d^(-1)
;
  A 1 8  2 3  -2 0 -1 2
   1
    A 1 8  1 0  0 0 0 1
     -1/2*(d^2*mh^4+12*d*mh^2-4*s*d*mh^2-8*s*mh^2+24*mh^2+4*d*mh^4)*d^(-1)
;
  A 1 8  2 3  -1 -2 0 2
   1
    A 1 8  1 0  0 0 0 1
     -1/2*(d^2*mh^4+16*t*mh^2+t^2*d^2+d^2+4*t^2*d+2*t*d^2*mh^2+12*t*d*mh^2-4*d+8*mh^2-2*d^2*mh^2-2*t*d^2+4*d*mh^4)*d^(-1)
;
  A 1 8  2 3  -1 -1 -1 2
   1
    A 1 8  1 0  0 0 0 1
     -1/2*d^(-1)*(d^2*mh^4+8*t*mh^2+2*s*d+6*d*mh^2+t*d^2*mh^2+6*t*d*mh^2-2*s*d*mh^2-2*t*s*d+4*t*d-4*s*mh^2-4*d+16*mh^2-d^2*mh^2+4*d*mh^4)
;
  A 1 8  2 3  -1 0 -2 2
   1
    A 1 8  1 0  0 0 0 1
     -1/2*(d^2*mh^4+12*d*mh^2-4*s*d*mh^2-8*s*mh^2+24*mh^2+4*d*mh^4)*d^(-1)
;
  A 1 8  2 3  0 -3 0 2
   1
    A 1 8  1 0  0 0 0 1
     1/2*d^(-1)*(3*d^2*mh^4+2*t^3*d-d^2*mh^6+3*t^2*d^2+d^2-6*t^2*d-12*t^2*d*mh^2-18*t*d*mh^4-t^3*d^2+6*t*d^2*mh^2+12*t*d*mh^2-3*t^2*d^2*mh^2+6*t*d-2*d-3*t*d^2*mh^4-4*d*mh^6-3*d^2*mh^2-3*t*d^2+6*d*mh^4-24*t*mh^4)*mh^(-2)
;
  A 1 8  2 3  0 -2 -1 2
   1
    A 1 8  1 0  0 0 0 1
     -1/2*(d^2*mh^4+16*t*mh^2+t^2*d^2+d^2+4*t^2*d+2*t*d^2*mh^2+12*t*d*mh^2-4*d+8*mh^2-2*d^2*mh^2-2*t*d^2+4*d*mh^4)*d^(-1)
;
  A 1 8  2 3  0 -1 -2 2
   1
    A 1 8  1 0  0 0 0 1
     -1/2*(d^2*mh^4+8*t*mh^2+6*d*mh^2+t*d^2*mh^2+6*t*d*mh^2+4*t*d-4*d+16*mh^2-d^2*mh^2+4*d*mh^4)*d^(-1)
;
  A 1 8  2 3  0 0 -3 2
   1
    A 1 8  1 0  0 0 0 1
     -1/2*(d^2*mh^4+12*d*mh^2+24*mh^2+4*d*mh^4)*d^(-1)
;
  A 1 8  2 4  -4 0 0 2
   1
    A 1 8  1 0  0 0 0 1
     -1/2*d^(-1)*(96*mh^4+d^2*mh^6+6*d*mh^6+48*mh^2+24*d*mh^4)
;
  A 1 8  2 4  -3 -1 0 2
   1
    A 1 8  1 0  0 0 0 1
     1/2*(d^2*mh^4-72*mh^4-48*t*mh^2-d^2*mh^6+12*d*mh^2-10*t*d*mh^4-12*t*d*mh^2-t*d^2*mh^4-6*d*mh^6-14*d*mh^4-24*t*mh^4)*d^(-1)
;
  A 1 8  2 4  -3 0 -1 2
   1
    A 1 8  1 0  0 0 0 1
     -1/2*(96*mh^4+d^2*mh^6-6*s*d*mh^4-24*s*mh^4-24*s*mh^2+6*d*mh^6+48*mh^2+24*d*mh^4)*d^(-1)
;
  A 1 8  2 4  -2 -2 0 2
   1
    A 1 8  1 0  0 0 0 1
     1/2*d^(-1)*(2*d^2*mh^4-48*mh^4-48*t*mh^2-d^2*mh^6+14*d*mh^2-4*t^2*d-10*t^2*d*mh^2-20*t*d*mh^4+2*t*d^2*mh^2-4*t*d*mh^2-t^2*d^2*mh^2+8*t*d-4*d-2*t*d^2*mh^4-6*d*mh^6+24*mh^2-24*t^2*mh^2-d^2*mh^2-4*d*mh^4-48*t*mh^4)
;
  A 1 8  2 4  -2 -1 -1 2
   1
    A 1 8  1 0  0 0 0 1
     1/2*(d^2*mh^4+16*t*s*mh^2-72*mh^4-48*t*mh^2-d^2*mh^6+12*d*mh^2+4*s*d*mh^4-10*t*d*mh^4+16*s*mh^4-12*t*d*mh^2-4*s*d*mh^2-t*d^2*mh^4-6*d*mh^6-14*d*mh^4+4*t*s*d*mh^2-24*t*mh^4)*d^(-1)
;
  A 1 8  2 4  -2 0 -2 2
   1
    A 1 8  1 0  0 0 0 1
     -1/2*(96*mh^4+d^2*mh^6-8*s*d*mh^4+8*s^2*mh^2-32*s*mh^4-32*s*mh^2+6*d*mh^6+48*mh^2+24*d*mh^4)*d^(-1)
;
  A 1 8  2 4  -1 -3 0 2
   1
    A 1 8  1 0  0 0 0 1
     1/2*d^(-1)*(3*d^2*mh^4-24*mh^4-6*t^3*d-d^2*mh^6+3*t^2*d^2+d^2+6*d*mh^2+6*t^2*d-30*t^2*d*mh^2-30*t*d*mh^4-t^3*d^2+6*t*d^2*mh^2+24*t*d*mh^2-3*t^2*d^2*mh^2+6*t*d-6*d-3*t*d^2*mh^4-6*d*mh^6+24*mh^2-72*t^2*mh^2-3*d^2*mh^2-3*t*d^2+6*d*mh^4-72*t*mh^4)
;
  A 1 8  2 4  -1 -2 -1 2
   1
    A 1 8  1 0  0 0 0 1
     1/2*(2*d^2*mh^4+16*t*s*mh^2-48*mh^4-48*t*mh^2-d^2*mh^6+2*s*d+14*d*mh^2-4*t^2*d+2*s*d*mh^4-10*t^2*d*mh^2+2*t^2*s*d-20*t*d*mh^4+2*t*d^2*mh^2+8*s*mh^4-4*t*d*mh^2-4*s*d*mh^2-4*t*s*d-t^2*d^2*mh^2+8*t*d-8*s*mh^2-4*d-2*t*d^2*mh^4-6*d*mh^6+24*mh^2-24*t^2*mh^2-d^2*mh^2-4*d*mh^4+4*t*s*d*mh^2-48*t*mh^4)*d^(-1)
;
  A 1 8  2 4  -1 -1 -2 2
   1
    A 1 8  1 0  0 0 0 1
     1/2*(d^2*mh^4+16*t*s*mh^2-72*mh^4-48*t*mh^2-d^2*mh^6+12*d*mh^2+4*s*d*mh^4-10*t*d*mh^4+16*s*mh^4-12*t*d*mh^2-4*s*d*mh^2-t*d^2*mh^4-6*d*mh^6-14*d*mh^4+4*t*s*d*mh^2-24*t*mh^4)*d^(-1)
;
  A 1 8  2 4  -1 0 -3 2
   1
    A 1 8  1 0  0 0 0 1
     -1/2*(96*mh^4+d^2*mh^6-6*s*d*mh^4-24*s*mh^4-24*s*mh^2+6*d*mh^6+48*mh^2+24*d*mh^4)*d^(-1)
;
  A 1 8  2 4  0 -4 0 2
   1
    A 1 8  1 0  0 0 0 1
     -1/2*d^(-1)*(6*d^2*mh^4+144*t^2*mh^4+4*t^3*d^2*mh^2+8*t^3*d-4*d^2*mh^6+6*t^2*d^2+d^2-12*t^2*d-48*t^2*d*mh^2+6*d*mh^8-72*t*d*mh^4-4*t^3*d^2+12*t*d^2*mh^2+6*t^2*d^2*mh^4+40*t*d*mh^6+24*t*d*mh^2+t^4*d^2+60*t^2*d*mh^4+4*t*d^2*mh^6-12*t^2*d^2*mh^2+8*t*d-2*d+d^2*mh^8-12*t*d^2*mh^4-16*d*mh^6-4*d^2*mh^2+96*t*mh^6-4*t*d^2-2*t^4*d+12*d*mh^4+24*t^3*d*mh^2-96*t*mh^4)*mh^(-2)
;
  A 1 8  2 4  0 -3 -1 2
   1
    A 1 8  1 0  0 0 0 1
     1/2*d^(-1)*(3*d^2*mh^4-24*mh^4-6*t^3*d-d^2*mh^6+3*t^2*d^2+d^2+6*d*mh^2+6*t^2*d-30*t^2*d*mh^2-30*t*d*mh^4-t^3*d^2+6*t*d^2*mh^2+24*t*d*mh^2-3*t^2*d^2*mh^2+6*t*d-6*d-3*t*d^2*mh^4-6*d*mh^6+24*mh^2-72*t^2*mh^2-3*d^2*mh^2-3*t*d^2+6*d*mh^4-72*t*mh^4)
;
  A 1 8  2 4  0 -2 -2 2
   1
    A 1 8  1 0  0 0 0 1
     1/2*d^(-1)*(2*d^2*mh^4-48*mh^4-48*t*mh^2-d^2*mh^6+14*d*mh^2-4*t^2*d-10*t^2*d*mh^2-20*t*d*mh^4+2*t*d^2*mh^2-4*t*d*mh^2-t^2*d^2*mh^2+8*t*d-4*d-2*t*d^2*mh^4-6*d*mh^6+24*mh^2-24*t^2*mh^2-d^2*mh^2-4*d*mh^4-48*t*mh^4)
;
  A 1 8  2 4  0 -1 -3 2
   1
    A 1 8  1 0  0 0 0 1
     1/2*(d^2*mh^4-72*mh^4-48*t*mh^2-d^2*mh^6+12*d*mh^2-10*t*d*mh^4-12*t*d*mh^2-t*d^2*mh^4-6*d*mh^6-14*d*mh^4-24*t*mh^4)*d^(-1)
;
  A 1 8  2 4  0 0 -4 2
   1
    A 1 8  1 0  0 0 0 1
     -1/2*d^(-1)*(96*mh^4+d^2*mh^6+6*d*mh^6+48*mh^2+24*d*mh^4)
;
  A 1 8  3 0  0 0 0 3
   1
    A 1 8  1 0  0 0 0 1
     -1/8*(8+d^2-6*d)*mh^(-4)
;
  A 1 8  3 1  -1 0 0 3
   1
    A 1 8  1 0  0 0 0 1
     -1/8*(d^2-2*d)*mh^(-2)
;
  A 1 8  3 1  0 -1 0 3
   1
    A 1 8  1 0  0 0 0 1
     -1/8*(-8+8*t-d^2-2*d*mh^2-6*t*d+6*d+d^2*mh^2+t*d^2)*mh^(-4)
;
  A 1 8  3 1  0 0 -1 3
   1
    A 1 8  1 0  0 0 0 1
     -1/8*(d^2-2*d)*mh^(-2)
;
  A 1 8  3 2  -2 0 0 3
   1
    A 1 8  1 0  0 0 0 1
     -1/8*(-8+2*d*mh^2+4*d+d^2*mh^2)*mh^(-2)
;
  A 1 8  3 2  -1 -1 0 3
   1
    A 1 8  1 0  0 0 0 1
     1/8*(4+4*t+d^2-2*d*mh^2-4*d-d^2*mh^2-t*d^2)*mh^(-2)
;
  A 1 8  3 2  -1 0 -1 3
   1
    A 1 8  1 0  0 0 0 1
     1/8*(8+2*s*d-2*d*mh^2-4*s-4*d-d^2*mh^2)*mh^(-2)
;
  A 1 8  3 2  0 -2 0 3
   1
    A 1 8  1 0  0 0 0 1
     -1/8*(8+d^2*mh^4-8*t*mh^2+t^2*d^2-16*t+d^2+4*d*mh^2+8*t^2-6*t^2*d+2*t*d^2*mh^2+12*t*d-6*d-2*d^2*mh^2-2*t*d^2+2*d*mh^4)*mh^(-4)
;
  A 1 8  3 2  0 -1 -1 3
   1
    A 1 8  1 0  0 0 0 1
     1/8*(4+4*t+d^2-2*d*mh^2-4*d-d^2*mh^2-t*d^2)*mh^(-2)
;
  A 1 8  3 2  0 0 -2 3
   1
    A 1 8  1 0  0 0 0 1
     -1/8*(-8+2*d*mh^2+4*d+d^2*mh^2)*mh^(-2)
;
  A 1 8  3 3  -3 0 0 3
   1
    A 1 8  1 0  0 0 0 1
     -3-3/4*d*mh^2-3/2*d-mh^2-1/8*d^2*mh^2
;
  A 1 8  3 3  -2 -1 0 3
   1
    A 1 8  1 0  0 0 0 1
     -1/8*(8+d^2*mh^4+8*mh^4+8*t*mh^2-8*t+6*d*mh^2+t*d^2*mh^2+6*t*d*mh^2+4*t*d-4*d+16*mh^2-d^2*mh^2+6*d*mh^4)*mh^(-2)
;
  A 1 8  3 3  -2 0 -1 3
   1
    A 1 8  1 0  0 0 0 1
     -3+1/2*s*d-3/4*d*mh^2+s-3/2*d-mh^2-1/8*d^2*mh^2
;
  A 1 8  3 3  -1 -2 0 3
   1
    A 1 8  1 0  0 0 0 1
     -1/8*(8+d^2*mh^4+8*mh^4+16*t*mh^2+t^2*d^2+d^2-8*t^2+2*t^2*d+2*t*d^2*mh^2+12*t*d*mh^2+4*t*d-6*d+8*mh^2-2*d^2*mh^2-2*t*d^2+6*d*mh^4)*mh^(-2)
;
  A 1 8  3 3  -1 -1 -1 3
   1
    A 1 8  1 0  0 0 0 1
     -1/8*(8+d^2*mh^4+8*mh^4+8*t*mh^2+2*s*d-8*t+6*d*mh^2+t*d^2*mh^2+6*t*d*mh^2-4*s-2*s*d*mh^2-2*t*s*d+4*t*d-4*s*mh^2-4*d+16*mh^2-d^2*mh^2+6*d*mh^4+4*t*s)*mh^(-2)
;
  A 1 8  3 3  -1 0 -2 3
   1
    A 1 8  1 0  0 0 0 1
     -3+1/2*s*d-3/4*d*mh^2+s-3/2*d-mh^2-1/8*d^2*mh^2
;
  A 1 8  3 3  0 -3 0 3
   1
    A 1 8  1 0  0 0 0 1
     1/8*(8+3*d^2*mh^4-8*t^3+6*t^3*d-24*t*mh^2-d^2*mh^6+3*t^2*d^2-24*t+d^2-8*mh^6+6*d*mh^2+24*t^2-18*t^2*d-6*t^2*d*mh^2-18*t*d*mh^4-t^3*d^2+6*t*d^2*mh^2-3*t^2*d^2*mh^2+18*t*d-6*d-3*t*d^2*mh^4-6*d*mh^6+24*t^2*mh^2-3*d^2*mh^2-3*t*d^2+6*d*mh^4-24*t*mh^4)*mh^(-4)
;
  A 1 8  3 3  0 -2 -1 3
   1
    A 1 8  1 0  0 0 0 1
     -1/8*(8+d^2*mh^4+8*mh^4+16*t*mh^2+t^2*d^2+d^2-8*t^2+2*t^2*d+2*t*d^2*mh^2+12*t*d*mh^2+4*t*d-6*d+8*mh^2-2*d^2*mh^2-2*t*d^2+6*d*mh^4)*mh^(-2)
;
  A 1 8  3 3  0 -1 -2 3
   1
    A 1 8  1 0  0 0 0 1
     -1/8*(8+d^2*mh^4+8*mh^4+8*t*mh^2-8*t+6*d*mh^2+t*d^2*mh^2+6*t*d*mh^2+4*t*d-4*d+16*mh^2-d^2*mh^2+6*d*mh^4)*mh^(-2)
;
  A 1 8  3 3  0 0 -3 3
   1
    A 1 8  1 0  0 0 0 1
     -3-3/4*d*mh^2-3/2*d-mh^2-1/8*d^2*mh^2
;
  A 1 8  3 4  -4 0 0 3
   1
    A 1 8  1 0  0 0 0 1
     -1/8*d^(-1)*(10*d^2*mh^4+144*d*mh^2+d^3*mh^4+48*d+192*mh^2+24*d^2*mh^2+24*d*mh^4)
;
  A 1 8  3 4  -3 -1 0 3
   1
    A 1 8  1 0  0 0 0 1
     -1/8*(10*d^2*mh^4+48*t*mh^2-12*d^2+t*d^3*mh^2+100*d*mh^2+d^3*mh^4+12*t*d^2*mh^2+44*t*d*mh^2-d^3*mh^2+48*t*d+144*mh^2+12*d^2*mh^2+12*t*d^2+24*d*mh^4)*d^(-1)
;
  A 1 8  3 4  -3 0 -1 3
   1
    A 1 8  1 0  0 0 0 1
     -1/8*(10*d^2*mh^4-24*s*d+144*d*mh^2+d^3*mh^4-6*s*d^2*mh^2-36*s*d*mh^2-48*s*mh^2+48*d+192*mh^2+24*d^2*mh^2+24*d*mh^4)*d^(-1)
;
  A 1 8  3 4  -2 -2 0 3
   1
    A 1 8  1 0  0 0 0 1
     -1/8*(96*mh^4+10*d^2*mh^6+4*t^2*d^2+4*d^2-2*t*d^3*mh^2-24*d*mh^2-8*t^2*d+24*t^2*d*mh^2+88*t*d*mh^4-2*d^3*mh^4+4*t*d^2*mh^2+d^3*mh^6+48*t*d*mh^2+d^3*mh^2+10*t^2*d^2*mh^2+16*t*d-8*d+24*t*d^2*mh^4+24*d*mh^6-14*d^2*mh^2-8*t*d^2+2*t*d^3*mh^4+56*d*mh^4+96*t*mh^4+t^2*d^3*mh^2)*d^(-1)*mh^(-2)
;
  A 1 8  3 4  -2 -1 -1 3
   1
    A 1 8  1 0  0 0 0 1
     -1/8*(10*d^2*mh^4+48*t*mh^2-12*d^2+t*d^3*mh^2+100*d*mh^2+4*s*d^2+d^3*mh^4+12*t*d^2*mh^2-4*s*d^2*mh^2+44*t*d*mh^2-d^3*mh^2-24*s*d*mh^2-16*t*s*d+48*t*d-32*s*mh^2+144*mh^2+12*d^2*mh^2+12*t*d^2-4*t*s*d^2+24*d*mh^4)*d^(-1)
;
  A 1 8  3 4  -2 0 -2 3
   1
    A 1 8  1 0  0 0 0 1
     -1/8*(10*d^2*mh^4-32*s*d+144*d*mh^2+d^3*mh^4-8*s*d^2*mh^2-48*s*d*mh^2-64*s*mh^2+48*d+192*mh^2+8*s^2*d+24*d^2*mh^2+24*d*mh^4)*d^(-1)
;
  A 1 8  3 4  -1 -3 0 3
   1
    A 1 8  1 0  0 0 0 1
     1/8*(12*d^2*mh^4-48*mh^4+12*t^3*d+d^3+3*t^2*d^3-10*d^2*mh^6-8*d^2+6*t*d^3*mh^2+24*d*mh^2-12*t^2*d-t^3*d^3-72*t^2*d*mh^2-132*t*d*mh^4+3*d^3*mh^4-4*t^3*d^2+24*t*d^2*mh^2-d^3*mh^6-3*d^3*mh^2-30*t^2*d^2*mh^2-12*t*d+12*d-36*t*d^2*mh^4-24*d*mh^6+6*d^2*mh^2+12*t*d^2-3*t*d^3*mh^4-12*d*mh^4-144*t*mh^4-3*t*d^3-3*t^2*d^3*mh^2)*d^(-1)*mh^(-2)
;
  A 1 8  3 4  -1 -2 -1 3
   1
    A 1 8  1 0  0 0 0 1
     1/8*(4*t*s*d^2*mh^2-96*mh^4-10*d^2*mh^6+2*t^2*s*d^2-4*s*d-4*t^2*d^2-4*d^2+2*t*d^3*mh^2+24*d*mh^2+8*t^2*d+12*s*d*mh^4-24*t^2*d*mh^2+2*s*d^2-4*t^2*s*d-88*t*d*mh^4+2*d^3*mh^4-4*t*d^2*mh^2-4*s*d^2*mh^2-d^3*mh^6+16*s*mh^4-48*t*d*mh^2-d^3*mh^2-8*s*d*mh^2+8*t*s*d-10*t^2*d^2*mh^2+2*s*d^2*mh^4-16*t*d+8*d-24*t*d^2*mh^4-24*d*mh^6+14*d^2*mh^2+8*t*d^2-4*t*s*d^2-2*t*d^3*mh^4-56*d*mh^4+16*t*s*d*mh^2-96*t*mh^4-t^2*d^3*mh^2)*d^(-1)*mh^(-2)
;
  A 1 8  3 4  -1 -1 -2 3
   1
    A 1 8  1 0  0 0 0 1
     -1/8*(10*d^2*mh^4+48*t*mh^2-12*d^2+t*d^3*mh^2+100*d*mh^2+4*s*d^2+d^3*mh^4+12*t*d^2*mh^2-4*s*d^2*mh^2+44*t*d*mh^2-d^3*mh^2-24*s*d*mh^2-16*t*s*d+48*t*d-32*s*mh^2+144*mh^2+12*d^2*mh^2+12*t*d^2-4*t*s*d^2+24*d*mh^4)*d^(-1)
;
  A 1 8  3 4  -1 0 -3 3
   1
    A 1 8  1 0  0 0 0 1
     -1/8*(10*d^2*mh^4-24*s*d+144*d*mh^2+d^3*mh^4-6*s*d^2*mh^2-36*s*d*mh^2-48*s*mh^2+48*d+192*mh^2+24*d^2*mh^2+24*d*mh^4)*d^(-1)
;
  A 1 8  3 4  0 -4 0 3
   1
    A 1 8  1 0  0 0 0 1
     -1/8*(12*d^2*mh^4+16*t^3*d^2*mh^2-32*t^3*d+d^3+6*t^2*d^3-24*d^2*mh^6+6*t^2*d^3*mh^4-36*t^2*d^2-6*d^2+12*t*d^3*mh^2+48*t^2*d-4*t^3*d^3+96*t^2*d*mh^2+4*t^3*d^3*mh^2+24*d*mh^8-96*t*d*mh^4+6*d^3*mh^4+24*t^3*d^2+60*t^2*d^2*mh^4-4*d^3*mh^6+176*t*d*mh^6-48*t*d*mh^2-4*d^3*mh^2-6*t^4*d^2+144*t^2*d*mh^4+48*t*d^2*mh^6-24*t^2*d^2*mh^2-32*t*d+8*d+10*d^2*mh^8-72*t*d^2*mh^4+t^4*d^3-32*d*mh^6+4*t*d^3*mh^6+8*d^2*mh^2+192*t*mh^6+24*t*d^2+8*t^4*d-12*t*d^3*mh^4+d^3*mh^8-48*t^3*d*mh^2-4*t*d^3-12*t^2*d^3*mh^2)*d^(-1)*mh^(-4)
;
  A 1 8  3 4  0 -3 -1 3
   1
    A 1 8  1 0  0 0 0 1
     1/8*(12*d^2*mh^4-48*mh^4+12*t^3*d+d^3+3*t^2*d^3-10*d^2*mh^6-8*d^2+6*t*d^3*mh^2+24*d*mh^2-12*t^2*d-t^3*d^3-72*t^2*d*mh^2-132*t*d*mh^4+3*d^3*mh^4-4*t^3*d^2+24*t*d^2*mh^2-d^3*mh^6-3*d^3*mh^2-30*t^2*d^2*mh^2-12*t*d+12*d-36*t*d^2*mh^4-24*d*mh^6+6*d^2*mh^2+12*t*d^2-3*t*d^3*mh^4-12*d*mh^4-144*t*mh^4-3*t*d^3-3*t^2*d^3*mh^2)*d^(-1)*mh^(-2)
;
  A 1 8  3 4  0 -2 -2 3
   1
    A 1 8  1 0  0 0 0 1
     -1/8*(96*mh^4+10*d^2*mh^6+4*t^2*d^2+4*d^2-2*t*d^3*mh^2-24*d*mh^2-8*t^2*d+24*t^2*d*mh^2+88*t*d*mh^4-2*d^3*mh^4+4*t*d^2*mh^2+d^3*mh^6+48*t*d*mh^2+d^3*mh^2+10*t^2*d^2*mh^2+16*t*d-8*d+24*t*d^2*mh^4+24*d*mh^6-14*d^2*mh^2-8*t*d^2+2*t*d^3*mh^4+56*d*mh^4+96*t*mh^4+t^2*d^3*mh^2)*d^(-1)*mh^(-2)
;
  A 1 8  3 4  0 -1 -3 3
   1
    A 1 8  1 0  0 0 0 1
     -1/8*(10*d^2*mh^4+48*t*mh^2-12*d^2+t*d^3*mh^2+100*d*mh^2+d^3*mh^4+12*t*d^2*mh^2+44*t*d*mh^2-d^3*mh^2+48*t*d+144*mh^2+12*d^2*mh^2+12*t*d^2+24*d*mh^4)*d^(-1)
;
  A 1 8  3 4  0 0 -4 3
   1
    A 1 8  1 0  0 0 0 1
     -1/8*d^(-1)*(10*d^2*mh^4+144*d*mh^2+d^3*mh^4+48*d+192*mh^2+24*d^2*mh^2+24*d*mh^4)
;
  A 1 8  4 0  0 0 0 4
   1
    A 1 8  1 0  0 0 0 1
     -1/48*(-48+d^3-12*d^2+44*d)*mh^(-6)
;
  A 1 8  4 1  -1 0 0 4
   1
    A 1 8  1 0  0 0 0 1
     -1/48*(d^3-6*d^2+8*d)*mh^(-4)
;
  A 1 8  4 1  0 -1 0 4
   1
    A 1 8  1 0  0 0 0 1
     1/48*(-48+d^3+48*t-12*d^2-8*d*mh^2-d^3*mh^2-44*t*d+44*d+6*d^2*mh^2+12*t*d^2-t*d^3)*mh^(-6)
;
  A 1 8  4 1  0 0 -1 4
   1
    A 1 8  1 0  0 0 0 1
     -1/48*(d^3-6*d^2+8*d)*mh^(-4)
;
  A 1 8  4 2  -2 0 0 4
   1
    A 1 8  1 0  0 0 0 1
     -1/48*(32+4*d^2-4*d*mh^2+d^3*mh^2-24*d)*mh^(-4)
;
  A 1 8  4 2  -1 -1 0 4
   1
    A 1 8  1 0  0 0 0 1
     1/48*(-16+d^3-16*t-8*d^2+4*d*mh^2-d^3*mh^2+4*t*d+20*d+4*t*d^2-t*d^3)*mh^(-4)
;
  A 1 8  4 2  -1 0 -1 4
   1
    A 1 8  1 0  0 0 0 1
     -1/48*(32+12*s*d+4*d^2-4*d*mh^2-2*s*d^2+d^3*mh^2-16*s-24*d)*mh^(-4)
;
  A 1 8  4 2  0 -2 0 4
   1
    A 1 8  1 0  0 0 0 1
     -1/48*mh^(-6)*(-48+d^3+t^2*d^3+32*t*mh^2-12*t^2*d^2+96*t-12*d^2+2*t*d^3*mh^2-16*d*mh^2-48*t^2+44*t^2*d+d^3*mh^4-8*t*d^2*mh^2-8*t*d*mh^2-2*d^3*mh^2-88*t*d+44*d+12*d^2*mh^2+24*t*d^2-4*d*mh^4-2*t*d^3)
;
  A 1 8  4 2  0 -1 -1 4
   1
    A 1 8  1 0  0 0 0 1
     1/48*(-16+d^3-16*t-8*d^2+4*d*mh^2-d^3*mh^2+4*t*d+20*d+4*t*d^2-t*d^3)*mh^(-4)
;
  A 1 8  4 2  0 0 -2 4
   1
    A 1 8  1 0  0 0 0 1
     -1/48*(32+4*d^2-4*d*mh^2+d^3*mh^2-24*d)*mh^(-4)
;
  A 1 8  4 3  -3 0 0 4
   1
    A 1 8  1 0  0 0 0 1
     -1/48*(-48+12*d^2+8*d*mh^2+d^3*mh^2+6*d^2*mh^2)*mh^(-2)
;
  A 1 8  4 3  -2 -1 0 4
   1
    A 1 8  1 0  0 0 0 1
     -1/48*(-32+6*d^2*mh^4-16*t*mh^2+32*t-4*d^2+t*d^3*mh^2+4*d*mh^2+d^3*mh^4+4*t*d^2*mh^2-4*t*d*mh^2-d^3*mh^2-24*t*d+24*d-32*mh^2+8*d^2*mh^2+4*t*d^2+8*d*mh^4)*mh^(-4)
;
  A 1 8  4 3  -2 0 -1 4
   1
    A 1 8  1 0  0 0 0 1
     -1/48*(-48+12*d^2+8*d*mh^2-4*s*d^2+d^3*mh^2+16*s+6*d^2*mh^2)*mh^(-2)
;
  A 1 8  4 3  -1 -2 0 4
   1
    A 1 8  1 0  0 0 0 1
     -1/48*(-32+6*d^2*mh^4+d^3+t^2*d^3-32*t*mh^2-2*t^2*d^2-10*d^2+2*t*d^3*mh^2+8*d*mh^2+32*t^2-16*t^2*d+d^3*mh^4+8*t*d^2*mh^2-8*t*d*mh^2-2*d^3*mh^2-16*t*d+32*d-16*mh^2+4*d^2*mh^2+12*t*d^2+8*d*mh^4-2*t*d^3)*mh^(-4)
;
  A 1 8  4 3  -1 -1 -1 4
   1
    A 1 8  1 0  0 0 0 1
     -1/48*(-32+6*d^2*mh^4-16*t*mh^2-12*s*d+32*t-4*d^2+t*d^3*mh^2+4*d*mh^2+2*s*d^2+d^3*mh^4+4*t*d^2*mh^2-2*s*d^2*mh^2-4*t*d*mh^2-d^3*mh^2+16*s+12*t*s*d-24*t*d+8*s*mh^2+24*d-32*mh^2+8*d^2*mh^2+4*t*d^2-2*t*s*d^2+8*d*mh^4-16*t*s)*mh^(-4)
;
  A 1 8  4 3  -1 0 -2 4
   1
    A 1 8  1 0  0 0 0 1
     -1/48*(-48+12*d^2+8*d*mh^2-4*s*d^2+d^3*mh^2+16*s+6*d^2*mh^2)*mh^(-2)
;
  A 1 8  4 3  0 -3 0 4
   1
    A 1 8  1 0  0 0 0 1
     1/48*(-48+48*t^3-44*t^3*d+d^3+3*t^2*d^3+96*t*mh^2-6*d^2*mh^6-36*t^2*d^2+144*t-12*d^2+6*t*d^3*mh^2-24*d*mh^2-144*t^2+132*t^2*d-t^3*d^3+48*t^2*d*mh^2+12*t*d*mh^4+3*d^3*mh^4+12*t^3*d^2-24*t*d^2*mh^2-d^3*mh^6-24*t*d*mh^2-3*d^3*mh^2+6*t^2*d^2*mh^2-132*t*d+44*d-12*t*d^2*mh^4-8*d*mh^6-96*t^2*mh^2+18*d^2*mh^2+36*t*d^2-3*t*d^3*mh^4-12*d*mh^4+48*t*mh^4-3*t*d^3-3*t^2*d^3*mh^2)*mh^(-6)
;
  A 1 8  4 3  0 -2 -1 4
   1
    A 1 8  1 0  0 0 0 1
     -1/48*(-32+6*d^2*mh^4+d^3+t^2*d^3-32*t*mh^2-2*t^2*d^2-10*d^2+2*t*d^3*mh^2+8*d*mh^2+32*t^2-16*t^2*d+d^3*mh^4+8*t*d^2*mh^2-8*t*d*mh^2-2*d^3*mh^2-16*t*d+32*d-16*mh^2+4*d^2*mh^2+12*t*d^2+8*d*mh^4-2*t*d^3)*mh^(-4)
;
  A 1 8  4 3  0 -1 -2 4
   1
    A 1 8  1 0  0 0 0 1
     -1/48*(-32+6*d^2*mh^4-16*t*mh^2+32*t-4*d^2+t*d^3*mh^2+4*d*mh^2+d^3*mh^4+4*t*d^2*mh^2-4*t*d*mh^2-d^3*mh^2-24*t*d+24*d-32*mh^2+8*d^2*mh^2+4*t*d^2+8*d*mh^4)*mh^(-4)
;
  A 1 8  4 3  0 0 -3 4
   1
    A 1 8  1 0  0 0 0 1
     -1/48*(-48+12*d^2+8*d*mh^2+d^3*mh^2+6*d^2*mh^2)*mh^(-2)
;
  A 1 8  4 4  -4 0 0 4
   1
    A 1 8  4 3  -3 0 0 4
     mh^2
    A 1 8  3 3  -3 0 0 3
     -1-1/3*d
    A 1 8  3 2  -2 0 0 3
     -2
;
  A 1 8  4 4  -4 0 0 4
   1
    A 1 8  4 3  -3 0 0 4
     -mh^2
    A 1 8  3 3  -3 0 0 3
     -2
    A 1 8  3 2  -2 0 0 3
     -2+mh^2
    A 1 8  2 2  -2 0 0 2
     1
;
  A 1 8  4 4  -3 -1 0 4
   1
    A 1 8  4 3  -2 -1 0 4
     mh^2
    A 1 8  3 3  -2 -1 0 3
     -2/3-1/3*d
    A 1 8  3 3  -3 0 0 3
     -1/3
    A 1 8  3 2  -1 -1 0 3
     -4/3
    A 1 8  3 2  -2 0 0 3
     -2/3
;
  A 1 8  4 4  -3 -1 0 4
   1
    A 1 8  4 3  -2 -1 0 4
     -mh^2
    A 1 8  3 3  -2 -1 0 3
     -5/3
    A 1 8  3 3  -3 0 0 3
     -1/3
    A 1 8  3 2  -1 -1 0 3
     -4/3+2/3*mh^2
    A 1 8  3 2  -2 0 0 3
     -1/3-1/3*t+1/3*mh^2
    A 1 8  2 2  -1 -1 0 2
     2/3
    A 1 8  2 2  -2 0 0 2
     1/3
;
  A 1 8  4 4  -3 -1 0 4
   1
    A 1 8  4 4  -4 0 0 4
     -1/2-1/2*t
    A 1 8  4 3  -3 0 0 4
     1+1/2*t*mh^2-t-1/2*mh^2
    A 1 8  3 3  -3 0 0 3
     -1/2+1/2*t
;
  A 1 8  4 4  -3 -1 0 4
   1
    A 1 8  4 4  -4 0 0 4
     -1
    A 1 8  4 3  -3 0 0 4
     1-t
    A 1 8  3 3  -2 -1 0 3
     -1
    A 1 8  3 3  -3 0 0 3
     1
;
  A 1 8  4 4  -3 0 -1 4
   1
    A 1 8  4 3  -2 0 -1 4
     mh^2
    A 1 8  3 3  -2 0 -1 3
     -2/3-1/3*d
    A 1 8  3 3  -3 0 0 3
     -1/3
    A 1 8  3 2  -1 0 -1 3
     -4/3
    A 1 8  3 2  -2 0 0 3
     -2/3+1/3*s
;
  A 1 8  4 4  -3 0 -1 4
   1
    A 1 8  4 3  -2 0 -1 4
     -mh^2
    A 1 8  3 3  -2 0 -1 3
     -5/3
    A 1 8  3 3  -3 0 0 3
     -1/3
    A 1 8  3 2  -1 0 -1 3
     -4/3+2/3*mh^2
    A 1 8  3 2  -2 0 0 3
     -2/3+1/3*s+1/3*mh^2
    A 1 8  2 2  -1 0 -1 2
     2/3
    A 1 8  2 2  -2 0 0 2
     1/3
;
  A 1 8  4 4  -3 0 -1 4
   1
    A 1 8  4 4  -3 -1 0 4
     -1
    A 1 8  4 3  -3 0 0 4
     -1+t
    A 1 8  3 3  -2 0 -1 3
     -1
    A 1 8  3 3  -2 -1 0 3
     1
    A 1 8  3 2  -2 0 0 3
     s
;
  A 1 8  4 4  -3 0 -1 4
   1
    A 1 8  4 4  -3 -1 0 4
     s*(-1+t)^(-1)
    A 1 8  4 4  -4 0 0 4
     -(-1+t)^(-1)*(-1+t+s)
    A 1 8  4 3  -3 0 0 4
     -s
;
  A 1 8  4 4  -3 0 -1 4
   1
    A 1 8  4 4  -3 -1 0 4
     -1
    A 1 8  4 4  -4 0 0 4
     -1/2+1/2*t+1/2*s
    A 1 8  4 3  -3 0 0 4
     -1-1/2*t*mh^2+t-1/2*s*mh^2+1/2*mh^2
    A 1 8  3 3  -3 0 0 3
     1/2-1/2*t-1/2*s
;
  A 1 8  4 4  -2 -2 0 4
   1
    A 1 8  4 3  -1 -2 0 4
     mh^2
    A 1 8  3 3  -1 -2 0 3
     -1/3-1/3*d
    A 1 8  3 3  -2 -1 0 3
     -2/3
    A 1 8  3 2  0 -2 0 3
     -2/3
    A 1 8  3 2  -1 -1 0 3
     -4/3
;
  A 1 8  4 4  -2 -2 0 4
   1
    A 1 8  4 3  -1 -2 0 4
     -mh^2
    A 1 8  3 3  -1 -2 0 3
     -4/3
    A 1 8  3 3  -2 -1 0 3
     -2/3
    A 1 8  3 2  0 -2 0 3
     -2/3+1/3*mh^2
    A 1 8  3 2  -1 -1 0 3
     -2/3-2/3*t+2/3*mh^2
    A 1 8  2 2  0 -2 0 2
     1/3
    A 1 8  2 2  -1 -1 0 2
     2/3
;
  A 1 8  4 4  -2 -2 0 4
   1
    A 1 8  4 4  -3 -1 0 4
     -1/2-1/2*t
    A 1 8  4 3  -2 -1 0 4
     1+1/2*t*mh^2-t-1/2*mh^2
    A 1 8  3 3  -2 -1 0 3
     -2/3+2/3*t
    A 1 8  3 3  -3 0 0 3
     1/6-1/6*t
;
  A 1 8  4 4  -2 -2 0 4
   1
    A 1 8  4 4  -3 -1 0 4
     -1
    A 1 8  4 3  -2 -1 0 4
     1-t
    A 1 8  3 3  -1 -2 0 3
     -2/3
    A 1 8  3 3  -2 -1 0 3
     1/3
    A 1 8  3 3  -3 0 0 3
     1/3
;
  A 1 8  4 4  -2 -1 -1 4
   1
    A 1 8  4 3  -1 -1 -1 4
     mh^2
    A 1 8  3 3  -1 -1 -1 3
     -1/3-1/3*d
    A 1 8  3 3  -2 0 -1 3
     -1/3
    A 1 8  3 3  -2 -1 0 3
     -1/3
    A 1 8  3 2  0 -1 -1 3
     -2/3
    A 1 8  3 2  -1 0 -1 3
     -2/3
    A 1 8  3 2  -1 -1 0 3
     -2/3+1/3*s
;
  A 1 8  4 4  -2 -1 -1 4
   1
    A 1 8  4 3  -1 -1 -1 4
     -mh^2
    A 1 8  3 3  -1 -1 -1 3
     -4/3
    A 1 8  3 3  -2 0 -1 3
     -1/3
    A 1 8  3 3  -2 -1 0 3
     -1/3
    A 1 8  3 2  0 -1 -1 3
     -2/3+1/3*mh^2
    A 1 8  3 2  -1 0 -1 3
     -1/3-1/3*t+1/3*mh^2
    A 1 8  3 2  -1 -1 0 3
     -2/3+1/3*s+1/3*mh^2
    A 1 8  2 2  0 -1 -1 2
     1/3
    A 1 8  2 2  -1 0 -1 2
     1/3
    A 1 8  2 2  -1 -1 0 2
     1/3
;
  A 1 8  4 4  -2 -1 -1 4
   1
    A 1 8  4 4  -3 0 -1 4
     -1/2-1/2*t
    A 1 8  4 3  -2 0 -1 4
     1+1/2*t*mh^2-t-1/2*mh^2
    A 1 8  3 3  -2 0 -1 3
     -1/2+1/2*t
    A 1 8  3 3  -2 -1 0 3
     -1/6*s
    A 1 8  3 2  -2 0 0 3
     -1/3*s+1/6*s*mh^2
    A 1 8  2 2  -2 0 0 2
     1/6*s
;
  A 1 8  4 4  -2 -1 -1 4
   1
    A 1 8  4 4  -3 0 -1 4
     -1
    A 1 8  4 3  -2 0 -1 4
     1-t
    A 1 8  3 3  -1 -1 -1 3
     -2/3
    A 1 8  3 3  -2 0 -1 3
     2/3
    A 1 8  3 3  -2 -1 0 3
     -1/3
    A 1 8  3 3  -3 0 0 3
     1/3
    A 1 8  3 2  -2 0 0 3
     -1/3*s
;
  A 1 8  4 4  -2 -1 -1 4
   1
    A 1 8  4 4  -2 -2 0 4
     -1
    A 1 8  4 3  -2 -1 0 4
     -1+t
    A 1 8  3 3  -1 -1 -1 3
     -2/3
    A 1 8  3 3  -1 -2 0 3
     2/3
    A 1 8  3 3  -2 0 -1 3
     -1/3
    A 1 8  3 3  -2 -1 0 3
     1/3
    A 1 8  3 2  -1 -1 0 3
     2/3*s
;
  A 1 8  4 4  -2 -1 -1 4
   1
    A 1 8  4 4  -2 -2 0 4
     s*(-1+t)^(-1)
    A 1 8  4 4  -3 -1 0 4
     -(-1+t)^(-1)*(-1+t+s)
    A 1 8  4 3  -2 -1 0 4
     -s
    A 1 8  3 3  -2 -1 0 3
     -1/3*s*(-1+t)^(-1)
    A 1 8  3 3  -3 0 0 3
     1/3*s*(-1+t)^(-1)
;
  A 1 8  4 4  -2 -1 -1 4
   1
    A 1 8  4 4  -2 -2 0 4
     -1
    A 1 8  4 4  -3 -1 0 4
     -1/2+1/2*t+1/2*s
    A 1 8  4 3  -2 -1 0 4
     -1-1/2*t*mh^2+t-1/2*s*mh^2+1/2*mh^2
    A 1 8  3 3  -2 0 -1 3
     -1/6+1/6*t
    A 1 8  3 3  -2 -1 0 3
     2/3-2/3*t-1/2*s
    A 1 8  3 3  -3 0 0 3
     -1/6*s
    A 1 8  3 2  -2 0 0 3
     -1/6*(1+t-mh^2)*s
    A 1 8  2 2  -2 0 0 2
     1/6*s
;
  A 1 8  4 4  -2 0 -2 4
   1
    A 1 8  4 3  -1 0 -2 4
     mh^2
    A 1 8  3 3  -1 0 -2 3
     -1/3-1/3*d
    A 1 8  3 3  -2 0 -1 3
     -2/3
    A 1 8  3 2  0 0 -2 3
     -2/3
    A 1 8  3 2  -1 0 -1 3
     -4/3+2/3*s
;
  A 1 8  4 4  -2 0 -2 4
   1
    A 1 8  4 3  -1 0 -2 4
     -mh^2
    A 1 8  3 3  -1 0 -2 3
     -4/3
    A 1 8  3 3  -2 0 -1 3
     -2/3
    A 1 8  3 2  0 0 -2 3
     -2/3+1/3*mh^2
    A 1 8  3 2  -1 0 -1 3
     -4/3+2/3*s+2/3*mh^2
    A 1 8  2 2  0 0 -2 2
     1/3
    A 1 8  2 2  -1 0 -1 2
     2/3
;
  A 1 8  4 4  -2 0 -2 4
   1
    A 1 8  4 4  -2 -1 -1 4
     -1
    A 1 8  4 3  -2 0 -1 4
     -1+t
    A 1 8  3 3  -1 0 -2 3
     -2/3
    A 1 8  3 3  -1 -1 -1 3
     2/3
    A 1 8  3 3  -2 0 -1 3
     -1/3
    A 1 8  3 3  -2 -1 0 3
     1/3
    A 1 8  3 2  -1 0 -1 3
     2/3*s
;
  A 1 8  4 4  -2 0 -2 4
   1
    A 1 8  4 4  -2 -1 -1 4
     s*(-1+t)^(-1)
    A 1 8  4 4  -3 0 -1 4
     -(-1+t)^(-1)*(-1+t+s)
    A 1 8  4 3  -2 0 -1 4
     -s
    A 1 8  3 3  -2 0 -1 3
     1/3*s*(-1+t)^(-1)
    A 1 8  3 3  -2 -1 0 3
     -2/3*s*(-1+t)^(-1)
    A 1 8  3 3  -3 0 0 3
     1/3*s*(-1+t)^(-1)
    A 1 8  3 2  -2 0 0 3
     -1/3*s^2*(-1+t)^(-1)
;
  A 1 8  4 4  -2 0 -2 4
   1
    A 1 8  4 4  -2 -1 -1 4
     -1
    A 1 8  4 4  -3 0 -1 4
     -1/2+1/2*t+1/2*s
    A 1 8  4 3  -2 0 -1 4
     -1-1/2*t*mh^2+t-1/2*s*mh^2+1/2*mh^2
    A 1 8  3 3  -2 0 -1 3
     1/2-1/2*t-2/3*s
    A 1 8  3 3  -2 -1 0 3
     1/6*s
    A 1 8  3 3  -3 0 0 3
     -1/6*s
    A 1 8  3 2  -2 0 0 3
     1/6*(-2+s+mh^2)*s
    A 1 8  2 2  -2 0 0 2
     1/6*s
;
  A 1 8  4 4  -1 -3 0 4
   1
    A 1 8  4 3  0 -3 0 4
     mh^2
    A 1 8  3 3  0 -3 0 3
     -1/3*d
    A 1 8  3 3  -1 -2 0 3
     -1
    A 1 8  3 2  0 -2 0 3
     -2
;
  A 1 8  4 4  -1 -3 0 4
   1
    A 1 8  4 3  0 -3 0 4
     -mh^2
    A 1 8  3 3  0 -3 0 3
     -1
    A 1 8  3 3  -1 -2 0 3
     -1
    A 1 8  3 2  0 -2 0 3
     -1-t+mh^2
    A 1 8  2 2  0 -2 0 2
     1
;
  A 1 8  4 4  -1 -3 0 4
   1
    A 1 8  4 4  -2 -2 0 4
     -1/2-1/2*t
    A 1 8  4 3  -1 -2 0 4
     1+1/2*t*mh^2-t-1/2*mh^2
    A 1 8  3 3  -1 -2 0 3
     -5/6+5/6*t
    A 1 8  3 3  -2 -1 0 3
     1/3-1/3*t
;
  A 1 8  4 4  -1 -3 0 4
   1
    A 1 8  4 4  -2 -2 0 4
     -1
    A 1 8  4 3  -1 -2 0 4
     1-t
    A 1 8  3 3  0 -3 0 3
     -1/3
    A 1 8  3 3  -1 -2 0 3
     -1/3
    A 1 8  3 3  -2 -1 0 3
     2/3
;
  A 1 8  4 4  -1 -2 -1 4
   1
    A 1 8  4 3  0 -2 -1 4
     mh^2
    A 1 8  3 3  0 -2 -1 3
     -1/3*d
    A 1 8  3 3  -1 -1 -1 3
     -2/3
    A 1 8  3 3  -1 -2 0 3
     -1/3
    A 1 8  3 2  0 -1 -1 3
     -4/3
    A 1 8  3 2  0 -2 0 3
     -2/3+1/3*s
;
  A 1 8  4 4  -1 -2 -1 4
   1
    A 1 8  4 3  0 -2 -1 4
     -mh^2
    A 1 8  3 3  0 -2 -1 3
     -1
    A 1 8  3 3  -1 -1 -1 3
     -2/3
    A 1 8  3 3  -1 -2 0 3
     -1/3
    A 1 8  3 2  0 -1 -1 3
     -2/3-2/3*t+2/3*mh^2
    A 1 8  3 2  0 -2 0 3
     -2/3+1/3*s+1/3*mh^2
    A 1 8  2 2  0 -1 -1 2
     2/3
    A 1 8  2 2  0 -2 0 2
     1/3
;
  A 1 8  4 4  -1 -2 -1 4
   1
    A 1 8  4 4  -2 -1 -1 4
     -1/2-1/2*t
    A 1 8  4 3  -1 -1 -1 4
     1+1/2*t*mh^2-t-1/2*mh^2
    A 1 8  3 3  -1 -1 -1 3
     -2/3+2/3*t
    A 1 8  3 3  -1 -2 0 3
     -1/6*s
    A 1 8  3 3  -2 0 -1 3
     1/6-1/6*t
    A 1 8  3 2  -1 -1 0 3
     -1/3*s+1/6*s*mh^2
    A 1 8  2 2  -1 -1 0 2
     1/6*s
;
  A 1 8  4 4  -1 -2 -1 4
   1
    A 1 8  4 4  -2 -1 -1 4
     -1
    A 1 8  4 3  -1 -1 -1 4
     1-t
    A 1 8  3 3  0 -2 -1 3
     -1/3
    A 1 8  3 3  -1 -2 0 3
     -1/3
    A 1 8  3 3  -2 0 -1 3
     1/3
    A 1 8  3 3  -2 -1 0 3
     1/3
    A 1 8  3 2  -1 -1 0 3
     -1/3*s
;
  A 1 8  4 4  -1 -2 -1 4
   1
    A 1 8  4 4  -1 -3 0 4
     -1
    A 1 8  4 3  -1 -2 0 4
     -1+t
    A 1 8  3 3  0 -2 -1 3
     -1/3
    A 1 8  3 3  0 -3 0 3
     1/3
    A 1 8  3 3  -1 -1 -1 3
     -2/3
    A 1 8  3 3  -1 -2 0 3
     2/3
    A 1 8  3 2  0 -2 0 3
     1/3*s
;
  A 1 8  4 4  -1 -2 -1 4
   1
    A 1 8  4 4  -1 -3 0 4
     s*(-1+t)^(-1)
    A 1 8  4 4  -2 -2 0 4
     -(-1+t)^(-1)*(-1+t+s)
    A 1 8  4 3  -1 -2 0 4
     -s
    A 1 8  3 3  -1 -2 0 3
     -2/3*s*(-1+t)^(-1)
    A 1 8  3 3  -2 -1 0 3
     2/3*s*(-1+t)^(-1)
;
  A 1 8  4 4  -1 -2 -1 4
   1
    A 1 8  4 4  -1 -3 0 4
     -1
    A 1 8  4 4  -2 -2 0 4
     -1/2+1/2*t+1/2*s
    A 1 8  4 3  -1 -2 0 4
     -1-1/2*t*mh^2+t-1/2*s*mh^2+1/2*mh^2
    A 1 8  3 3  -1 -1 -1 3
     -1/3+1/3*t
    A 1 8  3 3  -1 -2 0 3
     5/6-5/6*t-1/2*s
    A 1 8  3 3  -2 -1 0 3
     -1/3*s
    A 1 8  3 2  -1 -1 0 3
     -1/3*(1+t-mh^2)*s
    A 1 8  2 2  -1 -1 0 2
     1/3*s
;
  A 1 8  4 4  -1 -1 -2 4
   1
    A 1 8  4 3  0 -1 -2 4
     mh^2
    A 1 8  3 3  0 -1 -2 3
     -1/3*d
    A 1 8  3 3  -1 0 -2 3
     -1/3
    A 1 8  3 3  -1 -1 -1 3
     -2/3
    A 1 8  3 2  0 0 -2 3
     -2/3
    A 1 8  3 2  0 -1 -1 3
     -4/3+2/3*s
;
  A 1 8  4 4  -1 -1 -2 4
   1
    A 1 8  4 3  0 -1 -2 4
     -mh^2
    A 1 8  3 3  0 -1 -2 3
     -1
    A 1 8  3 3  -1 0 -2 3
     -1/3
    A 1 8  3 3  -1 -1 -1 3
     -2/3
    A 1 8  3 2  0 0 -2 3
     -1/3-1/3*t+1/3*mh^2
    A 1 8  3 2  0 -1 -1 3
     -4/3+2/3*s+2/3*mh^2
    A 1 8  2 2  0 0 -2 2
     1/3
    A 1 8  2 2  0 -1 -1 2
     2/3
;
  A 1 8  4 4  -1 -1 -2 4
   1
    A 1 8  4 4  -2 0 -2 4
     -1/2-1/2*t
    A 1 8  4 3  -1 0 -2 4
     1+1/2*t*mh^2-t-1/2*mh^2
    A 1 8  3 3  -1 0 -2 3
     -1/2+1/2*t
    A 1 8  3 3  -1 -1 -1 3
     -1/3*s
    A 1 8  3 2  -1 0 -1 3
     -2/3*s+1/3*s*mh^2
    A 1 8  2 2  -1 0 -1 2
     1/3*s
;
  A 1 8  4 4  -1 -1 -2 4
   1
    A 1 8  4 4  -2 0 -2 4
     -1
    A 1 8  4 3  -1 0 -2 4
     1-t
    A 1 8  3 3  0 -1 -2 3
     -1/3
    A 1 8  3 3  -1 0 -2 3
     1/3
    A 1 8  3 3  -1 -1 -1 3
     -2/3
    A 1 8  3 3  -2 0 -1 3
     2/3
    A 1 8  3 2  -1 0 -1 3
     -2/3*s
;
  A 1 8  4 4  -1 -1 -2 4
   1
    A 1 8  4 4  -1 -2 -1 4
     -1
    A 1 8  4 3  -1 -1 -1 4
     -1+t
    A 1 8  3 3  0 -1 -2 3
     -1/3
    A 1 8  3 3  0 -2 -1 3
     1/3
    A 1 8  3 3  -1 0 -2 3
     -1/3
    A 1 8  3 3  -1 -2 0 3
     1/3
    A 1 8  3 2  0 -1 -1 3
     1/3*s
;
  A 1 8  4 4  -1 -1 -2 4
   1
    A 1 8  4 4  -1 -2 -1 4
     s*(-1+t)^(-1)
    A 1 8  4 4  -2 -1 -1 4
     -(-1+t)^(-1)*(-1+t+s)
    A 1 8  4 3  -1 -1 -1 4
     -s
    A 1 8  3 3  -1 -2 0 3
     -2/3*s*(-1+t)^(-1)
    A 1 8  3 3  -2 0 -1 3
     1/3*s*(-1+t)^(-1)
    A 1 8  3 3  -2 -1 0 3
     1/3*s*(-1+t)^(-1)
    A 1 8  3 2  -1 -1 0 3
     -1/3*s^2*(-1+t)^(-1)
;
  A 1 8  4 4  -1 -1 -2 4
   1
    A 1 8  4 4  -1 -2 -1 4
     -1
    A 1 8  4 4  -2 -1 -1 4
     -1/2+1/2*t+1/2*s
    A 1 8  4 3  -1 -1 -1 4
     -1-1/2*t*mh^2+t-1/2*s*mh^2+1/2*mh^2
    A 1 8  3 3  -1 0 -2 3
     -1/6+1/6*t
    A 1 8  3 3  -1 -1 -1 3
     2/3-2/3*t-2/3*s
    A 1 8  3 3  -1 -2 0 3
     1/6*s
    A 1 8  3 3  -2 0 -1 3
     -1/6*s
    A 1 8  3 3  -2 -1 0 3
     -1/6*s
    A 1 8  3 2  -1 0 -1 3
     -1/6*(1+t-mh^2)*s
    A 1 8  3 2  -1 -1 0 3
     1/6*(-2+s+mh^2)*s
    A 1 8  2 2  -1 0 -1 2
     1/6*s
    A 1 8  2 2  -1 -1 0 2
     1/6*s
;
  A 1 8  4 4  -1 0 -3 4
   1
    A 1 8  4 3  0 0 -3 4
     mh^2
    A 1 8  3 3  0 0 -3 3
     -1/3*d
    A 1 8  3 3  -1 0 -2 3
     -1
    A 1 8  3 2  0 0 -2 3
     -2+s
;
  A 1 8  4 4  -1 0 -3 4
   1
    A 1 8  4 3  0 0 -3 4
     -mh^2
    A 1 8  3 3  0 0 -3 3
     -1
    A 1 8  3 3  -1 0 -2 3
     -1
    A 1 8  3 2  0 0 -2 3
     -2+s+mh^2
    A 1 8  2 2  0 0 -2 2
     1
;
  A 1 8  4 4  -1 0 -3 4
   1
    A 1 8  4 4  -1 -1 -2 4
     -1
    A 1 8  4 3  -1 0 -2 4
     -1+t
    A 1 8  3 3  0 0 -3 3
     -1/3
    A 1 8  3 3  0 -1 -2 3
     1/3
    A 1 8  3 3  -1 0 -2 3
     -2/3
    A 1 8  3 3  -1 -1 -1 3
     2/3
    A 1 8  3 2  0 0 -2 3
     1/3*s
;
  A 1 8  4 4  -1 0 -3 4
   1
    A 1 8  4 4  -1 -1 -2 4
     s*(-1+t)^(-1)
    A 1 8  4 4  -2 0 -2 4
     -(-1+t)^(-1)*(-1+t+s)
    A 1 8  4 3  -1 0 -2 4
     -s
    A 1 8  3 3  -1 0 -2 3
     2/3*s*(-1+t)^(-1)
    A 1 8  3 3  -1 -1 -1 3
     -4/3*s*(-1+t)^(-1)
    A 1 8  3 3  -2 0 -1 3
     2/3*s*(-1+t)^(-1)
    A 1 8  3 2  -1 0 -1 3
     -2/3*s^2*(-1+t)^(-1)
;
  A 1 8  4 4  -1 0 -3 4
   1
    A 1 8  4 4  -1 -1 -2 4
     -1
    A 1 8  4 4  -2 0 -2 4
     -1/2+1/2*t+1/2*s
    A 1 8  4 3  -1 0 -2 4
     -1-1/2*t*mh^2+t-1/2*s*mh^2+1/2*mh^2
    A 1 8  3 3  -1 0 -2 3
     1/2-1/2*t-5/6*s
    A 1 8  3 3  -1 -1 -1 3
     1/3*s
    A 1 8  3 3  -2 0 -1 3
     -1/3*s
    A 1 8  3 2  -1 0 -1 3
     1/3*(-2+s+mh^2)*s
    A 1 8  2 2  -1 0 -1 2
     1/3*s
;
  A 1 8  4 4  0 -4 0 4
   1
    A 1 8  4 4  -1 -3 0 4
     -1
    A 1 8  4 3  0 -3 0 4
     1-t
    A 1 8  3 3  0 -3 0 3
     -1
    A 1 8  3 3  -1 -2 0 3
     1
;
  A 1 8  4 4  0 -4 0 4
   1
    A 1 8  4 4  -1 -3 0 4
     -1/2-1/2*t
    A 1 8  4 3  0 -3 0 4
     1+1/2*t*mh^2-t-1/2*mh^2
    A 1 8  3 3  0 -3 0 3
     -1+t
    A 1 8  3 3  -1 -2 0 3
     1/2-1/2*t
;
  A 1 8  4 4  0 -3 -1 4
   1
    A 1 8  4 4  -1 -2 -1 4
     -1/2-1/2*t
    A 1 8  4 3  0 -2 -1 4
     1+1/2*t*mh^2-t-1/2*mh^2
    A 1 8  3 3  0 -2 -1 3
     -5/6+5/6*t
    A 1 8  3 3  0 -3 0 3
     -1/6*s
    A 1 8  3 3  -1 -1 -1 3
     1/3-1/3*t
    A 1 8  3 2  0 -2 0 3
     -1/3*s+1/6*s*mh^2
    A 1 8  2 2  0 -2 0 2
     1/6*s
;
  A 1 8  4 4  0 -3 -1 4
   1
    A 1 8  4 4  -1 -2 -1 4
     -1
    A 1 8  4 3  0 -2 -1 4
     1-t
    A 1 8  3 3  0 -2 -1 3
     -2/3
    A 1 8  3 3  0 -3 0 3
     -1/3
    A 1 8  3 3  -1 -1 -1 3
     2/3
    A 1 8  3 3  -1 -2 0 3
     1/3
    A 1 8  3 2  0 -2 0 3
     -1/3*s
;
  A 1 8  4 4  0 -3 -1 4
   1
    A 1 8  4 4  0 -4 0 4
     -1
    A 1 8  4 3  0 -3 0 4
     -1+t
    A 1 8  3 3  0 -2 -1 3
     -1
    A 1 8  3 3  0 -3 0 3
     1
;
  A 1 8  4 4  0 -3 -1 4
   1
    A 1 8  4 4  0 -4 0 4
     s*(-1+t)^(-1)
    A 1 8  4 4  -1 -3 0 4
     -(-1+t)^(-1)*(-1+t+s)
    A 1 8  4 3  0 -3 0 4
     -s
    A 1 8  3 3  0 -3 0 3
     -s*(-1+t)^(-1)
    A 1 8  3 3  -1 -2 0 3
     s*(-1+t)^(-1)
;
  A 1 8  4 4  0 -3 -1 4
   1
    A 1 8  4 4  0 -4 0 4
     -1
    A 1 8  4 4  -1 -3 0 4
     -1/2+1/2*t+1/2*s
    A 1 8  4 3  0 -3 0 4
     -1-1/2*t*mh^2+t-1/2*s*mh^2+1/2*mh^2
    A 1 8  3 3  0 -2 -1 3
     -1/2+1/2*t
    A 1 8  3 3  0 -3 0 3
     1-t-1/2*s
    A 1 8  3 3  -1 -2 0 3
     -1/2*s
    A 1 8  3 2  0 -2 0 3
     -1/2*(1+t-mh^2)*s
    A 1 8  2 2  0 -2 0 2
     1/2*s
;
  A 1 8  4 4  0 -2 -2 4
   1
    A 1 8  4 4  -1 -1 -2 4
     -1/2-1/2*t
    A 1 8  4 3  0 -1 -2 4
     1+1/2*t*mh^2-t-1/2*mh^2
    A 1 8  3 3  0 -1 -2 3
     -2/3+2/3*t
    A 1 8  3 3  0 -2 -1 3
     -1/3*s
    A 1 8  3 3  -1 0 -2 3
     1/6-1/6*t
    A 1 8  3 2  0 -1 -1 3
     -2/3*s+1/3*s*mh^2
    A 1 8  2 2  0 -1 -1 2
     1/3*s
;
  A 1 8  4 4  0 -2 -2 4
   1
    A 1 8  4 4  -1 -1 -2 4
     -1
    A 1 8  4 3  0 -1 -2 4
     1-t
    A 1 8  3 3  0 -1 -2 3
     -1/3
    A 1 8  3 3  0 -2 -1 3
     -2/3
    A 1 8  3 3  -1 0 -2 3
     1/3
    A 1 8  3 3  -1 -1 -1 3
     2/3
    A 1 8  3 2  0 -1 -1 3
     -2/3*s
;
  A 1 8  4 4  0 -2 -2 4
   1
    A 1 8  4 4  0 -3 -1 4
     -1
    A 1 8  4 3  0 -2 -1 4
     -1+t
    A 1 8  3 3  0 -1 -2 3
     -2/3
    A 1 8  3 3  0 -2 -1 3
     1/3
    A 1 8  3 3  0 -3 0 3
     1/3
;
  A 1 8  4 4  0 -2 -2 4
   1
    A 1 8  4 4  0 -3 -1 4
     s*(-1+t)^(-1)
    A 1 8  4 4  -1 -2 -1 4
     -(-1+t)^(-1)*(-1+t+s)
    A 1 8  4 3  0 -2 -1 4
     -s
    A 1 8  3 3  0 -2 -1 3
     -1/3*s*(-1+t)^(-1)
    A 1 8  3 3  0 -3 0 3
     -2/3*s*(-1+t)^(-1)
    A 1 8  3 3  -1 -1 -1 3
     2/3*s*(-1+t)^(-1)
    A 1 8  3 3  -1 -2 0 3
     1/3*s*(-1+t)^(-1)
    A 1 8  3 2  0 -2 0 3
     -1/3*s^2*(-1+t)^(-1)
;
  A 1 8  4 4  0 -2 -2 4
   1
    A 1 8  4 4  0 -3 -1 4
     -1
    A 1 8  4 4  -1 -2 -1 4
     -1/2+1/2*t+1/2*s
    A 1 8  4 3  0 -2 -1 4
     -1-1/2*t*mh^2+t-1/2*s*mh^2+1/2*mh^2
    A 1 8  3 3  0 -1 -2 3
     -1/3+1/3*t
    A 1 8  3 3  0 -2 -1 3
     5/6-5/6*t-2/3*s
    A 1 8  3 3  0 -3 0 3
     1/6*s
    A 1 8  3 3  -1 -1 -1 3
     -1/3*s
    A 1 8  3 3  -1 -2 0 3
     -1/6*s
    A 1 8  3 2  0 -1 -1 3
     -1/3*(1+t-mh^2)*s
    A 1 8  3 2  0 -2 0 3
     1/6*(-2+s+mh^2)*s
    A 1 8  2 2  0 -1 -1 2
     1/3*s
    A 1 8  2 2  0 -2 0 2
     1/6*s
;
  A 1 8  4 4  0 -1 -3 4
   1
    A 1 8  4 4  -1 0 -3 4
     -1
    A 1 8  4 3  0 0 -3 4
     1-t
    A 1 8  3 3  0 -1 -2 3
     -1
    A 1 8  3 3  -1 0 -2 3
     1
    A 1 8  3 2  0 0 -2 3
     -s
;
  A 1 8  4 4  0 -1 -3 4
   1
    A 1 8  4 4  -1 0 -3 4
     -1/2-1/2*t
    A 1 8  4 3  0 0 -3 4
     1+1/2*t*mh^2-t-1/2*mh^2
    A 1 8  3 3  0 0 -3 3
     -1/2+1/2*t
    A 1 8  3 3  0 -1 -2 3
     -1/2*s
    A 1 8  3 2  0 0 -2 3
     -s+1/2*s*mh^2
    A 1 8  2 2  0 0 -2 2
     1/2*s
;
  A 1 8  4 4  0 -1 -3 4
   1
    A 1 8  4 4  0 -2 -2 4
     -1
    A 1 8  4 3  0 -1 -2 4
     -1+t
    A 1 8  3 3  0 0 -3 3
     -1/3
    A 1 8  3 3  0 -1 -2 3
     -1/3
    A 1 8  3 3  0 -2 -1 3
     2/3
;
  A 1 8  4 4  0 -1 -3 4
   1
    A 1 8  4 4  0 -2 -2 4
     s*(-1+t)^(-1)
    A 1 8  4 4  -1 -1 -2 4
     -(-1+t)^(-1)*(-1+t+s)
    A 1 8  4 3  0 -1 -2 4
     -s
    A 1 8  3 3  0 -1 -2 3
     1/3*s*(-1+t)^(-1)
    A 1 8  3 3  0 -2 -1 3
     -4/3*s*(-1+t)^(-1)
    A 1 8  3 3  -1 0 -2 3
     1/3*s*(-1+t)^(-1)
    A 1 8  3 3  -1 -1 -1 3
     2/3*s*(-1+t)^(-1)
    A 1 8  3 2  0 -1 -1 3
     -2/3*s^2*(-1+t)^(-1)
;
  A 1 8  4 4  0 -1 -3 4
   1
    A 1 8  4 4  0 -2 -2 4
     -1
    A 1 8  4 4  -1 -1 -2 4
     -1/2+1/2*t+1/2*s
    A 1 8  4 3  0 -1 -2 4
     -1-1/2*t*mh^2+t-1/2*s*mh^2+1/2*mh^2
    A 1 8  3 3  0 0 -3 3
     -1/6+1/6*t
    A 1 8  3 3  0 -1 -2 3
     2/3-2/3*t-5/6*s
    A 1 8  3 3  0 -2 -1 3
     1/3*s
    A 1 8  3 3  -1 0 -2 3
     -1/6*s
    A 1 8  3 3  -1 -1 -1 3
     -1/3*s
    A 1 8  3 2  0 0 -2 3
     -1/6*(1+t-mh^2)*s
    A 1 8  3 2  0 -1 -1 3
     1/3*(-2+s+mh^2)*s
    A 1 8  2 2  0 0 -2 2
     1/6*s
    A 1 8  2 2  0 -1 -1 2
     1/3*s
;
  A 1 8  4 4  0 0 -4 4
   1
    A 1 8  4 4  0 -1 -3 4
     -1
    A 1 8  4 3  0 0 -3 4
     -1+t
    A 1 8  3 3  0 0 -3 3
     -1
    A 1 8  3 3  0 -1 -2 3
     1
;
  A 1 8  4 4  0 0 -4 4
   1
    A 1 8  4 4  0 -1 -3 4
     s*(-1+t)^(-1)
    A 1 8  4 4  -1 0 -3 4
     -(-1+t)^(-1)*(-1+t+s)
    A 1 8  4 3  0 0 -3 4
     -s
    A 1 8  3 3  0 0 -3 3
     s*(-1+t)^(-1)
    A 1 8  3 3  0 -1 -2 3
     -2*s*(-1+t)^(-1)
    A 1 8  3 3  -1 0 -2 3
     s*(-1+t)^(-1)
    A 1 8  3 2  0 0 -2 3
     -s^2*(-1+t)^(-1)
;
  A 1 8  4 4  0 0 -4 4
   1
    A 1 8  4 4  0 -1 -3 4
     -1
    A 1 8  4 4  -1 0 -3 4
     -1/2+1/2*t+1/2*s
    A 1 8  4 3  0 0 -3 4
     -1-1/2*t*mh^2+t-1/2*s*mh^2+1/2*mh^2
    A 1 8  3 3  0 0 -3 3
     1/2-1/2*t-s
    A 1 8  3 3  0 -1 -2 3
     1/2*s
    A 1 8  3 3  -1 0 -2 3
     -1/2*s
    A 1 8  3 2  0 0 -2 3
     1/2*(-2+s+mh^2)*s
    A 1 8  2 2  0 0 -2 2
     1/2*s
;
  A 1 8  5 1  -1 0 0 5
   1
    A 1 8  5 0  0 0 0 5
     -mh^2
    A 1 8  4 0  0 0 0 4
     -1
;
  A 1 8  5 1  -1 0 0 5
   1
    A 1 8  5 0  0 0 0 5
     mh^2
    A 1 8  4 0  0 0 0 4
     1-1/4*d
;
  A 1 8  5 1  0 -1 0 5
   1
    A 1 8  5 1  -1 0 0 5
     -1
    A 1 8  5 0  0 0 0 5
     1-t
;
  A 1 8  5 1  0 -1 0 5
   1
    A 1 8  5 1  -1 0 0 5
     -1/2-1/2*t
    A 1 8  5 0  0 0 0 5
     1+1/2*t*mh^2-t-1/2*mh^2
    A 1 8  4 0  0 0 0 4
     -1/2+1/2*t
;
  A 1 8  5 1  0 0 -1 5
   1
    A 1 8  5 1  0 -1 0 5
     -1
    A 1 8  5 0  0 0 0 5
     -1+t
;
  A 1 8  5 1  0 0 -1 5
   1
    A 1 8  5 1  0 -1 0 5
     s*(-1+t)^(-1)
    A 1 8  5 1  -1 0 0 5
     -(-1+t)^(-1)*(-1+t+s)
    A 1 8  5 0  0 0 0 5
     -s
;
  A 1 8  5 1  0 0 -1 5
   1
    A 1 8  5 1  0 -1 0 5
     -1
    A 1 8  5 1  -1 0 0 5
     -1/2+1/2*t+1/2*s
    A 1 8  5 0  0 0 0 5
     -1-1/2*t*mh^2+t-1/2*s*mh^2+1/2*mh^2
    A 1 8  4 0  0 0 0 4
     1/2-1/2*t-1/2*s
;
  A 1 8  5 2  -2 0 0 5
   1
    A 1 8  5 1  -1 0 0 5
     mh^2
    A 1 8  4 1  -1 0 0 4
     1/2-1/4*d
    A 1 8  4 0  0 0 0 4
     -1/2
;
  A 1 8  5 2  -2 0 0 5
   1
    A 1 8  5 1  -1 0 0 5
     -mh^2
    A 1 8  4 1  -1 0 0 4
     -5/4
    A 1 8  4 0  0 0 0 4
     -1/2+1/4*mh^2
    A 1 8  3 0  0 0 0 3
     1/4
;
  A 1 8  5 2  -1 -1 0 5
   1
    A 1 8  5 1  0 -1 0 5
     mh^2
    A 1 8  4 1  0 -1 0 4
     3/4-1/4*d
    A 1 8  4 1  -1 0 0 4
     -1/4
    A 1 8  4 0  0 0 0 4
     -1/2
;
  A 1 8  5 2  -1 -1 0 5
   1
    A 1 8  5 1  0 -1 0 5
     -mh^2
    A 1 8  4 1  0 -1 0 4
     -1
    A 1 8  4 1  -1 0 0 4
     -1/4
    A 1 8  4 0  0 0 0 4
     -1/4-1/4*t+1/4*mh^2
    A 1 8  3 0  0 0 0 3
     1/4
;
  A 1 8  5 2  -1 -1 0 5
   1
    A 1 8  5 2  -2 0 0 5
     -1/2-1/2*t
    A 1 8  5 1  -1 0 0 5
     1+1/2*t*mh^2-t-1/2*mh^2
    A 1 8  4 1  -1 0 0 4
     -1/2+1/2*t
;
  A 1 8  5 2  -1 -1 0 5
   1
    A 1 8  5 2  -2 0 0 5
     -1
    A 1 8  5 1  -1 0 0 5
     1-t
    A 1 8  4 1  0 -1 0 4
     -1/4
    A 1 8  4 1  -1 0 0 4
     1/4
;
  A 1 8  5 2  -1 0 -1 5
   1
    A 1 8  5 1  0 0 -1 5
     mh^2
    A 1 8  4 1  0 0 -1 4
     3/4-1/4*d
    A 1 8  4 1  -1 0 0 4
     -1/4
    A 1 8  4 0  0 0 0 4
     -1/2+1/4*s
;
  A 1 8  5 2  -1 0 -1 5
   1
    A 1 8  5 1  0 0 -1 5
     -mh^2
    A 1 8  4 1  0 0 -1 4
     -1
    A 1 8  4 1  -1 0 0 4
     -1/4
    A 1 8  4 0  0 0 0 4
     -1/2+1/4*s+1/4*mh^2
    A 1 8  3 0  0 0 0 3
     1/4
;
  A 1 8  5 2  -1 0 -1 5
   1
    A 1 8  5 2  -1 -1 0 5
     -1
    A 1 8  5 1  -1 0 0 5
     -1+t
    A 1 8  4 1  0 0 -1 4
     -1/4
    A 1 8  4 1  0 -1 0 4
     1/4
    A 1 8  4 0  0 0 0 4
     1/4*s
;
  A 1 8  5 2  -1 0 -1 5
   1
    A 1 8  5 2  -1 -1 0 5
     s*(-1+t)^(-1)
    A 1 8  5 2  -2 0 0 5
     -(-1+t)^(-1)*(-1+t+s)
    A 1 8  5 1  -1 0 0 5
     -s
;
  A 1 8  5 2  -1 0 -1 5
   1
    A 1 8  5 2  -1 -1 0 5
     -1
    A 1 8  5 2  -2 0 0 5
     -1/2+1/2*t+1/2*s
    A 1 8  5 1  -1 0 0 5
     -1-1/2*t*mh^2+t-1/2*s*mh^2+1/2*mh^2
    A 1 8  4 1  -1 0 0 4
     1/2-1/2*t-1/2*s
;
  A 1 8  5 2  0 -2 0 5
   1
    A 1 8  5 2  -1 -1 0 5
     -1
    A 1 8  5 1  0 -1 0 5
     1-t
    A 1 8  4 1  0 -1 0 4
     -1/4
    A 1 8  4 1  -1 0 0 4
     1/4
;
  A 1 8  5 2  0 -2 0 5
   1
    A 1 8  5 2  -1 -1 0 5
     -1/2-1/2*t
    A 1 8  5 1  0 -1 0 5
     1+1/2*t*mh^2-t-1/2*mh^2
    A 1 8  4 1  0 -1 0 4
     -5/8+5/8*t
    A 1 8  4 1  -1 0 0 4
     1/8-1/8*t
;
  A 1 8  5 2  0 -1 -1 5
   1
    A 1 8  5 2  -1 0 -1 5
     -1
    A 1 8  5 1  0 0 -1 5
     1-t
    A 1 8  4 1  0 -1 0 4
     -1/4
    A 1 8  4 1  -1 0 0 4
     1/4
    A 1 8  4 0  0 0 0 4
     -1/4*s
;
  A 1 8  5 2  0 -1 -1 5
   1
    A 1 8  5 2  -1 0 -1 5
     -1/2-1/2*t
    A 1 8  5 1  0 0 -1 5
     1+1/2*t*mh^2-t-1/2*mh^2
    A 1 8  4 1  0 0 -1 4
     -1/2+1/2*t
    A 1 8  4 1  0 -1 0 4
     -1/8*s
    A 1 8  4 0  0 0 0 4
     -1/4*s+1/8*s*mh^2
    A 1 8  3 0  0 0 0 3
     1/8*s
;
  A 1 8  5 2  0 -1 -1 5
   1
    A 1 8  5 2  0 -2 0 5
     -1
    A 1 8  5 1  0 -1 0 5
     -1+t
    A 1 8  4 1  0 0 -1 4
     -1/4
    A 1 8  4 1  0 -1 0 4
     1/4
;
  A 1 8  5 2  0 -1 -1 5
   1
    A 1 8  5 2  0 -2 0 5
     s*(-1+t)^(-1)
    A 1 8  5 2  -1 -1 0 5
     -(-1+t)^(-1)*(-1+t+s)
    A 1 8  5 1  0 -1 0 5
     -s
    A 1 8  4 1  0 -1 0 4
     -1/4*s*(-1+t)^(-1)
    A 1 8  4 1  -1 0 0 4
     1/4*s*(-1+t)^(-1)
;
  A 1 8  5 2  0 -1 -1 5
   1
    A 1 8  5 2  0 -2 0 5
     -1
    A 1 8  5 2  -1 -1 0 5
     -1/2+1/2*t+1/2*s
    A 1 8  5 1  0 -1 0 5
     -1-1/2*t*mh^2+t-1/2*s*mh^2+1/2*mh^2
    A 1 8  4 1  0 0 -1 4
     -1/8+1/8*t
    A 1 8  4 1  0 -1 0 4
     5/8-5/8*t-1/2*s
    A 1 8  4 1  -1 0 0 4
     -1/8*s
    A 1 8  4 0  0 0 0 4
     -1/8*(1+t-mh^2)*s
    A 1 8  3 0  0 0 0 3
     1/8*s
;
  A 1 8  5 2  0 0 -2 5
   1
    A 1 8  5 2  0 -1 -1 5
     -1
    A 1 8  5 1  0 0 -1 5
     -1+t
    A 1 8  4 1  0 0 -1 4
     -1/4
    A 1 8  4 1  0 -1 0 4
     1/4
;
  A 1 8  5 2  0 0 -2 5
   1
    A 1 8  5 2  0 -1 -1 5
     s*(-1+t)^(-1)
    A 1 8  5 2  -1 0 -1 5
     -(-1+t)^(-1)*(-1+t+s)
    A 1 8  5 1  0 0 -1 5
     -s
    A 1 8  4 1  0 0 -1 4
     1/4*s*(-1+t)^(-1)
    A 1 8  4 1  0 -1 0 4
     -1/2*s*(-1+t)^(-1)
    A 1 8  4 1  -1 0 0 4
     1/4*s*(-1+t)^(-1)
    A 1 8  4 0  0 0 0 4
     -1/4*s^2*(-1+t)^(-1)
;
  A 1 8  5 2  0 0 -2 5
   1
    A 1 8  5 2  0 -1 -1 5
     -1
    A 1 8  5 2  -1 0 -1 5
     -1/2+1/2*t+1/2*s
    A 1 8  5 1  0 0 -1 5
     -1-1/2*t*mh^2+t-1/2*s*mh^2+1/2*mh^2
    A 1 8  4 1  0 0 -1 4
     1/2-1/2*t-5/8*s
    A 1 8  4 1  0 -1 0 4
     1/8*s
    A 1 8  4 1  -1 0 0 4
     -1/8*s
    A 1 8  4 0  0 0 0 4
     1/8*(-2+s+mh^2)*s
    A 1 8  3 0  0 0 0 3
     1/8*s
;
  A 1 8  5 3  -3 0 0 5
   1
    A 1 8  5 2  -2 0 0 5
     mh^2
    A 1 8  4 2  -2 0 0 4
     -1/4*d
    A 1 8  4 1  -1 0 0 4
     -1
;
  A 1 8  5 3  -3 0 0 5
   1
    A 1 8  5 2  -2 0 0 5
     -mh^2
    A 1 8  4 2  -2 0 0 4
     -3/2
    A 1 8  4 1  -1 0 0 4
     -1+1/2*mh^2
    A 1 8  3 1  -1 0 0 3
     1/2
;
  A 1 8  5 3  -2 -1 0 5
   1
    A 1 8  5 2  -1 -1 0 5
     mh^2
    A 1 8  4 2  -1 -1 0 4
     1/4-1/4*d
    A 1 8  4 2  -2 0 0 4
     -1/4
    A 1 8  4 1  0 -1 0 4
     -1/2
    A 1 8  4 1  -1 0 0 4
     -1/2
;
  A 1 8  5 3  -2 -1 0 5
   1
    A 1 8  5 2  -1 -1 0 5
     -mh^2
    A 1 8  4 2  -1 -1 0 4
     -5/4
    A 1 8  4 2  -2 0 0 4
     -1/4
    A 1 8  4 1  0 -1 0 4
     -1/2+1/4*mh^2
    A 1 8  4 1  -1 0 0 4
     -1/4-1/4*t+1/4*mh^2
    A 1 8  3 1  0 -1 0 3
     1/4
    A 1 8  3 1  -1 0 0 3
     1/4
;
  A 1 8  5 3  -2 -1 0 5
   1
    A 1 8  5 3  -3 0 0 5
     -1/2-1/2*t
    A 1 8  5 2  -2 0 0 5
     1+1/2*t*mh^2-t-1/2*mh^2
    A 1 8  4 2  -2 0 0 4
     -1/2+1/2*t
;
  A 1 8  5 3  -2 -1 0 5
   1
    A 1 8  5 3  -3 0 0 5
     -1
    A 1 8  5 2  -2 0 0 5
     1-t
    A 1 8  4 2  -1 -1 0 4
     -1/2
    A 1 8  4 2  -2 0 0 4
     1/2
;
  A 1 8  5 3  -2 0 -1 5
   1
    A 1 8  5 2  -1 0 -1 5
     mh^2
    A 1 8  4 2  -1 0 -1 4
     1/4-1/4*d
    A 1 8  4 2  -2 0 0 4
     -1/4
    A 1 8  4 1  0 0 -1 4
     -1/2
    A 1 8  4 1  -1 0 0 4
     -1/2+1/4*s
;
  A 1 8  5 3  -2 0 -1 5
   1
    A 1 8  5 2  -1 0 -1 5
     -mh^2
    A 1 8  4 2  -1 0 -1 4
     -5/4
    A 1 8  4 2  -2 0 0 4
     -1/4
    A 1 8  4 1  0 0 -1 4
     -1/2+1/4*mh^2
    A 1 8  4 1  -1 0 0 4
     -1/2+1/4*s+1/4*mh^2
    A 1 8  3 1  0 0 -1 3
     1/4
    A 1 8  3 1  -1 0 0 3
     1/4
;
  A 1 8  5 3  -2 0 -1 5
   1
    A 1 8  5 3  -2 -1 0 5
     -1
    A 1 8  5 2  -2 0 0 5
     -1+t
    A 1 8  4 2  -1 0 -1 4
     -1/2
    A 1 8  4 2  -1 -1 0 4
     1/2
    A 1 8  4 1  -1 0 0 4
     1/2*s
;
  A 1 8  5 3  -2 0 -1 5
   1
    A 1 8  5 3  -2 -1 0 5
     s*(-1+t)^(-1)
    A 1 8  5 3  -3 0 0 5
     -(-1+t)^(-1)*(-1+t+s)
    A 1 8  5 2  -2 0 0 5
     -s
;
  A 1 8  5 3  -2 0 -1 5
   1
    A 1 8  5 3  -2 -1 0 5
     -1
    A 1 8  5 3  -3 0 0 5
     -1/2+1/2*t+1/2*s
    A 1 8  5 2  -2 0 0 5
     -1-1/2*t*mh^2+t-1/2*s*mh^2+1/2*mh^2
    A 1 8  4 2  -2 0 0 4
     1/2-1/2*t-1/2*s
;
  A 1 8  5 3  -1 -2 0 5
   1
    A 1 8  5 2  0 -2 0 5
     mh^2
    A 1 8  4 2  0 -2 0 4
     1/2-1/4*d
    A 1 8  4 2  -1 -1 0 4
     -1/2
    A 1 8  4 1  0 -1 0 4
     -1
;
  A 1 8  5 3  -1 -2 0 5
   1
    A 1 8  5 2  0 -2 0 5
     -mh^2
    A 1 8  4 2  0 -2 0 4
     -1
    A 1 8  4 2  -1 -1 0 4
     -1/2
    A 1 8  4 1  0 -1 0 4
     -1/2-1/2*t+1/2*mh^2
    A 1 8  3 1  0 -1 0 3
     1/2
;
  A 1 8  5 3  -1 -2 0 5
   1
    A 1 8  5 3  -2 -1 0 5
     -1/2-1/2*t
    A 1 8  5 2  -1 -1 0 5
     1+1/2*t*mh^2-t-1/2*mh^2
    A 1 8  4 2  -1 -1 0 4
     -5/8+5/8*t
    A 1 8  4 2  -2 0 0 4
     1/8-1/8*t
;
  A 1 8  5 3  -1 -2 0 5
   1
    A 1 8  5 3  -2 -1 0 5
     -1
    A 1 8  5 2  -1 -1 0 5
     1-t
    A 1 8  4 2  0 -2 0 4
     -1/4
    A 1 8  4 2  -2 0 0 4
     1/4
;
  A 1 8  5 3  -1 -1 -1 5
   1
    A 1 8  5 2  0 -1 -1 5
     mh^2
    A 1 8  4 2  0 -1 -1 4
     1/2-1/4*d
    A 1 8  4 2  -1 0 -1 4
     -1/4
    A 1 8  4 2  -1 -1 0 4
     -1/4
    A 1 8  4 1  0 0 -1 4
     -1/2
    A 1 8  4 1  0 -1 0 4
     -1/2+1/4*s
;
  A 1 8  5 3  -1 -1 -1 5
   1
    A 1 8  5 2  0 -1 -1 5
     -mh^2
    A 1 8  4 2  0 -1 -1 4
     -1
    A 1 8  4 2  -1 0 -1 4
     -1/4
    A 1 8  4 2  -1 -1 0 4
     -1/4
    A 1 8  4 1  0 0 -1 4
     -1/4-1/4*t+1/4*mh^2
    A 1 8  4 1  0 -1 0 4
     -1/2+1/4*s+1/4*mh^2
    A 1 8  3 1  0 0 -1 3
     1/4
    A 1 8  3 1  0 -1 0 3
     1/4
;
  A 1 8  5 3  -1 -1 -1 5
   1
    A 1 8  5 3  -2 0 -1 5
     -1/2-1/2*t
    A 1 8  5 2  -1 0 -1 5
     1+1/2*t*mh^2-t-1/2*mh^2
    A 1 8  4 2  -1 0 -1 4
     -1/2+1/2*t
    A 1 8  4 2  -1 -1 0 4
     -1/8*s
    A 1 8  4 1  -1 0 0 4
     -1/4*s+1/8*s*mh^2
    A 1 8  3 1  -1 0 0 3
     1/8*s
;
  A 1 8  5 3  -1 -1 -1 5
   1
    A 1 8  5 3  -2 0 -1 5
     -1
    A 1 8  5 2  -1 0 -1 5
     1-t
    A 1 8  4 2  0 -1 -1 4
     -1/4
    A 1 8  4 2  -1 0 -1 4
     1/4
    A 1 8  4 2  -1 -1 0 4
     -1/4
    A 1 8  4 2  -2 0 0 4
     1/4
    A 1 8  4 1  -1 0 0 4
     -1/4*s
;
  A 1 8  5 3  -1 -1 -1 5
   1
    A 1 8  5 3  -1 -2 0 5
     -1
    A 1 8  5 2  -1 -1 0 5
     -1+t
    A 1 8  4 2  0 -1 -1 4
     -1/4
    A 1 8  4 2  0 -2 0 4
     1/4
    A 1 8  4 2  -1 0 -1 4
     -1/4
    A 1 8  4 2  -1 -1 0 4
     1/4
    A 1 8  4 1  0 -1 0 4
     1/4*s
;
  A 1 8  5 3  -1 -1 -1 5
   1
    A 1 8  5 3  -1 -2 0 5
     s*(-1+t)^(-1)
    A 1 8  5 3  -2 -1 0 5
     -(-1+t)^(-1)*(-1+t+s)
    A 1 8  5 2  -1 -1 0 5
     -s
    A 1 8  4 2  -1 -1 0 4
     -1/4*s*(-1+t)^(-1)
    A 1 8  4 2  -2 0 0 4
     1/4*s*(-1+t)^(-1)
;
  A 1 8  5 3  -1 -1 -1 5
   1
    A 1 8  5 3  -1 -2 0 5
     -1
    A 1 8  5 3  -2 -1 0 5
     -1/2+1/2*t+1/2*s
    A 1 8  5 2  -1 -1 0 5
     -1-1/2*t*mh^2+t-1/2*s*mh^2+1/2*mh^2
    A 1 8  4 2  -1 0 -1 4
     -1/8+1/8*t
    A 1 8  4 2  -1 -1 0 4
     5/8-5/8*t-1/2*s
    A 1 8  4 2  -2 0 0 4
     -1/8*s
    A 1 8  4 1  -1 0 0 4
     -1/8*(1+t-mh^2)*s
    A 1 8  3 1  -1 0 0 3
     1/8*s
;
  A 1 8  5 3  -1 0 -2 5
   1
    A 1 8  5 2  0 0 -2 5
     mh^2
    A 1 8  4 2  0 0 -2 4
     1/2-1/4*d
    A 1 8  4 2  -1 0 -1 4
     -1/2
    A 1 8  4 1  0 0 -1 4
     -1+1/2*s
;
  A 1 8  5 3  -1 0 -2 5
   1
    A 1 8  5 2  0 0 -2 5
     -mh^2
    A 1 8  4 2  0 0 -2 4
     -1
    A 1 8  4 2  -1 0 -1 4
     -1/2
    A 1 8  4 1  0 0 -1 4
     -1+1/2*s+1/2*mh^2
    A 1 8  3 1  0 0 -1 3
     1/2
;
  A 1 8  5 3  -1 0 -2 5
   1
    A 1 8  5 3  -1 -1 -1 5
     -1
    A 1 8  5 2  -1 0 -1 5
     -1+t
    A 1 8  4 2  0 0 -2 4
     -1/4
    A 1 8  4 2  0 -1 -1 4
     1/4
    A 1 8  4 2  -1 0 -1 4
     -1/4
    A 1 8  4 2  -1 -1 0 4
     1/4
    A 1 8  4 1  0 0 -1 4
     1/4*s
;
  A 1 8  5 3  -1 0 -2 5
   1
    A 1 8  5 3  -1 -1 -1 5
     s*(-1+t)^(-1)
    A 1 8  5 3  -2 0 -1 5
     -(-1+t)^(-1)*(-1+t+s)
    A 1 8  5 2  -1 0 -1 5
     -s
    A 1 8  4 2  -1 0 -1 4
     1/4*s*(-1+t)^(-1)
    A 1 8  4 2  -1 -1 0 4
     -1/2*s*(-1+t)^(-1)
    A 1 8  4 2  -2 0 0 4
     1/4*s*(-1+t)^(-1)
    A 1 8  4 1  -1 0 0 4
     -1/4*s^2*(-1+t)^(-1)
;
  A 1 8  5 3  -1 0 -2 5
   1
    A 1 8  5 3  -1 -1 -1 5
     -1
    A 1 8  5 3  -2 0 -1 5
     -1/2+1/2*t+1/2*s
    A 1 8  5 2  -1 0 -1 5
     -1-1/2*t*mh^2+t-1/2*s*mh^2+1/2*mh^2
    A 1 8  4 2  -1 0 -1 4
     1/2-1/2*t-5/8*s
    A 1 8  4 2  -1 -1 0 4
     1/8*s
    A 1 8  4 2  -2 0 0 4
     -1/8*s
    A 1 8  4 1  -1 0 0 4
     1/8*(-2+s+mh^2)*s
    A 1 8  3 1  -1 0 0 3
     1/8*s
;
  A 1 8  5 3  0 -3 0 5
   1
    A 1 8  5 3  -1 -2 0 5
     -1
    A 1 8  5 2  0 -2 0 5
     1-t
    A 1 8  4 2  0 -2 0 4
     -1/2
    A 1 8  4 2  -1 -1 0 4
     1/2
;
  A 1 8  5 3  0 -3 0 5
   1
    A 1 8  5 3  -1 -2 0 5
     -1/2-1/2*t
    A 1 8  5 2  0 -2 0 5
     1+1/2*t*mh^2-t-1/2*mh^2
    A 1 8  4 2  0 -2 0 4
     -3/4+3/4*t
    A 1 8  4 2  -1 -1 0 4
     1/4-1/4*t
;
  A 1 8  5 3  0 -2 -1 5
   1
    A 1 8  5 3  -1 -1 -1 5
     -1/2-1/2*t
    A 1 8  5 2  0 -1 -1 5
     1+1/2*t*mh^2-t-1/2*mh^2
    A 1 8  4 2  0 -1 -1 4
     -5/8+5/8*t
    A 1 8  4 2  0 -2 0 4
     -1/8*s
    A 1 8  4 2  -1 0 -1 4
     1/8-1/8*t
    A 1 8  4 1  0 -1 0 4
     -1/4*s+1/8*s*mh^2
    A 1 8  3 1  0 -1 0 3
     1/8*s
;
  A 1 8  5 3  0 -2 -1 5
   1
    A 1 8  5 3  -1 -1 -1 5
     -1
    A 1 8  5 2  0 -1 -1 5
     1-t
    A 1 8  4 2  0 -1 -1 4
     -1/4
    A 1 8  4 2  0 -2 0 4
     -1/4
    A 1 8  4 2  -1 0 -1 4
     1/4
    A 1 8  4 2  -1 -1 0 4
     1/4
    A 1 8  4 1  0 -1 0 4
     -1/4*s
;
  A 1 8  5 3  0 -2 -1 5
   1
    A 1 8  5 3  0 -3 0 5
     -1
    A 1 8  5 2  0 -2 0 5
     -1+t
    A 1 8  4 2  0 -1 -1 4
     -1/2
    A 1 8  4 2  0 -2 0 4
     1/2
;
  A 1 8  5 3  0 -2 -1 5
   1
    A 1 8  5 3  0 -3 0 5
     s*(-1+t)^(-1)
    A 1 8  5 3  -1 -2 0 5
     -(-1+t)^(-1)*(-1+t+s)
    A 1 8  5 2  0 -2 0 5
     -s
    A 1 8  4 2  0 -2 0 4
     -1/2*s*(-1+t)^(-1)
    A 1 8  4 2  -1 -1 0 4
     1/2*s*(-1+t)^(-1)
;
  A 1 8  5 3  0 -2 -1 5
   1
    A 1 8  5 3  0 -3 0 5
     -1
    A 1 8  5 3  -1 -2 0 5
     -1/2+1/2*t+1/2*s
    A 1 8  5 2  0 -2 0 5
     -1-1/2*t*mh^2+t-1/2*s*mh^2+1/2*mh^2
    A 1 8  4 2  0 -1 -1 4
     -1/4+1/4*t
    A 1 8  4 2  0 -2 0 4
     3/4-3/4*t-1/2*s
    A 1 8  4 2  -1 -1 0 4
     -1/4*s
    A 1 8  4 1  0 -1 0 4
     -1/4*(1+t-mh^2)*s
    A 1 8  3 1  0 -1 0 3
     1/4*s
;
  A 1 8  5 3  0 -1 -2 5
   1
    A 1 8  5 3  -1 0 -2 5
     -1
    A 1 8  5 2  0 0 -2 5
     1-t
    A 1 8  4 2  0 -1 -1 4
     -1/2
    A 1 8  4 2  -1 0 -1 4
     1/2
    A 1 8  4 1  0 0 -1 4
     -1/2*s
;
  A 1 8  5 3  0 -1 -2 5
   1
    A 1 8  5 3  -1 0 -2 5
     -1/2-1/2*t
    A 1 8  5 2  0 0 -2 5
     1+1/2*t*mh^2-t-1/2*mh^2
    A 1 8  4 2  0 0 -2 4
     -1/2+1/2*t
    A 1 8  4 2  0 -1 -1 4
     -1/4*s
    A 1 8  4 1  0 0 -1 4
     -1/2*s+1/4*s*mh^2
    A 1 8  3 1  0 0 -1 3
     1/4*s
;
  A 1 8  5 3  0 -1 -2 5
   1
    A 1 8  5 3  0 -2 -1 5
     -1
    A 1 8  5 2  0 -1 -1 5
     -1+t
    A 1 8  4 2  0 0 -2 4
     -1/4
    A 1 8  4 2  0 -2 0 4
     1/4
;
  A 1 8  5 3  0 -1 -2 5
   1
    A 1 8  5 3  0 -2 -1 5
     s*(-1+t)^(-1)
    A 1 8  5 3  -1 -1 -1 5
     -(-1+t)^(-1)*(-1+t+s)
    A 1 8  5 2  0 -1 -1 5
     -s
    A 1 8  4 2  0 -2 0 4
     -1/2*s*(-1+t)^(-1)
    A 1 8  4 2  -1 0 -1 4
     1/4*s*(-1+t)^(-1)
    A 1 8  4 2  -1 -1 0 4
     1/4*s*(-1+t)^(-1)
    A 1 8  4 1  0 -1 0 4
     -1/4*s^2*(-1+t)^(-1)
;
  A 1 8  5 3  0 -1 -2 5
   1
    A 1 8  5 3  0 -2 -1 5
     -1
    A 1 8  5 3  -1 -1 -1 5
     -1/2+1/2*t+1/2*s
    A 1 8  5 2  0 -1 -1 5
     -1-1/2*t*mh^2+t-1/2*s*mh^2+1/2*mh^2
    A 1 8  4 2  0 0 -2 4
     -1/8+1/8*t
    A 1 8  4 2  0 -1 -1 4
     5/8-5/8*t-5/8*s
    A 1 8  4 2  0 -2 0 4
     1/8*s
    A 1 8  4 2  -1 0 -1 4
     -1/8*s
    A 1 8  4 2  -1 -1 0 4
     -1/8*s
    A 1 8  4 1  0 0 -1 4
     -1/8*(1+t-mh^2)*s
    A 1 8  4 1  0 -1 0 4
     1/8*(-2+s+mh^2)*s
    A 1 8  3 1  0 0 -1 3
     1/8*s
    A 1 8  3 1  0 -1 0 3
     1/8*s
;
  A 1 8  5 3  0 0 -3 5
   1
    A 1 8  5 3  0 -1 -2 5
     -1
    A 1 8  5 2  0 0 -2 5
     -1+t
    A 1 8  4 2  0 0 -2 4
     -1/2
    A 1 8  4 2  0 -1 -1 4
     1/2
;
  A 1 8  5 3  0 0 -3 5
   1
    A 1 8  5 3  0 -1 -2 5
     s*(-1+t)^(-1)
    A 1 8  5 3  -1 0 -2 5
     -(-1+t)^(-1)*(-1+t+s)
    A 1 8  5 2  0 0 -2 5
     -s
    A 1 8  4 2  0 0 -2 4
     1/2*s*(-1+t)^(-1)
    A 1 8  4 2  0 -1 -1 4
     -s*(-1+t)^(-1)
    A 1 8  4 2  -1 0 -1 4
     1/2*s*(-1+t)^(-1)
    A 1 8  4 1  0 0 -1 4
     -1/2*s^2*(-1+t)^(-1)
;
  A 1 8  5 3  0 0 -3 5
   1
    A 1 8  5 3  0 -1 -2 5
     -1
    A 1 8  5 3  -1 0 -2 5
     -1/2+1/2*t+1/2*s
    A 1 8  5 2  0 0 -2 5
     -1-1/2*t*mh^2+t-1/2*s*mh^2+1/2*mh^2
    A 1 8  4 2  0 0 -2 4
     1/2-1/2*t-3/4*s
    A 1 8  4 2  0 -1 -1 4
     1/4*s
    A 1 8  4 2  -1 0 -1 4
     -1/4*s
    A 1 8  4 1  0 0 -1 4
     1/4*(-2+s+mh^2)*s
    A 1 8  3 1  0 0 -1 3
     1/4*s
;
  A 1 8  5 4  -4 0 0 5
   1
    A 1 8  5 3  -3 0 0 5
     mh^2
    A 1 8  4 3  -3 0 0 4
     -1/2-1/4*d
    A 1 8  4 2  -2 0 0 4
     -3/2
;
  A 1 8  5 4  -4 0 0 5
   1
    A 1 8  5 3  -3 0 0 5
     -mh^2
    A 1 8  4 3  -3 0 0 4
     -7/4
    A 1 8  4 2  -2 0 0 4
     -3/2+3/4*mh^2
    A 1 8  3 2  -2 0 0 3
     3/4
;
  A 1 8  5 4  -3 -1 0 5
   1
    A 1 8  5 3  -2 -1 0 5
     mh^2
    A 1 8  4 3  -2 -1 0 4
     -1/4-1/4*d
    A 1 8  4 3  -3 0 0 4
     -1/4
    A 1 8  4 2  -1 -1 0 4
     -1
    A 1 8  4 2  -2 0 0 4
     -1/2
;
  A 1 8  5 4  -3 -1 0 5
   1
    A 1 8  5 3  -2 -1 0 5
     -mh^2
    A 1 8  4 3  -2 -1 0 4
     -3/2
    A 1 8  4 3  -3 0 0 4
     -1/4
    A 1 8  4 2  -1 -1 0 4
     -1+1/2*mh^2
    A 1 8  4 2  -2 0 0 4
     -1/4-1/4*t+1/4*mh^2
    A 1 8  3 2  -1 -1 0 3
     1/2
    A 1 8  3 2  -2 0 0 3
     1/4
;
  A 1 8  5 4  -3 -1 0 5
   1
    A 1 8  5 4  -4 0 0 5
     -1/2-1/2*t
    A 1 8  5 3  -3 0 0 5
     1+1/2*t*mh^2-t-1/2*mh^2
    A 1 8  4 3  -3 0 0 4
     -1/2+1/2*t
;
  A 1 8  5 4  -3 -1 0 5
   1
    A 1 8  5 4  -4 0 0 5
     -1
    A 1 8  5 3  -3 0 0 5
     1-t
    A 1 8  4 3  -2 -1 0 4
     -3/4
    A 1 8  4 3  -3 0 0 4
     3/4
;
  A 1 8  5 4  -3 0 -1 5
   1
    A 1 8  5 3  -2 0 -1 5
     mh^2
    A 1 8  4 3  -2 0 -1 4
     -1/4-1/4*d
    A 1 8  4 3  -3 0 0 4
     -1/4
    A 1 8  4 2  -1 0 -1 4
     -1
    A 1 8  4 2  -2 0 0 4
     -1/2+1/4*s
;
  A 1 8  5 4  -3 0 -1 5
   1
    A 1 8  5 3  -2 0 -1 5
     -mh^2
    A 1 8  4 3  -2 0 -1 4
     -3/2
    A 1 8  4 3  -3 0 0 4
     -1/4
    A 1 8  4 2  -1 0 -1 4
     -1+1/2*mh^2
    A 1 8  4 2  -2 0 0 4
     -1/2+1/4*s+1/4*mh^2
    A 1 8  3 2  -1 0 -1 3
     1/2
    A 1 8  3 2  -2 0 0 3
     1/4
;
  A 1 8  5 4  -3 0 -1 5
   1
    A 1 8  5 4  -3 -1 0 5
     -1
    A 1 8  5 3  -3 0 0 5
     -1+t
    A 1 8  4 3  -2 0 -1 4
     -3/4
    A 1 8  4 3  -2 -1 0 4
     3/4
    A 1 8  4 2  -2 0 0 4
     3/4*s
;
  A 1 8  5 4  -3 0 -1 5
   1
    A 1 8  5 4  -3 -1 0 5
     s*(-1+t)^(-1)
    A 1 8  5 4  -4 0 0 5
     -(-1+t)^(-1)*(-1+t+s)
    A 1 8  5 3  -3 0 0 5
     -s
;
  A 1 8  5 4  -3 0 -1 5
   1
    A 1 8  5 4  -3 -1 0 5
     -1
    A 1 8  5 4  -4 0 0 5
     -1/2+1/2*t+1/2*s
    A 1 8  5 3  -3 0 0 5
     -1-1/2*t*mh^2+t-1/2*s*mh^2+1/2*mh^2
    A 1 8  4 3  -3 0 0 4
     1/2-1/2*t-1/2*s
;
  A 1 8  5 4  -2 -2 0 5
   1
    A 1 8  5 3  -1 -2 0 5
     mh^2
    A 1 8  4 3  -1 -2 0 4
     -1/4*d
    A 1 8  4 3  -2 -1 0 4
     -1/2
    A 1 8  4 2  0 -2 0 4
     -1/2
    A 1 8  4 2  -1 -1 0 4
     -1
;
  A 1 8  5 4  -2 -2 0 5
   1
    A 1 8  5 3  -1 -2 0 5
     -mh^2
    A 1 8  4 3  -1 -2 0 4
     -5/4
    A 1 8  4 3  -2 -1 0 4
     -1/2
    A 1 8  4 2  0 -2 0 4
     -1/2+1/4*mh^2
    A 1 8  4 2  -1 -1 0 4
     -1/2-1/2*t+1/2*mh^2
    A 1 8  3 2  0 -2 0 3
     1/4
    A 1 8  3 2  -1 -1 0 3
     1/2
;
  A 1 8  5 4  -2 -2 0 5
   1
    A 1 8  5 4  -3 -1 0 5
     -1/2-1/2*t
    A 1 8  5 3  -2 -1 0 5
     1+1/2*t*mh^2-t-1/2*mh^2
    A 1 8  4 3  -2 -1 0 4
     -5/8+5/8*t
    A 1 8  4 3  -3 0 0 4
     1/8-1/8*t
;
  A 1 8  5 4  -2 -2 0 5
   1
    A 1 8  5 4  -3 -1 0 5
     -1
    A 1 8  5 3  -2 -1 0 5
     1-t
    A 1 8  4 3  -1 -2 0 4
     -1/2
    A 1 8  4 3  -2 -1 0 4
     1/4
    A 1 8  4 3  -3 0 0 4
     1/4
;
  A 1 8  5 4  -2 -1 -1 5
   1
    A 1 8  5 3  -1 -1 -1 5
     mh^2
    A 1 8  4 3  -1 -1 -1 4
     -1/4*d
    A 1 8  4 3  -2 0 -1 4
     -1/4
    A 1 8  4 3  -2 -1 0 4
     -1/4
    A 1 8  4 2  0 -1 -1 4
     -1/2
    A 1 8  4 2  -1 0 -1 4
     -1/2
    A 1 8  4 2  -1 -1 0 4
     -1/2+1/4*s
;
  A 1 8  5 4  -2 -1 -1 5
   1
    A 1 8  5 3  -1 -1 -1 5
     -mh^2
    A 1 8  4 3  -1 -1 -1 4
     -5/4
    A 1 8  4 3  -2 0 -1 4
     -1/4
    A 1 8  4 3  -2 -1 0 4
     -1/4
    A 1 8  4 2  0 -1 -1 4
     -1/2+1/4*mh^2
    A 1 8  4 2  -1 0 -1 4
     -1/4-1/4*t+1/4*mh^2
    A 1 8  4 2  -1 -1 0 4
     -1/2+1/4*s+1/4*mh^2
    A 1 8  3 2  0 -1 -1 3
     1/4
    A 1 8  3 2  -1 0 -1 3
     1/4
    A 1 8  3 2  -1 -1 0 3
     1/4
;
  A 1 8  5 4  -2 -1 -1 5
   1
    A 1 8  5 4  -3 0 -1 5
     -1/2-1/2*t
    A 1 8  5 3  -2 0 -1 5
     1+1/2*t*mh^2-t-1/2*mh^2
    A 1 8  4 3  -2 0 -1 4
     -1/2+1/2*t
    A 1 8  4 3  -2 -1 0 4
     -1/8*s
    A 1 8  4 2  -2 0 0 4
     -1/4*s+1/8*s*mh^2
    A 1 8  3 2  -2 0 0 3
     1/8*s
;
  A 1 8  5 4  -2 -1 -1 5
   1
    A 1 8  5 4  -3 0 -1 5
     -1
    A 1 8  5 3  -2 0 -1 5
     1-t
    A 1 8  4 3  -1 -1 -1 4
     -1/2
    A 1 8  4 3  -2 0 -1 4
     1/2
    A 1 8  4 3  -2 -1 0 4
     -1/4
    A 1 8  4 3  -3 0 0 4
     1/4
    A 1 8  4 2  -2 0 0 4
     -1/4*s
;
  A 1 8  5 4  -2 -1 -1 5
   1
    A 1 8  5 4  -2 -2 0 5
     -1
    A 1 8  5 3  -2 -1 0 5
     -1+t
    A 1 8  4 3  -1 -1 -1 4
     -1/2
    A 1 8  4 3  -1 -2 0 4
     1/2
    A 1 8  4 3  -2 0 -1 4
     -1/4
    A 1 8  4 3  -2 -1 0 4
     1/4
    A 1 8  4 2  -1 -1 0 4
     1/2*s
;
  A 1 8  5 4  -2 -1 -1 5
   1
    A 1 8  5 4  -2 -2 0 5
     s*(-1+t)^(-1)
    A 1 8  5 4  -3 -1 0 5
     -(-1+t)^(-1)*(-1+t+s)
    A 1 8  5 3  -2 -1 0 5
     -s
    A 1 8  4 3  -2 -1 0 4
     -1/4*s*(-1+t)^(-1)
    A 1 8  4 3  -3 0 0 4
     1/4*s*(-1+t)^(-1)
;
  A 1 8  5 4  -2 -1 -1 5
   1
    A 1 8  5 4  -2 -2 0 5
     -1
    A 1 8  5 4  -3 -1 0 5
     -1/2+1/2*t+1/2*s
    A 1 8  5 3  -2 -1 0 5
     -1-1/2*t*mh^2+t-1/2*s*mh^2+1/2*mh^2
    A 1 8  4 3  -2 0 -1 4
     -1/8+1/8*t
    A 1 8  4 3  -2 -1 0 4
     5/8-5/8*t-1/2*s
    A 1 8  4 3  -3 0 0 4
     -1/8*s
    A 1 8  4 2  -2 0 0 4
     -1/8*(1+t-mh^2)*s
    A 1 8  3 2  -2 0 0 3
     1/8*s
;
  A 1 8  5 4  -2 0 -2 5
   1
    A 1 8  5 3  -1 0 -2 5
     mh^2
    A 1 8  4 3  -1 0 -2 4
     -1/4*d
    A 1 8  4 3  -2 0 -1 4
     -1/2
    A 1 8  4 2  0 0 -2 4
     -1/2
    A 1 8  4 2  -1 0 -1 4
     -1+1/2*s
;
  A 1 8  5 4  -2 0 -2 5
   1
    A 1 8  5 3  -1 0 -2 5
     -mh^2
    A 1 8  4 3  -1 0 -2 4
     -5/4
    A 1 8  4 3  -2 0 -1 4
     -1/2
    A 1 8  4 2  0 0 -2 4
     -1/2+1/4*mh^2
    A 1 8  4 2  -1 0 -1 4
     -1+1/2*s+1/2*mh^2
    A 1 8  3 2  0 0 -2 3
     1/4
    A 1 8  3 2  -1 0 -1 3
     1/2
;
  A 1 8  5 4  -2 0 -2 5
   1
    A 1 8  5 4  -2 -1 -1 5
     -1
    A 1 8  5 3  -2 0 -1 5
     -1+t
    A 1 8  4 3  -1 0 -2 4
     -1/2
    A 1 8  4 3  -1 -1 -1 4
     1/2
    A 1 8  4 3  -2 0 -1 4
     -1/4
    A 1 8  4 3  -2 -1 0 4
     1/4
    A 1 8  4 2  -1 0 -1 4
     1/2*s
;
  A 1 8  5 4  -2 0 -2 5
   1
    A 1 8  5 4  -2 -1 -1 5
     s*(-1+t)^(-1)
    A 1 8  5 4  -3 0 -1 5
     -(-1+t)^(-1)*(-1+t+s)
    A 1 8  5 3  -2 0 -1 5
     -s
    A 1 8  4 3  -2 0 -1 4
     1/4*s*(-1+t)^(-1)
    A 1 8  4 3  -2 -1 0 4
     -1/2*s*(-1+t)^(-1)
    A 1 8  4 3  -3 0 0 4
     1/4*s*(-1+t)^(-1)
    A 1 8  4 2  -2 0 0 4
     -1/4*s^2*(-1+t)^(-1)
;
  A 1 8  5 4  -2 0 -2 5
   1
    A 1 8  5 4  -2 -1 -1 5
     -1
    A 1 8  5 4  -3 0 -1 5
     -1/2+1/2*t+1/2*s
    A 1 8  5 3  -2 0 -1 5
     -1-1/2*t*mh^2+t-1/2*s*mh^2+1/2*mh^2
    A 1 8  4 3  -2 0 -1 4
     1/2-1/2*t-5/8*s
    A 1 8  4 3  -2 -1 0 4
     1/8*s
    A 1 8  4 3  -3 0 0 4
     -1/8*s
    A 1 8  4 2  -2 0 0 4
     1/8*(-2+s+mh^2)*s
    A 1 8  3 2  -2 0 0 3
     1/8*s
;
  A 1 8  5 4  -1 -3 0 5
   1
    A 1 8  5 3  0 -3 0 5
     mh^2
    A 1 8  4 3  0 -3 0 4
     1/4-1/4*d
    A 1 8  4 3  -1 -2 0 4
     -3/4
    A 1 8  4 2  0 -2 0 4
     -3/2
;
  A 1 8  5 4  -1 -3 0 5
   1
    A 1 8  5 3  0 -3 0 5
     -mh^2
    A 1 8  4 3  0 -3 0 4
     -1
    A 1 8  4 3  -1 -2 0 4
     -3/4
    A 1 8  4 2  0 -2 0 4
     -3/4-3/4*t+3/4*mh^2
    A 1 8  3 2  0 -2 0 3
     3/4
;
  A 1 8  5 4  -1 -3 0 5
   1
    A 1 8  5 4  -2 -2 0 5
     -1/2-1/2*t
    A 1 8  5 3  -1 -2 0 5
     1+1/2*t*mh^2-t-1/2*mh^2
    A 1 8  4 3  -1 -2 0 4
     -3/4+3/4*t
    A 1 8  4 3  -2 -1 0 4
     1/4-1/4*t
;
  A 1 8  5 4  -1 -3 0 5
   1
    A 1 8  5 4  -2 -2 0 5
     -1
    A 1 8  5 3  -1 -2 0 5
     1-t
    A 1 8  4 3  0 -3 0 4
     -1/4
    A 1 8  4 3  -1 -2 0 4
     -1/4
    A 1 8  4 3  -2 -1 0 4
     1/2
;
  A 1 8  5 4  -1 -2 -1 5
   1
    A 1 8  5 3  0 -2 -1 5
     mh^2
    A 1 8  4 3  0 -2 -1 4
     1/4-1/4*d
    A 1 8  4 3  -1 -1 -1 4
     -1/2
    A 1 8  4 3  -1 -2 0 4
     -1/4
    A 1 8  4 2  0 -1 -1 4
     -1
    A 1 8  4 2  0 -2 0 4
     -1/2+1/4*s
;
  A 1 8  5 4  -1 -2 -1 5
   1
    A 1 8  5 3  0 -2 -1 5
     -mh^2
    A 1 8  4 3  0 -2 -1 4
     -1
    A 1 8  4 3  -1 -1 -1 4
     -1/2
    A 1 8  4 3  -1 -2 0 4
     -1/4
    A 1 8  4 2  0 -1 -1 4
     -1/2-1/2*t+1/2*mh^2
    A 1 8  4 2  0 -2 0 4
     -1/2+1/4*s+1/4*mh^2
    A 1 8  3 2  0 -1 -1 3
     1/2
    A 1 8  3 2  0 -2 0 3
     1/4
;
  A 1 8  5 4  -1 -2 -1 5
   1
    A 1 8  5 4  -2 -1 -1 5
     -1/2-1/2*t
    A 1 8  5 3  -1 -1 -1 5
     1+1/2*t*mh^2-t-1/2*mh^2
    A 1 8  4 3  -1 -1 -1 4
     -5/8+5/8*t
    A 1 8  4 3  -1 -2 0 4
     -1/8*s
    A 1 8  4 3  -2 0 -1 4
     1/8-1/8*t
    A 1 8  4 2  -1 -1 0 4
     -1/4*s+1/8*s*mh^2
    A 1 8  3 2  -1 -1 0 3
     1/8*s
;
  A 1 8  5 4  -1 -2 -1 5
   1
    A 1 8  5 4  -2 -1 -1 5
     -1
    A 1 8  5 3  -1 -1 -1 5
     1-t
    A 1 8  4 3  0 -2 -1 4
     -1/4
    A 1 8  4 3  -1 -2 0 4
     -1/4
    A 1 8  4 3  -2 0 -1 4
     1/4
    A 1 8  4 3  -2 -1 0 4
     1/4
    A 1 8  4 2  -1 -1 0 4
     -1/4*s
;
  A 1 8  5 4  -1 -2 -1 5
   1
    A 1 8  5 4  -1 -3 0 5
     -1
    A 1 8  5 3  -1 -2 0 5
     -1+t
    A 1 8  4 3  0 -2 -1 4
     -1/4
    A 1 8  4 3  0 -3 0 4
     1/4
    A 1 8  4 3  -1 -1 -1 4
     -1/2
    A 1 8  4 3  -1 -2 0 4
     1/2
    A 1 8  4 2  0 -2 0 4
     1/4*s
;
  A 1 8  5 4  -1 -2 -1 5
   1
    A 1 8  5 4  -1 -3 0 5
     s*(-1+t)^(-1)
    A 1 8  5 4  -2 -2 0 5
     -(-1+t)^(-1)*(-1+t+s)
    A 1 8  5 3  -1 -2 0 5
     -s
    A 1 8  4 3  -1 -2 0 4
     -1/2*s*(-1+t)^(-1)
    A 1 8  4 3  -2 -1 0 4
     1/2*s*(-1+t)^(-1)
;
  A 1 8  5 4  -1 -2 -1 5
   1
    A 1 8  5 4  -1 -3 0 5
     -1
    A 1 8  5 4  -2 -2 0 5
     -1/2+1/2*t+1/2*s
    A 1 8  5 3  -1 -2 0 5
     -1-1/2*t*mh^2+t-1/2*s*mh^2+1/2*mh^2
    A 1 8  4 3  -1 -1 -1 4
     -1/4+1/4*t
    A 1 8  4 3  -1 -2 0 4
     3/4-3/4*t-1/2*s
    A 1 8  4 3  -2 -1 0 4
     -1/4*s
    A 1 8  4 2  -1 -1 0 4
     -1/4*(1+t-mh^2)*s
    A 1 8  3 2  -1 -1 0 3
     1/4*s
;
  A 1 8  5 4  -1 -1 -2 5
   1
    A 1 8  5 3  0 -1 -2 5
     mh^2
    A 1 8  4 3  0 -1 -2 4
     1/4-1/4*d
    A 1 8  4 3  -1 0 -2 4
     -1/4
    A 1 8  4 3  -1 -1 -1 4
     -1/2
    A 1 8  4 2  0 0 -2 4
     -1/2
    A 1 8  4 2  0 -1 -1 4
     -1+1/2*s
;
  A 1 8  5 4  -1 -1 -2 5
   1
    A 1 8  5 3  0 -1 -2 5
     -mh^2
    A 1 8  4 3  0 -1 -2 4
     -1
    A 1 8  4 3  -1 0 -2 4
     -1/4
    A 1 8  4 3  -1 -1 -1 4
     -1/2
    A 1 8  4 2  0 0 -2 4
     -1/4-1/4*t+1/4*mh^2
    A 1 8  4 2  0 -1 -1 4
     -1+1/2*s+1/2*mh^2
    A 1 8  3 2  0 0 -2 3
     1/4
    A 1 8  3 2  0 -1 -1 3
     1/2
;
  A 1 8  5 4  -1 -1 -2 5
   1
    A 1 8  5 4  -2 0 -2 5
     -1/2-1/2*t
    A 1 8  5 3  -1 0 -2 5
     1+1/2*t*mh^2-t-1/2*mh^2
    A 1 8  4 3  -1 0 -2 4
     -1/2+1/2*t
    A 1 8  4 3  -1 -1 -1 4
     -1/4*s
    A 1 8  4 2  -1 0 -1 4
     -1/2*s+1/4*s*mh^2
    A 1 8  3 2  -1 0 -1 3
     1/4*s
;
  A 1 8  5 4  -1 -1 -2 5
   1
    A 1 8  5 4  -2 0 -2 5
     -1
    A 1 8  5 3  -1 0 -2 5
     1-t
    A 1 8  4 3  0 -1 -2 4
     -1/4
    A 1 8  4 3  -1 0 -2 4
     1/4
    A 1 8  4 3  -1 -1 -1 4
     -1/2
    A 1 8  4 3  -2 0 -1 4
     1/2
    A 1 8  4 2  -1 0 -1 4
     -1/2*s
;
  A 1 8  5 4  -1 -1 -2 5
   1
    A 1 8  5 4  -1 -2 -1 5
     -1
    A 1 8  5 3  -1 -1 -1 5
     -1+t
    A 1 8  4 3  0 -1 -2 4
     -1/4
    A 1 8  4 3  0 -2 -1 4
     1/4
    A 1 8  4 3  -1 0 -2 4
     -1/4
    A 1 8  4 3  -1 -2 0 4
     1/4
    A 1 8  4 2  0 -1 -1 4
     1/4*s
;
  A 1 8  5 4  -1 -1 -2 5
   1
    A 1 8  5 4  -1 -2 -1 5
     s*(-1+t)^(-1)
    A 1 8  5 4  -2 -1 -1 5
     -(-1+t)^(-1)*(-1+t+s)
    A 1 8  5 3  -1 -1 -1 5
     -s
    A 1 8  4 3  -1 -2 0 4
     -1/2*s*(-1+t)^(-1)
    A 1 8  4 3  -2 0 -1 4
     1/4*s*(-1+t)^(-1)
    A 1 8  4 3  -2 -1 0 4
     1/4*s*(-1+t)^(-1)
    A 1 8  4 2  -1 -1 0 4
     -1/4*s^2*(-1+t)^(-1)
;
  A 1 8  5 4  -1 -1 -2 5
   1
    A 1 8  5 4  -1 -2 -1 5
     -1
    A 1 8  5 4  -2 -1 -1 5
     -1/2+1/2*t+1/2*s
    A 1 8  5 3  -1 -1 -1 5
     -1-1/2*t*mh^2+t-1/2*s*mh^2+1/2*mh^2
    A 1 8  4 3  -1 0 -2 4
     -1/8+1/8*t
    A 1 8  4 3  -1 -1 -1 4
     5/8-5/8*t-5/8*s
    A 1 8  4 3  -1 -2 0 4
     1/8*s
    A 1 8  4 3  -2 0 -1 4
     -1/8*s
    A 1 8  4 3  -2 -1 0 4
     -1/8*s
    A 1 8  4 2  -1 0 -1 4
     -1/8*(1+t-mh^2)*s
    A 1 8  4 2  -1 -1 0 4
     1/8*(-2+s+mh^2)*s
    A 1 8  3 2  -1 0 -1 3
     1/8*s
    A 1 8  3 2  -1 -1 0 3
     1/8*s
;
  A 1 8  5 4  -1 0 -3 5
   1
    A 1 8  5 3  0 0 -3 5
     mh^2
    A 1 8  4 3  0 0 -3 4
     1/4-1/4*d
    A 1 8  4 3  -1 0 -2 4
     -3/4
    A 1 8  4 2  0 0 -2 4
     -3/2+3/4*s
;
  A 1 8  5 4  -1 0 -3 5
   1
    A 1 8  5 3  0 0 -3 5
     -mh^2
    A 1 8  4 3  0 0 -3 4
     -1
    A 1 8  4 3  -1 0 -2 4
     -3/4
    A 1 8  4 2  0 0 -2 4
     -3/2+3/4*s+3/4*mh^2
    A 1 8  3 2  0 0 -2 3
     3/4
;
  A 1 8  5 4  -1 0 -3 5
   1
    A 1 8  5 4  -1 -1 -2 5
     -1
    A 1 8  5 3  -1 0 -2 5
     -1+t
    A 1 8  4 3  0 0 -3 4
     -1/4
    A 1 8  4 3  0 -1 -2 4
     1/4
    A 1 8  4 3  -1 0 -2 4
     -1/2
    A 1 8  4 3  -1 -1 -1 4
     1/2
    A 1 8  4 2  0 0 -2 4
     1/4*s
;
  A 1 8  5 4  -1 0 -3 5
   1
    A 1 8  5 4  -1 -1 -2 5
     s*(-1+t)^(-1)
    A 1 8  5 4  -2 0 -2 5
     -(-1+t)^(-1)*(-1+t+s)
    A 1 8  5 3  -1 0 -2 5
     -s
    A 1 8  4 3  -1 0 -2 4
     1/2*s*(-1+t)^(-1)
    A 1 8  4 3  -1 -1 -1 4
     -s*(-1+t)^(-1)
    A 1 8  4 3  -2 0 -1 4
     1/2*s*(-1+t)^(-1)
    A 1 8  4 2  -1 0 -1 4
     -1/2*s^2*(-1+t)^(-1)
;
  A 1 8  5 4  -1 0 -3 5
   1
    A 1 8  5 4  -1 -1 -2 5
     -1
    A 1 8  5 4  -2 0 -2 5
     -1/2+1/2*t+1/2*s
    A 1 8  5 3  -1 0 -2 5
     -1-1/2*t*mh^2+t-1/2*s*mh^2+1/2*mh^2
    A 1 8  4 3  -1 0 -2 4
     1/2-1/2*t-3/4*s
    A 1 8  4 3  -1 -1 -1 4
     1/4*s
    A 1 8  4 3  -2 0 -1 4
     -1/4*s
    A 1 8  4 2  -1 0 -1 4
     1/4*(-2+s+mh^2)*s
    A 1 8  3 2  -1 0 -1 3
     1/4*s
;
  A 1 8  5 4  0 -4 0 5
   1
    A 1 8  5 4  -1 -3 0 5
     -1
    A 1 8  5 3  0 -3 0 5
     1-t
    A 1 8  4 3  0 -3 0 4
     -3/4
    A 1 8  4 3  -1 -2 0 4
     3/4
;
  A 1 8  5 4  0 -4 0 5
   1
    A 1 8  5 4  -1 -3 0 5
     -1/2-1/2*t
    A 1 8  5 3  0 -3 0 5
     1+1/2*t*mh^2-t-1/2*mh^2
    A 1 8  4 3  0 -3 0 4
     -7/8+7/8*t
    A 1 8  4 3  -1 -2 0 4
     3/8-3/8*t
;
  A 1 8  5 4  0 -3 -1 5
   1
    A 1 8  5 4  -1 -2 -1 5
     -1/2-1/2*t
    A 1 8  5 3  0 -2 -1 5
     1+1/2*t*mh^2-t-1/2*mh^2
    A 1 8  4 3  0 -2 -1 4
     -3/4+3/4*t
    A 1 8  4 3  0 -3 0 4
     -1/8*s
    A 1 8  4 3  -1 -1 -1 4
     1/4-1/4*t
    A 1 8  4 2  0 -2 0 4
     -1/4*s+1/8*s*mh^2
    A 1 8  3 2  0 -2 0 3
     1/8*s
;
  A 1 8  5 4  0 -3 -1 5
   1
    A 1 8  5 4  -1 -2 -1 5
     -1
    A 1 8  5 3  0 -2 -1 5
     1-t
    A 1 8  4 3  0 -2 -1 4
     -1/2
    A 1 8  4 3  0 -3 0 4
     -1/4
    A 1 8  4 3  -1 -1 -1 4
     1/2
    A 1 8  4 3  -1 -2 0 4
     1/4
    A 1 8  4 2  0 -2 0 4
     -1/4*s
;
  A 1 8  5 4  0 -3 -1 5
   1
    A 1 8  5 4  0 -4 0 5
     -1
    A 1 8  5 3  0 -3 0 5
     -1+t
    A 1 8  4 3  0 -2 -1 4
     -3/4
    A 1 8  4 3  0 -3 0 4
     3/4
;
  A 1 8  5 4  0 -3 -1 5
   1
    A 1 8  5 4  0 -4 0 5
     s*(-1+t)^(-1)
    A 1 8  5 4  -1 -3 0 5
     -(-1+t)^(-1)*(-1+t+s)
    A 1 8  5 3  0 -3 0 5
     -s
    A 1 8  4 3  0 -3 0 4
     -3/4*s*(-1+t)^(-1)
    A 1 8  4 3  -1 -2 0 4
     3/4*s*(-1+t)^(-1)
;
  A 1 8  5 4  0 -3 -1 5
   1
    A 1 8  5 4  0 -4 0 5
     -1
    A 1 8  5 4  -1 -3 0 5
     -1/2+1/2*t+1/2*s
    A 1 8  5 3  0 -3 0 5
     -1-1/2*t*mh^2+t-1/2*s*mh^2+1/2*mh^2
    A 1 8  4 3  0 -2 -1 4
     -3/8+3/8*t
    A 1 8  4 3  0 -3 0 4
     7/8-7/8*t-1/2*s
    A 1 8  4 3  -1 -2 0 4
     -3/8*s
    A 1 8  4 2  0 -2 0 4
     -3/8*(1+t-mh^2)*s
    A 1 8  3 2  0 -2 0 3
     3/8*s
;
  A 1 8  5 4  0 -2 -2 5
   1
    A 1 8  5 4  -1 -1 -2 5
     -1/2-1/2*t
    A 1 8  5 3  0 -1 -2 5
     1+1/2*t*mh^2-t-1/2*mh^2
    A 1 8  4 3  0 -1 -2 4
     -5/8+5/8*t
    A 1 8  4 3  0 -2 -1 4
     -1/4*s
    A 1 8  4 3  -1 0 -2 4
     1/8-1/8*t
    A 1 8  4 2  0 -1 -1 4
     -1/2*s+1/4*s*mh^2
    A 1 8  3 2  0 -1 -1 3
     1/4*s
;
  A 1 8  5 4  0 -2 -2 5
   1
    A 1 8  5 4  -1 -1 -2 5
     -1
    A 1 8  5 3  0 -1 -2 5
     1-t
    A 1 8  4 3  0 -1 -2 4
     -1/4
    A 1 8  4 3  0 -2 -1 4
     -1/2
    A 1 8  4 3  -1 0 -2 4
     1/4
    A 1 8  4 3  -1 -1 -1 4
     1/2
    A 1 8  4 2  0 -1 -1 4
     -1/2*s
;
  A 1 8  5 4  0 -2 -2 5
   1
    A 1 8  5 4  0 -3 -1 5
     -1
    A 1 8  5 3  0 -2 -1 5
     -1+t
    A 1 8  4 3  0 -1 -2 4
     -1/2
    A 1 8  4 3  0 -2 -1 4
     1/4
    A 1 8  4 3  0 -3 0 4
     1/4
;
  A 1 8  5 4  0 -2 -2 5
   1
    A 1 8  5 4  0 -3 -1 5
     s*(-1+t)^(-1)
    A 1 8  5 4  -1 -2 -1 5
     -(-1+t)^(-1)*(-1+t+s)
    A 1 8  5 3  0 -2 -1 5
     -s
    A 1 8  4 3  0 -2 -1 4
     -1/4*s*(-1+t)^(-1)
    A 1 8  4 3  0 -3 0 4
     -1/2*s*(-1+t)^(-1)
    A 1 8  4 3  -1 -1 -1 4
     1/2*s*(-1+t)^(-1)
    A 1 8  4 3  -1 -2 0 4
     1/4*s*(-1+t)^(-1)
    A 1 8  4 2  0 -2 0 4
     -1/4*s^2*(-1+t)^(-1)
;
  A 1 8  5 4  0 -2 -2 5
   1
    A 1 8  5 4  0 -3 -1 5
     -1
    A 1 8  5 4  -1 -2 -1 5
     -1/2+1/2*t+1/2*s
    A 1 8  5 3  0 -2 -1 5
     -1-1/2*t*mh^2+t-1/2*s*mh^2+1/2*mh^2
    A 1 8  4 3  0 -1 -2 4
     -1/4+1/4*t
    A 1 8  4 3  0 -2 -1 4
     3/4-3/4*t-5/8*s
    A 1 8  4 3  0 -3 0 4
     1/8*s
    A 1 8  4 3  -1 -1 -1 4
     -1/4*s
    A 1 8  4 3  -1 -2 0 4
     -1/8*s
    A 1 8  4 2  0 -1 -1 4
     -1/4*(1+t-mh^2)*s
    A 1 8  4 2  0 -2 0 4
     1/8*(-2+s+mh^2)*s
    A 1 8  3 2  0 -1 -1 3
     1/4*s
    A 1 8  3 2  0 -2 0 3
     1/8*s
;
  A 1 8  5 4  0 -1 -3 5
   1
    A 1 8  5 4  -1 0 -3 5
     -1
    A 1 8  5 3  0 0 -3 5
     1-t
    A 1 8  4 3  0 -1 -2 4
     -3/4
    A 1 8  4 3  -1 0 -2 4
     3/4
    A 1 8  4 2  0 0 -2 4
     -3/4*s
;
  A 1 8  5 4  0 -1 -3 5
   1
    A 1 8  5 4  -1 0 -3 5
     -1/2-1/2*t
    A 1 8  5 3  0 0 -3 5
     1+1/2*t*mh^2-t-1/2*mh^2
    A 1 8  4 3  0 0 -3 4
     -1/2+1/2*t
    A 1 8  4 3  0 -1 -2 4
     -3/8*s
    A 1 8  4 2  0 0 -2 4
     -3/4*s+3/8*s*mh^2
    A 1 8  3 2  0 0 -2 3
     3/8*s
;
  A 1 8  5 4  0 -1 -3 5
   1
    A 1 8  5 4  0 -2 -2 5
     -1
    A 1 8  5 3  0 -1 -2 5
     -1+t
    A 1 8  4 3  0 0 -3 4
     -1/4
    A 1 8  4 3  0 -1 -2 4
     -1/4
    A 1 8  4 3  0 -2 -1 4
     1/2
;
  A 1 8  5 4  0 -1 -3 5
   1
    A 1 8  5 4  0 -2 -2 5
     s*(-1+t)^(-1)
    A 1 8  5 4  -1 -1 -2 5
     -(-1+t)^(-1)*(-1+t+s)
    A 1 8  5 3  0 -1 -2 5
     -s
    A 1 8  4 3  0 -1 -2 4
     1/4*s*(-1+t)^(-1)
    A 1 8  4 3  0 -2 -1 4
     -s*(-1+t)^(-1)
    A 1 8  4 3  -1 0 -2 4
     1/4*s*(-1+t)^(-1)
    A 1 8  4 3  -1 -1 -1 4
     1/2*s*(-1+t)^(-1)
    A 1 8  4 2  0 -1 -1 4
     -1/2*s^2*(-1+t)^(-1)
;
  A 1 8  5 4  0 -1 -3 5
   1
    A 1 8  5 4  0 -2 -2 5
     -1
    A 1 8  5 4  -1 -1 -2 5
     -1/2+1/2*t+1/2*s
    A 1 8  5 3  0 -1 -2 5
     -1-1/2*t*mh^2+t-1/2*s*mh^2+1/2*mh^2
    A 1 8  4 3  0 0 -3 4
     -1/8+1/8*t
    A 1 8  4 3  0 -1 -2 4
     5/8-5/8*t-3/4*s
    A 1 8  4 3  0 -2 -1 4
     1/4*s
    A 1 8  4 3  -1 0 -2 4
     -1/8*s
    A 1 8  4 3  -1 -1 -1 4
     -1/4*s
    A 1 8  4 2  0 0 -2 4
     -1/8*(1+t-mh^2)*s
    A 1 8  4 2  0 -1 -1 4
     1/4*(-2+s+mh^2)*s
    A 1 8  3 2  0 0 -2 3
     1/8*s
    A 1 8  3 2  0 -1 -1 3
     1/4*s
;
  A 1 8  5 4  0 0 -4 5
   1
    A 1 8  5 4  0 -1 -3 5
     -1
    A 1 8  5 3  0 0 -3 5
     -1+t
    A 1 8  4 3  0 0 -3 4
     -3/4
    A 1 8  4 3  0 -1 -2 4
     3/4
;
  A 1 8  5 4  0 0 -4 5
   1
    A 1 8  5 4  0 -1 -3 5
     s*(-1+t)^(-1)
    A 1 8  5 4  -1 0 -3 5
     -(-1+t)^(-1)*(-1+t+s)
    A 1 8  5 3  0 0 -3 5
     -s
    A 1 8  4 3  0 0 -3 4
     3/4*s*(-1+t)^(-1)
    A 1 8  4 3  0 -1 -2 4
     -3/2*s*(-1+t)^(-1)
    A 1 8  4 3  -1 0 -2 4
     3/4*s*(-1+t)^(-1)
    A 1 8  4 2  0 0 -2 4
     -3/4*s^2*(-1+t)^(-1)
;
  A 1 8  5 4  0 0 -4 5
   1
    A 1 8  5 4  0 -1 -3 5
     -1
    A 1 8  5 4  -1 0 -3 5
     -1/2+1/2*t+1/2*s
    A 1 8  5 3  0 0 -3 5
     -1-1/2*t*mh^2+t-1/2*s*mh^2+1/2*mh^2
    A 1 8  4 3  0 0 -3 4
     1/2-1/2*t-7/8*s
    A 1 8  4 3  0 -1 -2 4
     3/8*s
    A 1 8  4 3  -1 0 -2 4
     -3/8*s
    A 1 8  4 2  0 0 -2 4
     3/8*(-2+s+mh^2)*s
    A 1 8  3 2  0 0 -2 3
     3/8*s
;
