  A 2 3  2 0  1 1 0 0
   1
    A 1 1  1 0  1 0 0 0
     1-1/2*d
;
  A 2 3  2 1  1 1 -1 0
   1
    A 1 1  1 0  1 0 0 0
     -1-1/4*s*d+1/2*s
;
  A 2 3  2 1  1 1 0 -1
   1
    A 1 1  1 0  1 0 0 0
     1/2+1/2*t+1/2*d*mh^2-1/4*t*d-3/4*d-mh^2
;
  A 2 3  2 2  1 1 -2 0
   1
    A 1 1  1 0  1 0 0 0
     1/3*s^2-2*s-1/6*s^2*d
;
  A 2 3  2 2  1 1 -1 -1
   1
    A 1 1  1 0  1 0 0 0
     -1-5/12*s*d-t-1/6*s+1/4*s*d*mh^2-1/12*t*s*d-1/2*s*mh^2+mh^2+1/6*t*s
;
  A 2 3  2 2  1 1 0 -2
   1
    A 1 1  1 0  1 0 0 0
     -5/3+mh^4-t*mh^2-2/3*t+3/2*d*mh^2+1/3*t^2-1/6*t^2*d+1/2*t*d*mh^2-2/3*t*d-7/6*d-mh^2-1/2*d*mh^4
;
  A 2 3  2 3  1 1 -3 0
   1
    A 1 1  1 0  1 0 0 0
     -1/8*(48*s-2*s^3*d+24*s^2*d+s^3*d^2)*d^(-1)
;
  A 2 3  2 3  1 1 -2 -1
   1
    A 1 1  1 0  1 0 0 0
     -1/24*(-48+t*s^2*d^2+72*s*d+48*t+8*s^2*d*mh^2-2*t*s^2*d+96*s-48*s*d*mh^2+24*t*s*d+7*s^2*d^2-4*s^2*d^2*mh^2+10*s^2*d)*d^(-1)
;
  A 2 3  2 3  1 1 -1 -2
   1
    A 1 1  1 0  1 0 0 0
     1/24*(4*t*s*d^2*mh^2-t^2*s*d^2-62*s*d-96*t+48*d*mh^2-24*t^2*d+12*s*d*mh^4-17*s*d^2+2*t^2*s*d+20*s*d^2*mh^2+48*t*d*mh^2-48*s+8*s*d*mh^2-12*t*s*d-6*s*d^2*mh^4-48*t*d-24*d-6*t*s*d^2-24*d*mh^4-8*t*s*d*mh^2)*d^(-1)
;
  A 2 3  2 3  1 1 0 -3
   1
    A 1 1  1 0  1 0 0 0
     -1/8*(48+18*d^2*mh^4-2*t^3*d-4*d^2*mh^6+5*t^2*d^2+48*t+15*d^2-40*d*mh^2+14*t^2*d+8*t^2*d*mh^2-12*t*d*mh^4+t^3*d^2-16*t*d^2*mh^2-16*t*d*mh^2-4*t^2*d^2*mh^2+50*t*d+66*d+6*t*d^2*mh^4+8*d*mh^6-28*d^2*mh^2+11*t*d^2-12*d*mh^4)*d^(-1)
;
  A 2 3  3 0  2 1 0 0
   1
    A 1 1  1 0  1 0 0 0
     -1/8*(-2+d)*(-4+d)
;
  A 2 3  3 0  1 2 0 0
   1
    A 1 1  1 0  1 0 0 0
     -1/8*(-2+d)*(-4+d)
;
  A 2 3  3 1  2 1 -1 0
   1
    A 1 1  1 0  1 0 0 0
     1+1/2*s*d-1/12*s*d^2-2/3*s-1/2*d
;
  A 2 3  3 1  2 1 0 -1
   1
    A 1 1  1 0  1 0 0 0
     -2/3-1/3*t-5/24*d^2-3/4*d*mh^2+1/4*t*d+3/4*d+mh^2+1/8*d^2*mh^2-1/24*t*d^2
;
  A 2 3  3 1  1 2 -1 0
   1
    A 1 1  1 0  1 0 0 0
     1+1/4*s*d-1/24*s*d^2-1/3*s-1/2*d
;
  A 2 3  3 1  1 2 0 -1
   1
    A 1 1  1 0  1 0 0 0
     -1/3-2/3*t-1/6*d^2-3/4*d*mh^2+1/2*t*d+1/2*d+mh^2+1/8*d^2*mh^2-1/12*t*d^2
;
  A 2 3  3 2  2 1 -2 0
   1
    A 1 1  1 0  1 0 0 0
     -1-s*d-1/2*s^2+2*s-1/16*s^2*d^2+3/8*s^2*d
;
  A 2 3  3 2  2 1 -1 -1
   1
    A 1 1  1 0  1 0 0 0
     1/2+3/8*s*d+1/2*t+1/2*d*mh^2-7/48*s*d^2+1/12*s*d^2*mh^2-1/6*s-1/2*s*d*mh^2+1/8*t*s*d-1/4*t*d+2/3*s*mh^2-3/4*d-mh^2-1/48*t*s*d^2-1/6*t*s
;
  A 2 3  3 2  2 1 0 -2
   1
    A 1 1  1 0  1 0 0 0
     1/6-1/8*d^2*mh^4-mh^4+2/3*t*mh^2-1/48*t^2*d^2-17/48*d^2-3/2*d*mh^2-1/6*t^2+1/8*t^2*d+1/12*t*d^2*mh^2-1/2*t*d*mh^2+1/4*t*d+1/8*d+4/3*mh^2+5/12*d^2*mh^2-1/8*t*d^2+3/4*d*mh^4
;
  A 2 3  3 2  1 2 -2 0
   1
    A 1 1  1 0  1 0 0 0
     -1-1/2*s*d-1/6*s^2+s-1/48*s^2*d^2+1/8*s^2*d
;
  A 2 3  3 2  1 2 -1 -1
   1
    A 1 1  1 0  1 0 0 0
     1/8*s*d+t+1/2*d*mh^2-1/16*s*d^2+1/24*s*d^2*mh^2-1/4*s*d*mh^2+1/8*t*s*d-1/2*t*d+1/3*s*mh^2-1/2*d-mh^2-1/48*t*s*d^2-1/6*t*s
;
  A 2 3  3 2  1 2 0 -2
   1
    A 1 1  1 0  1 0 0 0
     1/6-1/8*d^2*mh^4-mh^4+4/3*t*mh^2-1/16*t^2*d^2+1/3*t-11/48*d^2-d*mh^2-1/2*t^2+3/8*t^2*d+1/6*t*d^2*mh^2-t*d*mh^2+1/4*t*d-1/8*d+2/3*mh^2+1/3*d^2*mh^2-5/24*t*d^2+3/4*d*mh^4
;
  A 2 3  3 3  2 1 -3 0
   1
    A 1 1  1 0  1 0 0 0
     -2/5*s^3+3*s^2-6*s+3/10*s^3*d-3/2*s^2*d-1/20*s^3*d^2
;
  A 2 3  3 3  2 1 -2 -1
   1
    A 1 1  1 0  1 0 0 0
     -1-1/80*t*s^2*d^2-5/3*s*d-t+1/2*s^2*mh^2-3/8*s^2*d*mh^2+3/40*t*s^2*d+1/10*s^2-2/3*s+s*d*mh^2-1/3*t*s*d-1/10*t*s^2-2*s*mh^2-9/80*s^2*d^2+1/16*s^2*d^2*mh^2+mh^2+7/40*s^2*d+2/3*t*s
;
  A 2 3  3 3  2 1 -1 -2
   1
    A 1 1  1 0  1 0 0 0
     -5/3+1/24*t*s*d^2*mh^2-1/15*t^2*s+1/3*t*s*mh^2+mh^4-t*mh^2-1/120*t^2*s*d^2-9/20*s*d-2/3*t+3/2*d*mh^2+1/3*t^2-1/6*t^2*d+1/2*s*d*mh^4-31/120*s*d^2+1/20*t^2*s*d+7/24*s*d^2*mh^2-2/3*s*mh^4+1/2*t*d*mh^2-1/15*s-3/4*s*d*mh^2+1/15*t*s*d-1/12*s*d^2*mh^4-2/3*t*d+1/3*s*mh^2-7/6*d-mh^2-1/15*t*s*d^2-1/2*d*mh^4+2/15*t*s-1/4*t*s*d*mh^2
;
  A 2 3  3 3  2 1 0 -3
   1
    A 1 1  1 0  1 0 0 0
     -19/10-5/8*d^2*mh^4-2*mh^4-1/10*t^3+3/40*t^3*d+1/8*d^2*mh^6-7/80*t^2*d^2-3/10*t-49/80*d^2+mh^6-3/8*d*mh^2+3/10*t^2+1/40*t^2*d-3/8*t^2*d*mh^2+3/4*t*d*mh^4-1/80*t^3*d^2+3/8*t*d^2*mh^2-3/4*t*d*mh^2+1/16*t^2*d^2*mh^2-31/40*t*d-93/40*d-1/8*t*d^2*mh^4-3/4*d*mh^6-1/2*mh^2+1/2*t^2*mh^2+17/16*d^2*mh^2-23/80*t*d^2+9/4*d*mh^4-t*mh^4
;
  A 2 3  3 3  1 2 -3 0
   1
    A 1 1  1 0  1 0 0 0
     -1/10*s^3+s^2-3*s+3/40*s^3*d-1/2*s^2*d-1/80*s^3*d^2
;
  A 2 3  3 3  1 2 -2 -1
   1
    A 1 1  1 0  1 0 0 0
     -1/120*t*s^2*d^2-2/3*s*d-2*t+1/6*s^2*mh^2-1/8*s^2*d*mh^2+1/20*t*s^2*d+1/15*s^2-2/3*s+1/2*s*d*mh^2-1/3*t*s*d-1/15*t*s^2-s*mh^2-1/30*s^2*d^2+1/48*s^2*d^2*mh^2+mh^2+1/30*s^2*d+2/3*t*s
;
  A 2 3  3 3  1 2 -1 -2
   1
    A 1 1  1 0  1 0 0 0
     -1+1/24*t*s*d^2*mh^2-1/10*t^2*s+1/3*t*s*mh^2+mh^4-2*t*mh^2-1/80*t^2*s*d^2-31/120*s*d-2*t+d*mh^2+t^2-1/2*t^2*d+1/4*s*d*mh^4-23/240*s*d^2+3/40*t^2*s*d+1/8*s*d^2*mh^2-1/3*s*mh^4+t*d*mh^2-1/10*s-1/4*s*d*mh^2+1/60*t*s*d-1/24*s*d^2*mh^4-t*d-1/2*d-7/120*t*s*d^2-1/2*d*mh^4+1/5*t*s-1/4*t*s*d*mh^2
;
  A 2 3  3 3  1 2 0 -3
   1
    A 1 1  1 0  1 0 0 0
     -8/5-1/2*d^2*mh^4-mh^4-2/5*t^3+3/10*t^3*d-t*mh^2+1/8*d^2*mh^6-9/40*t^2*d^2-6/5*t-13/40*d^2+mh^6+3/8*d*mh^2+6/5*t^2-3/20*t^2*d-9/8*t^2*d*mh^2+3/2*t*d*mh^4-1/20*t^3*d^2+5/8*t*d^2*mh^2-3/4*t*d*mh^2+3/16*t^2*d^2*mh^2-8/5*t*d-31/20*d-1/4*t*d^2*mh^4-3/4*d*mh^6-1/2*mh^2+3/2*t^2*mh^2+11/16*d^2*mh^2-2/5*t*d^2+3/2*d*mh^4-2*t*mh^4
;
  A 2 3  3 4  2 1 -3 -1
   1
    A 2 3  3 4  2 1 -4 0
     s^(-1)*(-1+t)
    A 1 1  1 0  1 0 0 0
     -1/40*d^(-1)*(-720+95*t*s^2*d^2+12*s^3*d^2*mh^2-360*s*d+16*t*s^3*d+720*t-2*s^3*d^3*mh^2+120*s^2*d*mh^2-12*t*s^3*d^2-190*t*s^2*d+2*t*s^3*d^3+480*s-240*s*d*mh^2-24*s^3*d+840*t*s*d+25*s^2*d^2-60*s^2*d^2*mh^2+2*s^3*d^3+310*s^2*d+8*s^3*d^2-16*s^3*d*mh^2)
;
  A 2 3  3 4  2 1 -2 -2
   1
    A 2 3  3 4  2 1 -4 0
     -s^(-2)*(-1+t)^2
    A 1 1  1 0  1 0 0 0
     -1/240*s^(-1)*(-3840+1200*t*s^2*d^2+84*s^3*d^2*mh^2+320*t*s^2*d*mh^2-6*t*s^3*d^3*mh^2-4080*s*d+120*t*s^3*d+7680*t-3840*t^2+120*s^3*d*mh^4+240*s*d*mh^4-54*s^3*d^3*mh^2-320*s^2*d*mh^2-120*t*s^3*d^2-4080*t^2*s*d+240*s^2*d^2*mh^4-1440*t*s^2*d+36*t*s^3*d^2*mh^2+30*t*s^3*d^3+1920*s^2+15*s^3*d^3*mh^4-480*s^2*d*mh^4-48*t*s^3*d*mh^2+54*t^2*s^3*d^2-480*s*d*mh^2+72*s^3*d+9120*t*s*d-9*t^2*s^3*d^3+880*t^2*s^2*d+200*s^2*d^2-800*s^2*d^2*mh^2-160*t*s^2*d^2*mh^2+39*s^3*d^3+3440*s^2*d-440*t^2*s^2*d^2-90*s^3*d^2*mh^4+246*s^3*d^2-72*t^2*s^3*d+960*t*s-480*t*s*d*mh^2+48*s^3*d*mh^2)*d^(-1)
;
  A 2 3  3 4  2 1 -1 -3
   1
    A 2 3  3 4  2 1 -4 0
     s^(-3)*(-1+t)^3
    A 1 1  1 0  1 0 0 0
     -1/240*(-3840+1770*t*s^2*d^2-324*s^3*d^2*mh^2-1020*t^3*s^2*d-48*t^2*s^3*d*mh^2+11*t^3*s^3*d^3+180*t*s^2*d^2*mh^4+3840*t^3-160*s^3*d*mh^6-480*t*s^2*d*mh^2-66*t^3*s^3*d^2-48*t*s^3*d^3*mh^2-4320*s*d+432*t*s^3*d+11520*t-11520*t^2+120*s^3*d*mh^4+120*t*s^3*d*mh^4-120*s^2*d^2*mh^6+960*s^3+88*t^3*s^3*d-186*s^3*d^3*mh^2-1200*s^2*d*mh^2+6*t*s^3*d^2-12960*t^2*s*d-120*t^2*s^2*d^2*mh^2+540*s^2*d^2*mh^4-1380*t*s^2*d+48*t*s^3*d^2*mh^2+69*t*s^3*d^3+510*t^3*s^2*d^2+1440*s^2+105*s^3*d^3*mh^4-360*s^2*d*mh^4+96*t*s^3*d*mh^2+186*t^2*s^3*d^2+1528*s^3*d+12960*t*s*d+1440*t*s^2-20*s^3*d^3*mh^6-90*t*s^3*d^2*mh^4+240*s^2*d*mh^6-6*t^2*s^3*d^3*mh^2-21*t^2*s^3*d^3+240*t^2*s^2*d*mh^2+3300*t^2*s^2*d-30*s^2*d^2-840*s^2*d^2*mh^2-480*t*s^2*d^2*mh^2+101*s^3*d^3+2940*s^2*d-1290*t^2*s^2*d^2-270*s^3*d^2*mh^4+834*s^3*d^2-288*t^2*s^3*d+36*t^2*s^3*d^2*mh^2+4320*t^3*s*d-48*s^3*d*mh^2-360*t*s^2*d*mh^4+15*t*s^3*d^3*mh^4+120*s^3*d^2*mh^6)*s^(-2)*d^(-1)
;
  A 2 3  3 4  2 1 0 -4
   1
    A 2 3  3 4  2 1 -4 0
     -s^(-4)*(-1+t)^4
    A 1 1  1 0  1 0 0 0
     -1/120*(-1920+960*t*s^2*d^2-1116*s^3*d^2*mh^2-1920*t^3*s^2*d+144*t^2*s^3*d*mh^2+28*t^3*s^3*d^3+7680*t^3-320*s^3*d*mh^6-2160*t^4*s*d-108*t^3*s^3*d^2-138*t*s^3*d^3*mh^2-2160*s*d+1576*t*s^3*d+7680*t+15*s^3*d^3*mh^8-11520*t^2-90*t^2*s^3*d^2*mh^4-120*s^3*d*mh^4+1920*s^3+104*t^3*s^3*d-294*s^3*d^3*mh^2+468*t*s^3*d^2-12960*t^2*s*d-48*t^3*s^3*d*mh^2+15*t^2*s^3*d^3*mh^4-160*t*s^3*d*mh^6-90*s^3*d^2*mh^8-1920*t*s^2*d-372*t*s^3*d^2*mh^2+92*t*s^3*d^3+960*t^3*s^2*d^2+120*t*s^3*d^2*mh^6+255*s^3*d^3*mh^4+36*t^3*s^3*d^2*mh^2+120*s^3*d*mh^8-240*t^4*s^2*d^2-144*t*s^3*d*mh^2+360*t^2*s^3*d^2+2912*s^3*d+8640*t*s*d-100*s^3*d^3*mh^6-32*t^4*s^3*d-180*t*s^3*d^2*mh^4-42*t^2*s^3*d^3*mh^2+960*t*s^3+2880*t^2*s^2*d-240*s^2*d^2+124*s^3*d^3+480*s^2*d-1440*t^2*s^2*d^2+24*t^4*s^3*d^2-90*s^3*d^2*mh^4-20*t*s^3*d^3*mh^6+120*t^2*s^3*d*mh^4-6*t^3*s^3*d^3*mh^2+1176*s^3*d^2-1920*t^4+12*t^2*s^3*d^2*mh^2+8640*t^3*s*d-912*s^3*d*mh^2+90*t*s^3*d^3*mh^4+480*t^4*s^2*d+360*s^3*d^2*mh^6-4*t^4*s^3*d^3)*s^(-3)*d^(-1)
;
  A 2 3  3 4  1 2 -4 0
   1
    A 2 3  3 4  2 1 -4 0
     1
    A 1 1  1 0  1 0 0 0
     1/20*(6*s^4*d^2-s^4*d^3-8*s^4*d-480*s+100*s^3*d-480*s^2*d-50*s^3*d^2)*d^(-1)
;
  A 2 3  3 4  1 2 -3 -1
   1
    A 2 3  3 4  2 1 -4 0
     -s^(-1)*(-1+t)
    A 1 1  1 0  1 0 0 0
     1/80*(-960+140*t*s^2*d^2-6*s^3*d^2*mh^2-1680*s*d+24*t*s^3*d+960*t+s^3*d^3*mh^2-80*s^2*d*mh^2-18*t*s^3*d^2-280*t*s^2*d+3*t*s^3*d^3-480*s+240*s*d*mh^2-20*s^3*d+1200*t*s*d-220*s^2*d^2+40*s^2*d^2*mh^2-5*s^3*d^3+200*s^2*d+20*s^3*d^2+8*s^3*d*mh^2)*d^(-1)
;
  A 2 3  3 4  1 2 -2 -2
   1
    A 2 3  3 4  2 1 -4 0
     s^(-2)*(-1+t)^2
    A 1 1  1 0  1 0 0 0
     1/240*(-3840+760*t*s^2*d^2-16*s^3*d^2*mh^2-320*t*s^2*d*mh^2+4*t*s^3*d^3*mh^2-4080*s*d+192*t*s^3*d+7680*t-3840*t^2-40*s^3*d*mh^4-240*s*d*mh^4+16*s^3*d^3*mh^2+320*s^2*d*mh^2-124*t*s^3*d^2-5040*t^2*s*d-120*s^2*d^2*mh^4-2480*t*s^2*d-24*t*s^3*d^2*mh^2+14*t*s^3*d^3-960*s^2-5*s^3*d^3*mh^4+240*s^2*d*mh^4+960*s+32*t*s^3*d*mh^2+66*t^2*s^3*d^2-144*s^3*d+8160*t*s*d-11*t^2*s^3*d^3+1080*t^2*s^2*d-700*s^2*d^2+320*s^2*d^2*mh^2+160*t*s^2*d^2*mh^2-23*s^3*d^3-40*s^2*d-540*t^2*s^2*d^2+30*s^3*d^2*mh^4-2*s^3*d^2-88*t^2*s^3*d-1920*t*s+960*t*s*d*mh^2-32*s^3*d*mh^2)*s^(-1)*d^(-1)
;
  A 2 3  3 4  1 2 -1 -3
   1
    A 2 3  3 4  2 1 -4 0
     -s^(-3)*(-1+t)^3
    A 1 1  1 0  1 0 0 0
     1/240*(-3840+1080*t*s^2*d^2+186*s^3*d^2*mh^2-720*t^3*s^2*d+72*t^2*s^3*d*mh^2+8*t^3*s^3*d^3-360*t*s^2*d^2*mh^4+3840*t^3+80*s^3*d*mh^6+1440*t*s^2*d*mh^2-48*t^3*s^3*d^2+42*t*s^3*d^3*mh^2-4320*s*d+11520*t-11520*t^2-120*t*s^3*d*mh^4+120*s^2*d^2*mh^6-480*s^3+64*t^3*s^3*d+69*s^3*d^3*mh^2+720*s^2*d*mh^2-360*t*s^3*d^2-12960*t^2*s*d+360*t^2*s^2*d^2*mh^2-360*s^2*d^2*mh^4-5040*t*s^2*d-12*t*s^3*d^2*mh^2+360*t^3*s^2*d^2-45*s^3*d^3*mh^4-144*t*s^3*d*mh^2+162*t^2*s^3*d^2-788*s^3*d+12960*t*s*d-2880*t*s^2+10*s^3*d^3*mh^6+90*t*s^3*d^2*mh^4-240*s^2*d*mh^6+9*t^2*s^3*d^3*mh^2-42*t^2*s^3*d^3-720*t^2*s^2*d*mh^2+1440*t^2*s^2*d-600*s^2*d^2+360*s^2*d^2*mh^2+720*t*s^2*d^2*mh^2-46*s^3*d^3+480*s^2*d-1800*t^2*s^2*d^2+90*s^3*d^2*mh^4-234*s^3*d^2-156*t^2*s^3*d-54*t^2*s^3*d^2*mh^2+4320*t^3*s*d+72*s^3*d*mh^2+720*t*s^2*d*mh^4-15*t*s^3*d^3*mh^4-60*s^3*d^2*mh^6)*s^(-2)*d^(-1)
;
  A 2 3  3 4  1 2 0 -4
   1
    A 2 3  3 4  2 1 -4 0
     s^(-4)*(-1+t)^4
    A 1 1  1 0  1 0 0 0
     1/120*(-1920+960*t*s^2*d^2+744*s^3*d^2*mh^2-1920*t^3*s^2*d-576*t^2*s^3*d*mh^2-8*t^3*s^3*d^3+7680*t^3+160*s^3*d*mh^6-2160*t^4*s*d-192*t^3*s^3*d^2+192*t*s^3*d^3*mh^2-2160*s*d-2192*t*s^3*d+7680*t-15*s^3*d^3*mh^8-11520*t^2+270*t^2*s^3*d^2*mh^4+120*s^3*d*mh^4+240*t*s^3*d*mh^4-960*s^3+416*t^3*s^3*d+156*s^3*d^3*mh^2-936*t*s^3*d^2-12960*t^2*s*d+192*t^3*s^3*d*mh^2-45*t^2*s^3*d^3*mh^4+320*t*s^3*d*mh^6+90*s^3*d^2*mh^8-1920*t*s^2*d+768*t*s^3*d^2*mh^2-64*t*s^3*d^3+960*t^3*s^2*d^2-240*t*s^3*d^2*mh^6-165*s^3*d^3*mh^4-144*t^3*s^3*d^2*mh^2-120*s^3*d*mh^8-240*t^4*s^2*d^2+576*t*s^3*d*mh^2-324*t^2*s^3*d^2-1576*s^3*d+8640*t*s*d+80*s^3*d^3*mh^6-80*t^4*s^3*d+180*t*s^3*d^2*mh^4+108*t^2*s^3*d^3*mh^2-1920*t*s^3-96*t^2*s^3*d^3+2880*t^2*s^2*d-240*s^2*d^2-62*s^3*d^3+480*s^2*d-1440*t^2*s^2*d^2+60*t^4*s^3*d^2-90*s^3*d^2*mh^4+40*t*s^3*d^3*mh^6-360*t^2*s^3*d*mh^4+24*t^3*s^3*d^3*mh^2-528*s^3*d^2-1128*t^2*s^3*d-1920*t^4+72*t^2*s^3*d^2*mh^2+8640*t^3*s*d+768*s^3*d*mh^2-150*t*s^3*d^3*mh^4+480*t^4*s^2*d-240*s^3*d^2*mh^6-10*t^4*s^3*d^3)*s^(-3)*d^(-1)
;
  A 2 3  4 0  3 1 0 0
   1
    A 1 1  1 0  1 0 0 0
     1-1/48*d^3+1/4*d^2-11/12*d
;
  A 2 3  4 0  2 2 0 0
   1
    A 1 1  1 0  1 0 0 0
     1-1/48*d^3+1/4*d^2-11/12*d
;
  A 2 3  4 0  1 3 0 0
   1
    A 1 1  1 0  1 0 0 0
     1-1/48*d^3+1/4*d^2-11/12*d
;
  A 2 3  4 1  3 1 -1 0
   1
    A 1 1  1 0  1 0 0 0
     -1-11/16*s*d-1/8*d^2+3/16*s*d^2-1/64*s*d^3+3/4*s+3/4*d
;
  A 2 3  4 1  3 1 0 -1
   1
    A 1 1  1 0  1 0 0 0
     3/4-7/192*d^3+1/4*t+5/16*d^2+11/12*d*mh^2+1/48*d^3*mh^2-11/48*t*d-41/48*d-mh^2-1/4*d^2*mh^2+1/16*t*d^2-1/192*t*d^3
;
  A 2 3  4 1  2 2 -1 0
   1
    A 1 1  1 0  1 0 0 0
     -1-11/24*s*d-1/8*d^2+1/8*s*d^2-1/96*s*d^3+1/2*s+3/4*d
;
  A 2 3  4 1  2 2 0 -1
   1
    A 1 1  1 0  1 0 0 0
     1/2-1/32*d^3+1/2*t+1/4*d^2+11/12*d*mh^2+1/48*d^3*mh^2-11/24*t*d-5/8*d-mh^2-1/4*d^2*mh^2+1/8*t*d^2-1/96*t*d^3
;
  A 2 3  4 1  1 3 -1 0
   1
    A 1 1  1 0  1 0 0 0
     -1-11/48*s*d-1/8*d^2+1/16*s*d^2-1/192*s*d^3+1/4*s+3/4*d
;
  A 2 3  4 1  1 3 0 -1
   1
    A 1 1  1 0  1 0 0 0
     1/4-5/192*d^3+3/4*t+3/16*d^2+11/12*d*mh^2+1/48*d^3*mh^2-11/16*t*d-19/48*d-mh^2-1/4*d^2*mh^2+3/16*t*d^2-1/64*t*d^3
;
  A 2 3  4 2  3 1 -2 0
   1
    A 1 1  1 0  1 0 0 0
     1+3/2*s*d-1/4*s*d^2+3/5*s^2-1/80*s^2*d^3-2*s-1/2*d+3/20*s^2*d^2-11/20*s^2*d
;
  A 2 3  4 2  3 1 -1 -1
   1
    A 1 1  1 0  1 0 0 0
     -2/3+1/64*s*d^3*mh^2-39/80*s*d-1/3*t-5/24*d^2-3/4*d*mh^2+17/80*s*d^2-3/16*s*d^2*mh^2-9/320*s*d^3+7/20*s+11/16*s*d*mh^2-11/80*t*s*d+1/4*t*d-3/4*s*mh^2+3/4*d+mh^2-1/320*t*s*d^3+1/8*d^2*mh^2-1/24*t*d^2+3/80*t*s*d^2+3/20*t*s
;
  A 2 3  4 2  3 1 0 -2
   1
    A 1 1  1 0  1 0 0 0
     1/10+1/4*d^2*mh^4+mh^4-31/480*d^3-1/480*t^2*d^3-1/2*t*mh^2+1/40*t^2*d^2+2/15*t+11/40*d^2+1/96*t*d^3*mh^2+41/24*d*mh^2+1/10*t^2-11/120*t^2*d-1/48*d^3*mh^4-1/8*t*d^2*mh^2+11/24*t*d*mh^2+7/96*d^3*mh^2-7/30*t*d-41/120*d-3/2*mh^2-5/8*d^2*mh^2+7/60*t*d^2-11/12*d*mh^4-1/60*t*d^3
;
  A 2 3  4 2  2 2 -2 0
   1
    A 1 1  1 0  1 0 0 0
     1+s*d-1/6*s*d^2+3/10*s^2-1/160*s^2*d^3-4/3*s-1/2*d+3/40*s^2*d^2-11/40*s^2*d
;
  A 2 3  4 2  2 2 -1 -1
   1
    A 1 1  1 0  1 0 0 0
     -1/3+1/96*s*d^3*mh^2-7/30*s*d-2/3*t-1/6*d^2-3/4*d*mh^2+7/60*s*d^2-1/8*s*d^2*mh^2-1/60*s*d^3+2/15*s+11/24*s*d*mh^2-11/60*t*s*d+1/2*t*d-1/2*s*mh^2+1/2*d+mh^2-1/240*t*s*d^3+1/8*d^2*mh^2-1/12*t*d^2+1/20*t*s*d^2+1/5*t*s
;
  A 2 3  4 2  2 2 0 -2
   1
    A 1 1  1 0  1 0 0 0
     -1/30+1/4*d^2*mh^4+mh^4-23/480*d^3-1/160*t^2*d^3-t*mh^2+3/40*t^2*d^2+1/15*t+19/120*d^2+1/48*t*d^3*mh^2+5/4*d*mh^2+3/10*t^2-11/40*t^2*d-1/48*d^3*mh^4-1/4*t*d^2*mh^2+11/12*t*d*mh^2+1/16*d^3*mh^2-17/60*t*d-13/120*d-mh^2-1/2*d^2*mh^2+11/60*t*d^2-11/12*d*mh^4-7/240*t*d^3
;
  A 2 3  4 2  1 3 -2 0
   1
    A 1 1  1 0  1 0 0 0
     1+1/2*s*d-1/12*s*d^2+1/10*s^2-1/480*s^2*d^3-2/3*s-1/2*d+1/40*s^2*d^2-11/120*s^2*d
;
  A 2 3  4 2  1 3 -1 -1
   1
    A 1 1  1 0  1 0 0 0
     1/192*s*d^3*mh^2-17/240*s*d-t-1/8*d^2-3/4*d*mh^2+11/240*s*d^2-1/16*s*d^2*mh^2-7/960*s*d^3+1/60*s+11/48*s*d*mh^2-11/80*t*s*d+3/4*t*d-1/4*s*mh^2+1/4*d+mh^2-1/320*t*s*d^3+1/8*d^2*mh^2-1/8*t*d^2+3/80*t*s*d^2+3/20*t*s
;
  A 2 3  4 2  1 3 0 -2
   1
    A 1 1  1 0  1 0 0 0
     -1/15+1/4*d^2*mh^4+mh^4-1/30*d^3-1/80*t^2*d^3-3/2*t*mh^2+3/20*t^2*d^2-1/5*t+1/15*d^2+1/32*t*d^3*mh^2+19/24*d*mh^2+3/5*t^2-11/20*t^2*d-1/48*d^3*mh^4-3/8*t*d^2*mh^2+11/8*t*d*mh^2+5/96*d^3*mh^2-3/20*t*d+1/30*d-1/2*mh^2-3/8*d^2*mh^2+1/5*t*d^2-11/12*d*mh^4-3/80*t*d^3
;
  A 2 3  4 3  3 1 -3 0
   1
    A 1 1  1 0  1 0 0 0
     -1-9/4*s*d+1/2*s^3-3*s^2+9/2*s-11/24*s^3*d-3/8*s^2*d^2-1/96*s^3*d^3+9/4*s^2*d+1/8*s^3*d^2
;
  A 2 3  4 3  3 1 -2 -1
   1
    A 1 1  1 0  1 0 0 0
     1/2+1/40*t*s^2*d^2+9/8*s*d-1/480*t*s^2*d^3+1/2*t+1/2*d*mh^2-3/5*s^2*mh^2+11/20*s^2*d*mh^2-7/16*s*d^2-11/120*t*s^2*d+1/4*s*d^2*mh^2+1/10*s^2-11/480*s^2*d^3-1/2*s-3/2*s*d*mh^2+3/8*t*s*d+1/10*t*s^2-1/4*t*d+2*s*mh^2-3/4*d+3/20*s^2*d^2-3/20*s^2*d^2*mh^2-mh^2-31/120*s^2*d+1/80*s^2*d^3*mh^2-1/16*t*s*d^2-1/2*t*s
;
  A 2 3  4 3  3 1 -1 -2
   1
    A 1 1  1 0  1 0 0 0
     1/6-1/8*d^2*mh^4-1/960*t^2*s*d^3-3/40*t*s*d^2*mh^2+1/20*t^2*s-3/10*t*s*mh^2-mh^4+2/3*t*mh^2+1/80*t^2*s*d^2+9/160*s*d^3*mh^2+1/240*s*d-1/48*t^2*d^2-17/48*d^2-3/2*d*mh^2-1/6*t^2+1/8*t^2*d-11/16*s*d*mh^4+1/160*t*s*d^3*mh^2+9/80*s*d^2-11/240*t^2*s*d+1/12*t*d^2*mh^2-17/40*s*d^2*mh^2-49/960*s*d^3+3/4*s*mh^4-1/2*t*d*mh^2-1/20*s+39/40*s*d*mh^2-1/12*t*s*d+3/16*s*d^2*mh^4+1/4*t*d-7/10*s*mh^2+1/8*d+4/3*mh^2-1/96*t*s*d^3+5/12*d^2*mh^2-1/8*t*d^2+1/16*t*s*d^2+3/4*d*mh^4+11/40*t*s*d*mh^2-1/64*s*d^3*mh^4
;
  A 2 3  4 3  3 1 0 -3
   1
    A 1 1  1 0  1 0 0 0
     1/20+15/16*d^2*mh^4+9/4*mh^4+1/20*t^3-11/240*t^3*d-37/320*d^3-3/320*t^2*d^3-2/5*t*mh^2-1/4*d^2*mh^6+1/20*t^2*d^2-1/20*t-9/80*d^2-mh^6+1/20*t*d^3*mh^2+41/40*d*mh^2-1/20*t^2-3/80*t^2*d-1/960*t^3*d^3+11/40*t^2*d*mh^2-11/16*t*d*mh^4-7/64*d^3*mh^4+1/80*t^3*d^2-7/20*t*d^2*mh^2+1/48*d^3*mh^6+7/10*t*d*mh^2+31/160*d^3*mh^2-3/40*t^2*d^2*mh^2+7/80*t*d+13/80*d+3/16*t*d^2*mh^4+11/12*d*mh^6-3/10*mh^2-3/10*t^2*mh^2-33/40*d^2*mh^2+1/20*t*d^2-1/64*t*d^3*mh^4-41/16*d*mh^4+3/4*t*mh^4-13/320*t*d^3+1/160*t^2*d^3*mh^2
;
  A 2 3  4 3  2 2 -3 0
   1
    A 1 1  1 0  1 0 0 0
     -1-3/2*s*d+1/5*s^3-3/2*s^2+3*s-11/60*s^3*d-3/16*s^2*d^2-1/240*s^3*d^3+9/8*s^2*d+1/20*s^3*d^2
;
  A 2 3  4 3  2 2 -2 -1
   1
    A 1 1  1 0  1 0 0 0
     1/40*t*s^2*d^2+1/2*s*d-1/480*t*s^2*d^3+t+1/2*d*mh^2-3/10*s^2*mh^2+11/40*s^2*d*mh^2-1/4*s*d^2-11/120*t*s^2*d+1/6*s*d^2*mh^2-1/96*s^2*d^3-s*d*mh^2+1/2*t*s*d+1/10*t*s^2-1/2*t*d+4/3*s*mh^2-1/2*d+1/16*s^2*d^2-3/40*s^2*d^2*mh^2-mh^2-1/12*s^2*d+1/160*s^2*d^3*mh^2-1/12*t*s*d^2-2/3*t*s
;
  A 2 3  4 3  2 2 -1 -2
   1
    A 1 1  1 0  1 0 0 0
     1/6-1/8*d^2*mh^4-1/480*t^2*s*d^3-1/10*t*s*d^2*mh^2+1/10*t^2*s-2/5*t*s*mh^2-mh^4+4/3*t*mh^2+1/40*t^2*s*d^2+1/30*s*d^3*mh^2+7/120*s*d-1/16*t^2*d^2+1/3*t-11/48*d^2-d*mh^2-1/2*t^2+3/8*t^2*d-11/24*s*d*mh^4+1/120*t*s*d^3*mh^2+1/30*s*d^2-11/120*t^2*s*d+1/6*t*d^2*mh^2-7/30*s*d^2*mh^2-13/480*s*d^3+1/2*s*mh^4-t*d*mh^2-1/30*s+7/15*s*d*mh^2-1/20*t*s*d+1/8*s*d^2*mh^4+1/4*t*d-4/15*s*mh^2-1/8*d+2/3*mh^2-1/80*t*s*d^3+1/3*d^2*mh^2-5/24*t*d^2+1/15*t*s*d^2+3/4*d*mh^4-1/15*t*s+11/30*t*s*d*mh^2-1/96*s*d^3*mh^4
;
  A 2 3  4 3  2 2 0 -3
   1
    A 1 1  1 0  1 0 0 0
     1/10+3/4*d^2*mh^4+3/2*mh^4+1/5*t^3-11/60*t^3*d-3/40*d^3-1/40*t^2*d^3-1/5*t*mh^2-1/4*d^2*mh^6+9/80*t^2*d^2-13/80*d^2-mh^6+7/80*t*d^3*mh^2+13/40*d*mh^2-3/10*t^2+1/40*t^2*d-1/240*t^3*d^3+33/40*t^2*d*mh^2-11/8*t*d*mh^4-3/32*d^3*mh^4+1/20*t^3*d^2-11/20*t*d^2*mh^2+1/48*d^3*mh^6+17/20*t*d*mh^2+23/160*d^3*mh^2-9/40*t^2*d^2*mh^2+1/4*t*d+3/40*d+3/8*t*d^2*mh^4+11/12*d*mh^6+1/10*mh^2-9/10*t^2*mh^2-19/40*d^2*mh^2-1/32*t*d^3*mh^4-15/8*d*mh^4+3/2*t*mh^4-1/16*t*d^3+3/160*t^2*d^3*mh^2
;
  A 2 3  4 3  1 3 -3 0
   1
    A 1 1  1 0  1 0 0 0
     -1-3/4*s*d+1/20*s^3-1/2*s^2+3/2*s-11/240*s^3*d-1/16*s^2*d^2-1/960*s^3*d^3+3/8*s^2*d+1/80*s^3*d^2
;
  A 2 3  4 3  1 3 -2 -1
   1
    A 1 1  1 0  1 0 0 0
     -1/2+1/80*t*s^2*d^2+1/8*s*d-1/960*t*s^2*d^3+3/2*t+1/2*d*mh^2-1/10*s^2*mh^2+11/120*s^2*d*mh^2-5/48*s*d^2-11/240*t*s^2*d+1/12*s*d^2*mh^2-1/60*s^2-1/320*s^2*d^3+1/6*s-1/2*s*d*mh^2+3/8*t*s*d+1/20*t*s^2-3/4*t*d+2/3*s*mh^2-1/4*d+1/60*s^2*d^2-1/40*s^2*d^2*mh^2-mh^2-1/80*s^2*d+1/480*s^2*d^3*mh^2-1/16*t*s*d^2-1/2*t*s
;
  A 2 3  4 3  1 3 -1 -2
   1
    A 1 1  1 0  1 0 0 0
     -1/8*d^2*mh^4-1/480*t^2*s*d^3-3/40*t*s*d^2*mh^2+1/10*t^2*s-3/10*t*s*mh^2-mh^4+2*t*mh^2+1/40*t^2*s*d^2+7/480*s*d^3*mh^2+1/24*s*d-1/8*t^2*d^2+t-1/8*d^2-1/2*d*mh^2-t^2+3/4*t^2*d-11/48*s*d*mh^4+1/160*t*s*d^3*mh^2-11/120*t^2*s*d+1/4*t*d^2*mh^2-11/120*s*d^2*mh^2-1/96*s*d^3+1/4*s*mh^4-3/2*t*d*mh^2+17/120*s*d*mh^2+1/120*t*s*d+1/16*s*d^2*mh^4-1/30*s*mh^2-1/4*d-1/120*t*s*d^3+1/4*d^2*mh^2-1/4*t*d^2+3/80*t*s*d^2+3/4*d*mh^4-1/10*t*s+11/40*t*s*d*mh^2-1/192*s*d^3*mh^4
;
  A 2 3  4 3  1 3 0 -3
   1
    A 1 1  1 0  1 0 0 0
     1/10+9/16*d^2*mh^4+3/4*mh^4+1/2*t^3-11/24*t^3*d-7/160*d^3-7/160*t^2*d^3+3/5*t*mh^2-1/4*d^2*mh^6+3/20*t^2*d^2+3/10*t-13/80*d^2-mh^6+9/80*t*d^3*mh^2-1/10*d*mh^2-9/10*t^2+13/40*t^2*d-1/96*t^3*d^3+33/20*t^2*d*mh^2-33/16*t*d*mh^4-5/64*d^3*mh^4+1/8*t^3*d^2-3/5*t*d^2*mh^2+1/48*d^3*mh^6+9/20*t*d*mh^2+1/10*d^3*mh^2-9/20*t^2*d^2*mh^2+7/20*t*d-1/20*d+9/16*t*d^2*mh^4+11/12*d*mh^6+1/5*mh^2-9/5*t^2*mh^2-1/5*d^2*mh^2-9/80*t*d^2-3/64*t*d^3*mh^4-19/16*d*mh^4+9/4*t*mh^4-11/160*t*d^3+3/80*t^2*d^3*mh^2
;
  A 2 3  4 4  2 2 -4 0
   1
    A 2 3  4 4  3 1 -4 0
     2
    A 2 3  4 3  3 1 -3 0
     -2*s
    A 2 3  3 3  2 1 -3 0
     -4
    A 1 1  3 3  3 0 -3 0
     -2
    A 1 1  2 2  2 0 -2 0
     3
;
  A 2 3  4 4  2 2 -3 -1
   1
    A 2 3  4 4  3 1 -3 -1
     2
    A 2 3  4 3  3 1 -2 -1
     -2*s
    A 2 3  3 3  2 1 -2 -1
     -3
    A 2 3  3 3  2 1 -3 0
     -1
    A 2 3  3 2  2 1 -2 0
     1-t
    A 1 1  3 3  3 0 -2 -1
     -2
    A 1 1  2 2  2 0 -1 -1
     2
    A 1 1  2 2  2 0 -2 0
     1
;
  A 2 3  4 4  2 2 -3 -1
   1
    A 2 3  4 4  3 1 -3 -1
     2
    A 2 3  4 3  2 2 -3 0
     -1-t+mh^2
    A 2 3  4 3  3 1 -3 0
     -4+2*mh^2
    A 2 3  3 3  1 2 -3 0
     -1
    A 2 3  3 3  2 1 -2 -1
     -3
    A 2 3  3 3  2 1 -3 0
     -2
    A 2 3  3 2  2 1 -2 0
     6-3*s-3*mh^2
    A 2 3  2 2  1 1 -2 0
     3
;
  A 2 3  4 4  2 2 -3 -1
   1
    A 2 3  4 4  2 2 -4 0
     s^(-1)*(-1+t)
    A 2 3  4 3  2 2 -3 0
     -1-t+mh^2
    A 2 3  3 3  1 2 -3 0
     -1
    A 2 3  3 3  2 1 -2 -1
     -3
    A 2 3  3 3  2 1 -3 0
     -s^(-1)*(-1+t-3*s)
    A 2 3  3 2  2 1 -2 0
     6-3*s-3*mh^2
    A 2 3  2 2  1 1 -2 0
     3
    A 1 1  2 2  2 0 -2 0
     -3
;
  A 2 3  4 4  2 2 -2 -2
   1
    A 2 3  4 4  3 1 -2 -2
     2
    A 2 3  4 3  3 1 -1 -2
     -2*s
    A 2 3  3 3  2 1 -1 -2
     -2
    A 2 3  3 3  2 1 -2 -1
     -2
    A 2 3  3 2  2 1 -1 -1
     2-2*t
    A 1 1  3 3  3 0 -1 -2
     -2
    A 1 1  2 2  2 0 0 -2
     1
    A 1 1  2 2  2 0 -1 -1
     2
;
  A 2 3  4 4  2 2 -2 -2
   1
    A 2 3  4 4  3 1 -2 -2
     2
    A 2 3  4 3  2 2 -2 -1
     -1-t+mh^2
    A 2 3  4 3  3 1 -2 -1
     -4+2*mh^2
    A 2 3  3 3  1 2 -2 -1
     -1
    A 2 3  3 3  2 1 -1 -2
     -2
    A 2 3  3 3  2 1 -2 -1
     -3
    A 2 3  3 2  2 1 -1 -1
     4-2*s-2*mh^2
    A 2 3  3 2  2 1 -2 0
     -mh^2
    A 2 3  2 2  1 1 -1 -1
     2
    A 2 3  2 2  1 1 -2 0
     1
;
  A 2 3  4 4  2 2 -2 -2
   1
    A 2 3  4 4  2 2 -3 -1
     s^(-1)*(-1+t)
    A 2 3  4 3  2 2 -2 -1
     -1-t+mh^2
    A 2 3  3 3  1 2 -2 -1
     -1
    A 2 3  3 3  2 1 -1 -2
     -2
    A 2 3  3 3  2 1 -2 -1
     -(-2+2*t-s)*s^(-1)
    A 2 3  3 3  2 1 -3 0
     2*s^(-1)
    A 2 3  3 2  2 1 -1 -1
     4-2*s-2*mh^2
    A 2 3  3 2  2 1 -2 0
     -s^(-1)*(2+t*mh^2-2*t+s*mh^2-mh^2)
    A 2 3  2 2  1 1 -1 -1
     2
    A 2 3  2 2  1 1 -2 0
     s^(-1)*(-1+t+s)
    A 1 1  2 2  2 0 -1 -1
     -2
    A 1 1  2 2  2 0 -2 0
     -2*s^(-1)
;
  A 2 3  4 4  2 2 -1 -3
   1
    A 2 3  4 4  3 1 -1 -3
     2
    A 2 3  4 3  3 1 0 -3
     -2*s
    A 2 3  3 3  2 1 0 -3
     -1
    A 2 3  3 3  2 1 -1 -2
     -3
    A 2 3  3 2  2 1 0 -2
     3-3*t
    A 1 1  3 3  3 0 0 -3
     -2
    A 1 1  2 2  2 0 0 -2
     3
;
  A 2 3  4 4  2 2 -1 -3
   1
    A 2 3  4 4  3 1 -1 -3
     2
    A 2 3  4 3  2 2 -1 -2
     -1-t+mh^2
    A 2 3  4 3  3 1 -1 -2
     -4+2*mh^2
    A 2 3  3 3  1 2 -1 -2
     -1
    A 2 3  3 3  2 1 0 -3
     -1
    A 2 3  3 3  2 1 -1 -2
     -4
    A 2 3  3 2  2 1 0 -2
     2-s-mh^2
    A 2 3  3 2  2 1 -1 -1
     -2*mh^2
    A 2 3  2 2  1 1 0 -2
     1
    A 2 3  2 2  1 1 -1 -1
     2
;
  A 2 3  4 4  2 2 -1 -3
   1
    A 2 3  4 4  2 2 -2 -2
     s^(-1)*(-1+t)
    A 2 3  4 3  2 2 -1 -2
     -1-t+mh^2
    A 2 3  3 3  1 2 -1 -2
     -1
    A 2 3  3 3  2 1 0 -3
     -1
    A 2 3  3 3  2 1 -1 -2
     -(-3+3*t+s)*s^(-1)
    A 2 3  3 3  2 1 -2 -1
     4*s^(-1)
    A 2 3  3 2  2 1 0 -2
     2-s-mh^2
    A 2 3  3 2  2 1 -1 -1
     -2*s^(-1)*(2+t*mh^2-2*t+s*mh^2-mh^2)
    A 2 3  2 2  1 1 0 -2
     1
    A 2 3  2 2  1 1 -1 -1
     2*s^(-1)*(-1+t+s)
    A 1 1  2 2  2 0 0 -2
     -1
    A 1 1  2 2  2 0 -1 -1
     -4*s^(-1)
;
  A 2 3  4 4  2 2 0 -4
   1
    A 2 3  4 4  3 1 0 -4
     2
    A 2 3  4 3  2 2 0 -3
     -1-t+mh^2
    A 2 3  4 3  3 1 0 -3
     -4+2*mh^2
    A 2 3  3 3  1 2 0 -3
     -1
    A 2 3  3 3  2 1 0 -3
     -5
    A 2 3  3 2  2 1 0 -2
     -3*mh^2
    A 2 3  2 2  1 1 0 -2
     3
;
  A 2 3  4 4  2 2 0 -4
   1
    A 2 3  4 4  2 2 -1 -3
     s^(-1)*(-1+t)
    A 2 3  4 3  2 2 0 -3
     -1-t+mh^2
    A 2 3  3 3  1 2 0 -3
     -1
    A 2 3  3 3  2 1 0 -3
     -(-4+4*t+3*s)*s^(-1)
    A 2 3  3 3  2 1 -1 -2
     6*s^(-1)
    A 2 3  3 2  2 1 0 -2
     -3*s^(-1)*(2+t*mh^2-2*t+s*mh^2-mh^2)
    A 2 3  2 2  1 1 0 -2
     3*s^(-1)*(-1+t+s)
    A 1 1  2 2  2 0 0 -2
     -6*s^(-1)
;
  A 2 3  4 4  1 3 -4 0
   1
    A 2 3  4 4  2 2 -4 0
     1/2
    A 2 3  4 3  2 2 -3 0
     -1/2*s
    A 2 3  3 3  1 2 -3 0
     -5/2
    A 2 3  3 3  2 1 -3 0
     -1/2
    A 2 3  2 2  1 1 -2 0
     3/2
;
  A 2 3  4 4  1 3 -3 -1
   1
    A 2 3  4 4  2 2 -3 -1
     1/2
    A 2 3  4 3  2 2 -2 -1
     -1/2*s
    A 2 3  3 3  1 2 -2 -1
     -2
    A 2 3  3 3  1 2 -3 0
     -1/2
    A 2 3  3 3  2 1 -2 -1
     -1/2
    A 2 3  3 2  1 2 -2 0
     1/2-1/2*t
    A 2 3  2 2  1 1 -1 -1
     1
    A 2 3  2 2  1 1 -2 0
     1/2
;
  A 2 3  4 4  1 3 -3 -1
   1
    A 2 3  4 4  2 2 -3 -1
     1/2
    A 2 3  4 3  1 3 -3 0
     -1-t+mh^2
    A 2 3  4 3  2 2 -3 0
     -1+1/2*mh^2
    A 2 3  3 3  1 2 -2 -1
     -3/2
    A 2 3  3 3  1 2 -3 0
     -1/2
    A 2 3  3 2  1 2 -2 0
     3-3/2*s-3/2*mh^2
    A 1 1  3 3  3 0 -3 0
     -1
    A 1 1  3 3  3 -1 -2 0
     3
    A 1 1  3 3  3 -2 -1 0
     -3
    A 1 1  3 3  3 -3 0 0
     1
    A 1 1  3 2  3 0 -2 0
     3*s
    A 1 1  3 2  3 -1 -1 0
     -6*s
    A 1 1  3 2  3 -2 0 0
     3*s
    A 1 1  3 1  3 0 -1 0
     -3*s^2
    A 1 1  3 1  3 -1 0 0
     3*s^2
    A 1 1  3 0  3 0 0 0
     s^3
    A 1 1  2 2  2 0 -2 0
     -3/2
    A 1 1  2 2  2 -1 -1 0
     3
    A 1 1  2 2  2 -2 0 0
     -3/2
    A 1 1  2 1  2 0 -1 0
     3*s
    A 1 1  2 1  2 -1 0 0
     -3*s
    A 1 1  2 0  2 0 0 0
     -3/2*s^2
;
  A 2 3  4 4  1 3 -3 -1
   1
    A 2 3  4 4  1 3 -4 0
     s^(-1)*(-1+t)
    A 2 3  4 3  1 3 -3 0
     -1-t+mh^2
    A 2 3  3 3  1 2 -2 -1
     -3/2
    A 2 3  3 3  1 2 -3 0
     -1/2*s^(-1)*(-2+2*t-3*s)
    A 2 3  3 2  1 2 -2 0
     3-3/2*s-3/2*mh^2
    A 2 3  2 2  1 1 -2 0
     -3/2
    A 1 1  3 3  3 0 -3 0
     -1
    A 1 1  3 3  3 -1 -2 0
     3
    A 1 1  3 3  3 -2 -1 0
     -3
    A 1 1  3 3  3 -3 0 0
     1
    A 1 1  3 2  3 0 -2 0
     3*s
    A 1 1  3 2  3 -1 -1 0
     -6*s
    A 1 1  3 2  3 -2 0 0
     3*s
    A 1 1  3 1  3 0 -1 0
     -3*s^2
    A 1 1  3 1  3 -1 0 0
     3*s^2
    A 1 1  3 0  3 0 0 0
     s^3
    A 1 1  2 2  2 0 -2 0
     -3/2
    A 1 1  2 2  2 -1 -1 0
     3
    A 1 1  2 2  2 -2 0 0
     -3/2
    A 1 1  2 1  2 0 -1 0
     3*s
    A 1 1  2 1  2 -1 0 0
     -3*s
    A 1 1  2 0  2 0 0 0
     -3/2*s^2
;
  A 2 3  4 4  1 3 -2 -2
   1
    A 2 3  4 4  2 2 -2 -2
     1/2
    A 2 3  4 3  2 2 -1 -2
     -1/2*s
    A 2 3  3 3  1 2 -1 -2
     -3/2
    A 2 3  3 3  1 2 -2 -1
     -1
    A 2 3  3 3  2 1 -1 -2
     -1/2
    A 2 3  3 2  1 2 -1 -1
     1-t
    A 2 3  2 2  1 1 0 -2
     1/2
    A 2 3  2 2  1 1 -1 -1
     1
;
  A 2 3  4 4  1 3 -2 -2
   1
    A 2 3  4 4  2 2 -2 -2
     1/2
    A 2 3  4 3  1 3 -2 -1
     -1-t+mh^2
    A 2 3  4 3  2 2 -2 -1
     -1+1/2*mh^2
    A 2 3  3 3  1 2 -1 -2
     -1
    A 2 3  3 3  1 2 -2 -1
     -1
    A 2 3  3 2  1 2 -1 -1
     2-s-mh^2
    A 2 3  3 2  1 2 -2 0
     -1/2*mh^2
    A 1 1  3 3  3 0 -2 -1
     -1
    A 1 1  3 3  3 -1 -1 -1
     2
    A 1 1  3 3  3 -1 -2 0
     1
    A 1 1  3 3  3 -2 0 -1
     -1
    A 1 1  3 3  3 -2 -1 0
     -2
    A 1 1  3 3  3 -3 0 0
     1
    A 1 1  3 2  3 0 -1 -1
     2*s
    A 1 1  3 2  3 0 -2 0
     1-t
    A 1 1  3 2  3 -1 0 -1
     -2*s
    A 1 1  3 2  3 -1 -1 0
     -2+2*t-2*s
    A 1 1  3 2  3 -2 0 0
     1-t+2*s
    A 1 1  3 1  3 0 0 -1
     -s^2
    A 1 1  3 1  3 0 -1 0
     -2*s+2*t*s
    A 1 1  3 1  3 -1 0 0
     s^2+2*s-2*t*s
    A 1 1  3 0  3 0 0 0
     s^2-t*s^2
    A 1 1  2 2  2 0 -1 -1
     -1
    A 1 1  2 2  2 0 -2 0
     -1/2
    A 1 1  2 2  2 -1 0 -1
     1
    A 1 1  2 2  2 -1 -1 0
     2
    A 1 1  2 2  2 -2 0 0
     -3/2
    A 1 1  2 1  2 0 0 -1
     s
    A 1 1  2 1  2 0 -1 0
     1-t+s
    A 1 1  2 1  2 -1 0 0
     -1+t-2*s
    A 1 1  2 0  2 0 0 0
     -1/2*s^2-s+t*s
;
  A 2 3  4 4  1 3 -2 -2
   1
    A 2 3  4 4  1 3 -3 -1
     s^(-1)*(-1+t)
    A 2 3  4 3  1 3 -2 -1
     -1-t+mh^2
    A 2 3  3 3  1 2 -1 -2
     -1
    A 2 3  3 3  1 2 -2 -1
     -1/2*(-3+3*t-s)*s^(-1)
    A 2 3  3 3  1 2 -3 0
     s^(-1)
    A 2 3  3 2  1 2 -1 -1
     2-s-mh^2
    A 2 3  3 2  1 2 -2 0
     -1/2*s^(-1)*(2+t*mh^2-2*t+s*mh^2-mh^2)
    A 2 3  2 2  1 1 -1 -1
     -1
    A 2 3  2 2  1 1 -2 0
     -s^(-1)
    A 1 1  3 3  3 0 -2 -1
     -1
    A 1 1  3 3  3 -1 -1 -1
     2
    A 1 1  3 3  3 -1 -2 0
     1
    A 1 1  3 3  3 -2 0 -1
     -1
    A 1 1  3 3  3 -2 -1 0
     -2
    A 1 1  3 3  3 -3 0 0
     1
    A 1 1  3 2  3 0 -1 -1
     2*s
    A 1 1  3 2  3 0 -2 0
     1-t
    A 1 1  3 2  3 -1 0 -1
     -2*s
    A 1 1  3 2  3 -1 -1 0
     -2+2*t-2*s
    A 1 1  3 2  3 -2 0 0
     1-t+2*s
    A 1 1  3 1  3 0 0 -1
     -s^2
    A 1 1  3 1  3 0 -1 0
     -2*s+2*t*s
    A 1 1  3 1  3 -1 0 0
     s^2+2*s-2*t*s
    A 1 1  3 0  3 0 0 0
     s^2-t*s^2
    A 1 1  2 2  2 0 -1 -1
     -1
    A 1 1  2 2  2 0 -2 0
     1/2*(-1+t-s)*s^(-1)
    A 1 1  2 2  2 -1 0 -1
     1
    A 1 1  2 2  2 -1 -1 0
     -s^(-1)*(-1+t-2*s)
    A 1 1  2 2  2 -2 0 0
     1/2*s^(-1)*(-1+t-3*s)
    A 1 1  2 1  2 0 0 -1
     s
    A 1 1  2 1  2 0 -1 0
     2-2*t+s
    A 1 1  2 1  2 -1 0 0
     -2+2*t-2*s
    A 1 1  2 0  2 0 0 0
     -1/2*s^2-3/2*s+3/2*t*s
    A 1 1  1 1  1 0 -1 0
     s^(-1)*(-1+t)
    A 1 1  1 1  1 -1 0 0
     -s^(-1)*(-1+t)
    A 1 1  1 0  1 0 0 0
     1-t
;
  A 2 3  4 4  1 3 -1 -3
   1
    A 2 3  4 4  2 2 -1 -3
     1/2
    A 2 3  4 3  2 2 0 -3
     -1/2*s
    A 2 3  3 3  1 2 0 -3
     -1
    A 2 3  3 3  1 2 -1 -2
     -3/2
    A 2 3  3 3  2 1 0 -3
     -1/2
    A 2 3  3 2  1 2 0 -2
     3/2-3/2*t
    A 2 3  2 2  1 1 0 -2
     3/2
;
  A 2 3  4 4  1 3 -1 -3
   1
    A 2 3  4 4  2 2 -1 -3
     1/2
    A 2 3  4 3  1 3 -1 -2
     -1-t+mh^2
    A 2 3  4 3  2 2 -1 -2
     -1+1/2*mh^2
    A 2 3  3 3  1 2 0 -3
     -1/2
    A 2 3  3 3  1 2 -1 -2
     -3/2
    A 2 3  3 2  1 2 0 -2
     1-1/2*s-1/2*mh^2
    A 2 3  3 2  1 2 -1 -1
     -mh^2
    A 1 1  3 3  3 0 -1 -2
     -1
    A 1 1  3 3  3 -1 0 -2
     1
    A 1 1  3 3  3 -1 -1 -1
     2
    A 1 1  3 3  3 -2 0 -1
     -2
    A 1 1  3 3  3 -2 -1 0
     -1
    A 1 1  3 3  3 -3 0 0
     1
    A 1 1  3 2  3 0 0 -2
     s
    A 1 1  3 2  3 0 -1 -1
     2-2*t
    A 1 1  3 2  3 -1 0 -1
     -2+2*t-2*s
    A 1 1  3 2  3 -1 -1 0
     -2+2*t
    A 1 1  3 2  3 -2 0 0
     2-2*t+s
    A 1 1  3 1  3 0 0 -1
     -2*s+2*t*s
    A 1 1  3 1  3 0 -1 0
     -1+2*t-t^2
    A 1 1  3 1  3 -1 0 0
     1-2*t+t^2+2*s-2*t*s
    A 1 1  3 0  3 0 0 0
     t^2*s+s-2*t*s
    A 1 1  2 2  2 0 0 -2
     -1/2
    A 1 1  2 2  2 0 -1 -1
     -1
    A 1 1  2 2  2 -1 0 -1
     2
    A 1 1  2 2  2 -1 -1 0
     1
    A 1 1  2 2  2 -2 0 0
     -3/2
    A 1 1  2 1  2 0 0 -1
     1-t+s
    A 1 1  2 1  2 0 -1 0
     1-t
    A 1 1  2 1  2 -1 0 0
     -2+2*t-s
    A 1 1  2 0  2 0 0 0
     -1/2+t-1/2*t^2-s+t*s
;
  A 2 3  4 4  1 3 -1 -3
   1
    A 2 3  4 4  1 3 -2 -2
     s^(-1)*(-1+t)
    A 2 3  4 3  1 3 -1 -2
     -1-t+mh^2
    A 2 3  3 3  1 2 0 -3
     -1/2
    A 2 3  3 3  1 2 -1 -2
     -1/2*(-4+4*t+s)*s^(-1)
    A 2 3  3 3  1 2 -2 -1
     2*s^(-1)
    A 2 3  3 2  1 2 0 -2
     1-1/2*s-1/2*mh^2
    A 2 3  3 2  1 2 -1 -1
     -s^(-1)*(2+t*mh^2-2*t+s*mh^2-mh^2)
    A 2 3  2 2  1 1 0 -2
     -1/2
    A 2 3  2 2  1 1 -1 -1
     -2*s^(-1)
    A 1 1  3 3  3 0 -1 -2
     -1
    A 1 1  3 3  3 -1 0 -2
     1
    A 1 1  3 3  3 -1 -1 -1
     2
    A 1 1  3 3  3 -2 0 -1
     -2
    A 1 1  3 3  3 -2 -1 0
     -1
    A 1 1  3 3  3 -3 0 0
     1
    A 1 1  3 2  3 0 0 -2
     s
    A 1 1  3 2  3 0 -1 -1
     2-2*t
    A 1 1  3 2  3 -1 0 -1
     -2+2*t-2*s
    A 1 1  3 2  3 -1 -1 0
     -2+2*t
    A 1 1  3 2  3 -2 0 0
     2-2*t+s
    A 1 1  3 1  3 0 0 -1
     -2*s+2*t*s
    A 1 1  3 1  3 0 -1 0
     -1+2*t-t^2
    A 1 1  3 1  3 -1 0 0
     1-2*t+t^2+2*s-2*t*s
    A 1 1  3 0  3 0 0 0
     t^2*s+s-2*t*s
    A 1 1  2 2  2 0 0 -2
     -1/2
    A 1 1  2 2  2 0 -1 -1
     (-1+t-s)*s^(-1)
    A 1 1  2 2  2 -1 0 -1
     -s^(-1)*(-1+t-2*s)
    A 1 1  2 2  2 -1 -1 0
     -(-1+t-s)*s^(-1)
    A 1 1  2 2  2 -2 0 0
     1/2*s^(-1)*(-2+2*t-3*s)
    A 1 1  2 1  2 0 0 -1
     2-2*t+s
    A 1 1  2 1  2 0 -1 0
     -s^(-1)*(-1+2*t-t^2-s+t*s)
    A 1 1  2 1  2 -1 0 0
     (-1+2*t-t^2-s^2-3*s+3*t*s)*s^(-1)
    A 1 1  2 0  2 0 0 0
     -3/2+3*t-3/2*t^2-s+t*s
    A 1 1  1 1  1 0 0 -1
     s^(-1)*(-1+t)
    A 1 1  1 1  1 0 -1 0
     s^(-1)*(-1+t)
    A 1 1  1 1  1 -1 0 0
     -2*s^(-1)*(-1+t)
    A 1 1  1 0  1 0 0 0
     -s^(-1)*(-1+2*t-t^2-s+t*s)
;
  A 2 3  4 4  1 3 0 -4
   1
    A 2 3  4 4  2 2 0 -4
     1/2
    A 2 3  4 3  1 3 0 -3
     -1-t+mh^2
    A 2 3  4 3  2 2 0 -3
     -1+1/2*mh^2
    A 2 3  3 3  1 2 0 -3
     -2
    A 2 3  3 2  1 2 0 -2
     -3/2*mh^2
    A 1 1  3 3  3 0 0 -3
     -1
    A 1 1  3 3  3 -1 0 -2
     3
    A 1 1  3 3  3 -2 0 -1
     -3
    A 1 1  3 3  3 -3 0 0
     1
    A 1 1  3 2  3 0 0 -2
     3-3*t
    A 1 1  3 2  3 -1 0 -1
     -6+6*t
    A 1 1  3 2  3 -2 0 0
     3-3*t
    A 1 1  3 1  3 0 0 -1
     -3+6*t-3*t^2
    A 1 1  3 1  3 -1 0 0
     3-6*t+3*t^2
    A 1 1  3 0  3 0 0 0
     1-t^3-3*t+3*t^2
    A 1 1  2 2  2 0 0 -2
     -3/2
    A 1 1  2 2  2 -1 0 -1
     3
    A 1 1  2 2  2 -2 0 0
     -3/2
    A 1 1  2 1  2 0 0 -1
     3-3*t
    A 1 1  2 1  2 -1 0 0
     -3+3*t
    A 1 1  2 0  2 0 0 0
     -3/2+3*t-3/2*t^2
;
  A 2 3  4 4  1 3 0 -4
   1
    A 2 3  4 4  1 3 -1 -3
     s^(-1)*(-1+t)
    A 2 3  4 3  1 3 0 -3
     -1-t+mh^2
    A 2 3  3 3  1 2 0 -3
     -1/2*(-5+5*t+3*s)*s^(-1)
    A 2 3  3 3  1 2 -1 -2
     3*s^(-1)
    A 2 3  3 2  1 2 0 -2
     -3/2*s^(-1)*(2+t*mh^2-2*t+s*mh^2-mh^2)
    A 2 3  2 2  1 1 0 -2
     -3*s^(-1)
    A 1 1  3 3  3 0 0 -3
     -1
    A 1 1  3 3  3 -1 0 -2
     3
    A 1 1  3 3  3 -2 0 -1
     -3
    A 1 1  3 3  3 -3 0 0
     1
    A 1 1  3 2  3 0 0 -2
     3-3*t
    A 1 1  3 2  3 -1 0 -1
     -6+6*t
    A 1 1  3 2  3 -2 0 0
     3-3*t
    A 1 1  3 1  3 0 0 -1
     -3+6*t-3*t^2
    A 1 1  3 1  3 -1 0 0
     3-6*t+3*t^2
    A 1 1  3 0  3 0 0 0
     1-t^3-3*t+3*t^2
    A 1 1  2 2  2 0 0 -2
     3/2*(-1+t-s)*s^(-1)
    A 1 1  2 2  2 -1 0 -1
     -3*(-1+t-s)*s^(-1)
    A 1 1  2 2  2 -2 0 0
     3/2*(-1+t-s)*s^(-1)
    A 1 1  2 1  2 0 0 -1
     -3*s^(-1)*(-1+2*t-t^2-s+t*s)
    A 1 1  2 1  2 -1 0 0
     3*s^(-1)*(-1+2*t-t^2-s+t*s)
    A 1 1  2 0  2 0 0 0
     -3/2*(1+t^2*s-t^3-3*t+3*t^2+s-2*t*s)*s^(-1)
    A 1 1  1 1  1 0 0 -1
     3*s^(-1)*(-1+t)
    A 1 1  1 1  1 -1 0 0
     -3*s^(-1)*(-1+t)
    A 1 1  1 0  1 0 0 0
     -3*(-1+2*t-t^2)*s^(-1)
;
  A 2 3  5 0  3 2 0 0
   1
    A 2 3  5 0  4 1 0 0
     3
    A 2 3  4 0  2 2 0 0
     1/2
    A 2 3  4 0  3 1 0 0
     7/2-1/2*d
;
  A 2 3  5 0  2 3 0 0
   1
    A 2 3  5 0  3 2 0 0
     1
    A 2 3  4 0  1 3 0 0
     1/2
    A 2 3  4 0  2 2 0 0
     3/2-1/4*d
;
  A 2 3  5 0  1 4 0 0
   1
    A 2 3  5 0  2 3 0 0
     1/3
    A 2 3  4 0  1 3 0 0
     5/6-1/6*d
    A 1 1  4 0  4 0 0 0
     1/2
;
  A 2 3  5 1  3 2 -1 0
   1
    A 2 3  5 1  4 1 -1 0
     3
    A 2 3  4 1  2 2 -1 0
     1/2
    A 2 3  4 1  3 1 -1 0
     3-1/2*d
    A 2 3  4 0  3 1 0 0
     -1+1/2*s
    A 2 3  3 0  2 1 0 0
     -1/2
;
  A 2 3  5 1  3 2 -1 0
   1
    A 2 3  5 1  4 1 -1 0
     3
    A 2 3  5 0  4 1 0 0
     -3*s
    A 2 3  4 0  3 1 0 0
     -1
    A 1 1  4 0  4 0 0 0
     -3
;
  A 2 3  5 1  3 2 0 -1
   1
    A 2 3  5 1  4 1 0 -1
     3
    A 2 3  4 1  2 2 0 -1
     1/2
    A 2 3  4 1  3 1 0 -1
     3-1/2*d
    A 2 3  4 0  3 1 0 0
     -1/2*mh^2
    A 2 3  3 0  2 1 0 0
     -1/2
;
  A 2 3  5 1  3 2 0 -1
   1
    A 2 3  5 1  4 1 0 -1
     3
    A 2 3  5 0  3 2 0 0
     -1-t+mh^2
    A 2 3  5 0  4 1 0 0
     -6+3*mh^2
    A 2 3  4 0  2 2 0 0
     -1
    A 2 3  4 0  3 1 0 0
     -3
;
  A 2 3  5 1  3 2 0 -1
   1
    A 2 3  5 1  3 2 -1 0
     s^(-1)*(-1+t)
    A 2 3  5 0  3 2 0 0
     -1-t+mh^2
    A 2 3  4 0  2 2 0 0
     -1
    A 2 3  4 0  3 1 0 0
     -s^(-1)*(-1+t)
;
  A 2 3  5 1  2 3 -1 0
   1
    A 2 3  5 1  3 2 -1 0
     1
    A 2 3  4 1  1 3 -1 0
     1/2
    A 2 3  4 1  2 2 -1 0
     5/4-1/4*d
    A 2 3  4 0  2 2 0 0
     -1/2+1/4*s
    A 2 3  3 0  1 2 0 0
     -1/4
;
  A 2 3  5 1  2 3 -1 0
   1
    A 2 3  5 1  3 2 -1 0
     1
    A 2 3  5 0  3 2 0 0
     -s
    A 2 3  4 0  2 2 0 0
     -1
    A 2 3  4 0  3 1 0 0
     -1
;
  A 2 3  5 1  2 3 0 -1
   1
    A 2 3  5 1  3 2 0 -1
     1
    A 2 3  4 1  1 3 0 -1
     1/2
    A 2 3  4 1  2 2 0 -1
     5/4-1/4*d
    A 2 3  4 0  2 2 0 0
     -1/4*mh^2
    A 2 3  3 0  1 2 0 0
     -1/4
;
  A 2 3  5 1  2 3 0 -1
   1
    A 2 3  5 1  3 2 0 -1
     1
    A 2 3  5 0  2 3 0 0
     -1-t+mh^2
    A 2 3  5 0  3 2 0 0
     -2+mh^2
    A 2 3  4 0  1 3 0 0
     -1
    A 2 3  4 0  2 2 0 0
     -1
;
  A 2 3  5 1  2 3 0 -1
   1
    A 2 3  5 1  2 3 -1 0
     s^(-1)*(-1+t)
    A 2 3  5 0  2 3 0 0
     -1-t+mh^2
    A 2 3  4 0  1 3 0 0
     -1
    A 2 3  4 0  2 2 0 0
     -s^(-1)*(-1+t)
;
  A 2 3  5 1  1 4 -1 0
   1
    A 2 3  5 1  2 3 -1 0
     1/3
    A 2 3  4 1  1 3 -1 0
     2/3-1/6*d
    A 2 3  4 0  1 3 0 0
     -1/3+1/6*s
    A 1 1  4 1  4 0 -1 0
     1/2
    A 1 1  4 1  4 -1 0 0
     -1/2
    A 1 1  4 0  4 0 0 0
     -1/2*s
    A 1 1  3 0  3 0 0 0
     1/3
;
  A 2 3  5 1  1 4 -1 0
   1
    A 2 3  5 1  2 3 -1 0
     1/3
    A 2 3  5 0  2 3 0 0
     -1/3*s
    A 2 3  4 0  1 3 0 0
     -1
    A 2 3  4 0  2 2 0 0
     -1/3
;
  A 2 3  5 1  1 4 0 -1
   1
    A 2 3  5 1  2 3 0 -1
     1/3
    A 2 3  4 1  1 3 0 -1
     2/3-1/6*d
    A 2 3  4 0  1 3 0 0
     -1/6*mh^2
    A 1 1  4 1  4 0 0 -1
     1/2
    A 1 1  4 1  4 -1 0 0
     -1/2
    A 1 1  4 0  4 0 0 0
     -1/2+1/2*t
    A 1 1  3 0  3 0 0 0
     1/3
;
  A 2 3  5 1  1 4 0 -1
   1
    A 2 3  5 1  2 3 0 -1
     1/3
    A 2 3  5 0  1 4 0 0
     -1-t+mh^2
    A 2 3  5 0  2 3 0 0
     -2/3+1/3*mh^2
    A 2 3  4 0  1 3 0 0
     -1/3
    A 1 1  4 0  4 0 0 0
     -1
;
  A 2 3  5 1  1 4 0 -1
   1
    A 2 3  5 1  1 4 -1 0
     s^(-1)*(-1+t)
    A 2 3  5 0  1 4 0 0
     -1-t+mh^2
    A 2 3  4 0  1 3 0 0
     -s^(-1)*(-1+t)
    A 1 1  4 0  4 0 0 0
     -1
;
  A 2 3  5 2  3 2 -2 0
   1
    A 2 3  5 2  4 1 -2 0
     3
    A 2 3  4 2  2 2 -2 0
     1/2
    A 2 3  4 2  3 1 -2 0
     5/2-1/2*d
    A 2 3  4 1  3 1 -1 0
     -2+s
    A 2 3  3 1  2 1 -1 0
     -1
;
  A 2 3  5 2  3 2 -2 0
   1
    A 2 3  5 2  4 1 -2 0
     3
    A 2 3  5 1  4 1 -1 0
     -3*s
    A 2 3  4 1  3 1 -1 0
     -2
    A 1 1  4 1  4 0 -1 0
     -3
    A 1 1  3 0  3 0 0 0
     1
;
  A 2 3  5 2  3 2 -1 -1
   1
    A 2 3  5 2  4 1 -1 -1
     3
    A 2 3  4 2  2 2 -1 -1
     1/2
    A 2 3  4 2  3 1 -1 -1
     5/2-1/2*d
    A 2 3  4 1  3 1 0 -1
     -1+1/2*s
    A 2 3  4 1  3 1 -1 0
     -1/2*mh^2
    A 2 3  3 1  2 1 0 -1
     -1/2
    A 2 3  3 1  2 1 -1 0
     -1/2
;
  A 2 3  5 2  3 2 -1 -1
   1
    A 2 3  5 2  4 1 -1 -1
     3
    A 2 3  5 1  4 1 0 -1
     -3*s
    A 2 3  4 1  3 1 0 -1
     -1
    A 2 3  4 1  3 1 -1 0
     -1
    A 2 3  4 0  3 1 0 0
     1-t
    A 1 1  4 1  4 0 0 -1
     -3
    A 1 1  3 0  3 0 0 0
     1
;
  A 2 3  5 2  3 2 -1 -1
   1
    A 2 3  5 2  4 1 -1 -1
     3
    A 2 3  5 1  3 2 -1 0
     -1-t+mh^2
    A 2 3  5 1  4 1 -1 0
     -6+3*mh^2
    A 2 3  4 1  2 2 -1 0
     -1
    A 2 3  4 1  3 1 0 -1
     -1
    A 2 3  4 1  3 1 -1 0
     -3
    A 2 3  4 0  3 1 0 0
     2-s-mh^2
    A 2 3  3 0  2 1 0 0
     1
;
  A 2 3  5 2  3 2 -1 -1
   1
    A 2 3  5 2  3 2 -2 0
     s^(-1)*(-1+t)
    A 2 3  5 1  3 2 -1 0
     -1-t+mh^2
    A 2 3  4 1  2 2 -1 0
     -1
    A 2 3  4 1  3 1 0 -1
     -1
    A 2 3  4 1  3 1 -1 0
     -(-1+t-s)*s^(-1)
    A 2 3  4 0  3 1 0 0
     2-s-mh^2
    A 2 3  3 0  2 1 0 0
     1
    A 1 1  3 0  3 0 0 0
     -1
;
  A 2 3  5 2  3 2 0 -2
   1
    A 2 3  5 2  4 1 0 -2
     3
    A 2 3  4 2  2 2 0 -2
     1/2
    A 2 3  4 2  3 1 0 -2
     5/2-1/2*d
    A 2 3  4 1  3 1 0 -1
     -mh^2
    A 2 3  3 1  2 1 0 -1
     -1
;
  A 2 3  5 2  3 2 0 -2
   1
    A 2 3  5 2  4 1 0 -2
     3
    A 2 3  5 1  3 2 0 -1
     -1-t+mh^2
    A 2 3  5 1  4 1 0 -1
     -6+3*mh^2
    A 2 3  4 1  2 2 0 -1
     -1
    A 2 3  4 1  3 1 0 -1
     -4
    A 2 3  4 0  3 1 0 0
     -mh^2
    A 2 3  3 0  2 1 0 0
     1
;
  A 2 3  5 2  3 2 0 -2
   1
    A 2 3  5 2  3 2 -1 -1
     s^(-1)*(-1+t)
    A 2 3  5 1  3 2 0 -1
     -1-t+mh^2
    A 2 3  4 1  2 2 0 -1
     -1
    A 2 3  4 1  3 1 0 -1
     -s^(-1)*(-2+2*t+s)
    A 2 3  4 1  3 1 -1 0
     2*s^(-1)
    A 2 3  4 0  3 1 0 0
     -s^(-1)*(2+t*mh^2-2*t+s*mh^2-mh^2)
    A 2 3  3 0  2 1 0 0
     s^(-1)*(-1+t+s)
    A 1 1  3 0  3 0 0 0
     -2*s^(-1)
;
  A 2 3  5 2  2 3 -2 0
   1
    A 2 3  5 2  3 2 -2 0
     1
    A 2 3  4 2  1 3 -2 0
     1/2
    A 2 3  4 2  2 2 -2 0
     1-1/4*d
    A 2 3  4 1  2 2 -1 0
     -1+1/2*s
    A 2 3  3 1  1 2 -1 0
     -1/2
;
  A 2 3  5 2  2 3 -2 0
   1
    A 2 3  5 2  3 2 -2 0
     1
    A 2 3  5 1  3 2 -1 0
     -s
    A 2 3  4 1  2 2 -1 0
     -3/2
    A 2 3  4 1  3 1 -1 0
     -1
    A 2 3  3 0  2 1 0 0
     1/2
;
  A 2 3  5 2  2 3 -1 -1
   1
    A 2 3  5 2  3 2 -1 -1
     1
    A 2 3  4 2  1 3 -1 -1
     1/2
    A 2 3  4 2  2 2 -1 -1
     1-1/4*d
    A 2 3  4 1  2 2 0 -1
     -1/2+1/4*s
    A 2 3  4 1  2 2 -1 0
     -1/4*mh^2
    A 2 3  3 1  1 2 0 -1
     -1/4
    A 2 3  3 1  1 2 -1 0
     -1/4
;
  A 2 3  5 2  2 3 -1 -1
   1
    A 2 3  5 2  3 2 -1 -1
     1
    A 2 3  5 1  3 2 0 -1
     -s
    A 2 3  4 1  2 2 0 -1
     -1
    A 2 3  4 1  2 2 -1 0
     -1/2
    A 2 3  4 1  3 1 0 -1
     -1
    A 2 3  4 0  2 2 0 0
     1/2-1/2*t
    A 2 3  3 0  2 1 0 0
     1/2
;
  A 2 3  5 2  2 3 -1 -1
   1
    A 2 3  5 2  3 2 -1 -1
     1
    A 2 3  5 1  2 3 -1 0
     -1-t+mh^2
    A 2 3  5 1  3 2 -1 0
     -2+mh^2
    A 2 3  4 1  1 3 -1 0
     -1
    A 2 3  4 1  2 2 0 -1
     -1/2
    A 2 3  4 1  2 2 -1 0
     -1
    A 2 3  4 0  2 2 0 0
     1-1/2*s-1/2*mh^2
    A 2 3  3 0  1 2 0 0
     1/2
;
  A 2 3  5 2  2 3 -1 -1
   1
    A 2 3  5 2  2 3 -2 0
     s^(-1)*(-1+t)
    A 2 3  5 1  2 3 -1 0
     -1-t+mh^2
    A 2 3  4 1  1 3 -1 0
     -1
    A 2 3  4 1  2 2 0 -1
     -1/2
    A 2 3  4 1  2 2 -1 0
     -1/2*(-2+2*t-s)*s^(-1)
    A 2 3  4 0  2 2 0 0
     1-1/2*s-1/2*mh^2
    A 2 3  3 0  1 2 0 0
     1/2
    A 2 3  3 0  2 1 0 0
     -1/2
;
  A 2 3  5 2  2 3 0 -2
   1
    A 2 3  5 2  3 2 0 -2
     1
    A 2 3  4 2  1 3 0 -2
     1/2
    A 2 3  4 2  2 2 0 -2
     1-1/4*d
    A 2 3  4 1  2 2 0 -1
     -1/2*mh^2
    A 2 3  3 1  1 2 0 -1
     -1/2
;
  A 2 3  5 2  2 3 0 -2
   1
    A 2 3  5 2  3 2 0 -2
     1
    A 2 3  5 1  2 3 0 -1
     -1-t+mh^2
    A 2 3  5 1  3 2 0 -1
     -2+mh^2
    A 2 3  4 1  1 3 0 -1
     -1
    A 2 3  4 1  2 2 0 -1
     -3/2
    A 2 3  4 0  2 2 0 0
     -1/2*mh^2
    A 2 3  3 0  1 2 0 0
     1/2
;
  A 2 3  5 2  2 3 0 -2
   1
    A 2 3  5 2  2 3 -1 -1
     s^(-1)*(-1+t)
    A 2 3  5 1  2 3 0 -1
     -1-t+mh^2
    A 2 3  4 1  1 3 0 -1
     -1
    A 2 3  4 1  2 2 0 -1
     -1/2*(-3+3*t+s)*s^(-1)
    A 2 3  4 1  2 2 -1 0
     s^(-1)
    A 2 3  4 0  2 2 0 0
     -1/2*s^(-1)*(2+t*mh^2-2*t+s*mh^2-mh^2)
    A 2 3  3 0  1 2 0 0
     1/2*s^(-1)*(-1+t+s)
    A 2 3  3 0  2 1 0 0
     -s^(-1)
;
  A 2 3  5 2  1 4 -2 0
   1
    A 2 3  5 2  2 3 -2 0
     1/3
    A 2 3  4 2  1 3 -2 0
     1/2-1/6*d
    A 2 3  4 1  1 3 -1 0
     -2/3+1/3*s
    A 1 1  4 2  4 0 -2 0
     1/2
    A 1 1  4 2  4 -1 -1 0
     -1
    A 1 1  4 2  4 -2 0 0
     1/2
    A 1 1  4 1  4 0 -1 0
     -s
    A 1 1  4 1  4 -1 0 0
     s
    A 1 1  4 0  4 0 0 0
     1/2*s^2
    A 1 1  3 1  3 0 -1 0
     2/3
    A 1 1  3 1  3 -1 0 0
     -2/3
    A 1 1  3 0  3 0 0 0
     -2/3*s
    A 1 1  2 0  2 0 0 0
     1/6
;
  A 2 3  5 2  1 4 -2 0
   1
    A 2 3  5 2  2 3 -2 0
     1/3
    A 2 3  5 1  2 3 -1 0
     -1/3*s
    A 2 3  4 1  1 3 -1 0
     -4/3
    A 2 3  4 1  2 2 -1 0
     -1/3
    A 2 3  3 0  1 2 0 0
     1/3
;
  A 2 3  5 2  1 4 -1 -1
   1
    A 2 3  5 2  2 3 -1 -1
     1/3
    A 2 3  4 2  1 3 -1 -1
     1/2-1/6*d
    A 2 3  4 1  1 3 0 -1
     -1/3+1/6*s
    A 2 3  4 1  1 3 -1 0
     -1/6*mh^2
    A 1 1  4 2  4 0 -1 -1
     1/2
    A 1 1  4 2  4 -1 0 -1
     -1/2
    A 1 1  4 2  4 -1 -1 0
     -1/2
    A 1 1  4 2  4 -2 0 0
     1/2
    A 1 1  4 1  4 0 0 -1
     -1/2*s
    A 1 1  4 1  4 0 -1 0
     -1/2+1/2*t
    A 1 1  4 1  4 -1 0 0
     1/2-1/2*t+1/2*s
    A 1 1  4 0  4 0 0 0
     1/2*s-1/2*t*s
    A 1 1  3 1  3 0 0 -1
     1/3
    A 1 1  3 1  3 0 -1 0
     1/3
    A 1 1  3 1  3 -1 0 0
     -2/3
    A 1 1  3 0  3 0 0 0
     -1/3+1/3*t-1/3*s
    A 1 1  2 0  2 0 0 0
     1/6
;
  A 2 3  5 2  1 4 -1 -1
   1
    A 2 3  5 2  2 3 -1 -1
     1/3
    A 2 3  5 1  2 3 0 -1
     -1/3*s
    A 2 3  4 1  1 3 0 -1
     -1
    A 2 3  4 1  1 3 -1 0
     -1/3
    A 2 3  4 1  2 2 0 -1
     -1/3
    A 2 3  4 0  1 3 0 0
     1/3-1/3*t
    A 2 3  3 0  1 2 0 0
     1/3
;
  A 2 3  5 2  1 4 -1 -1
   1
    A 2 3  5 2  2 3 -1 -1
     1/3
    A 2 3  5 1  1 4 -1 0
     -1-t+mh^2
    A 2 3  5 1  2 3 -1 0
     -2/3+1/3*mh^2
    A 2 3  4 1  1 3 0 -1
     -1/3
    A 2 3  4 1  1 3 -1 0
     -1/3
    A 2 3  4 0  1 3 0 0
     2/3-1/3*s-1/3*mh^2
    A 1 1  4 1  4 0 -1 0
     -1
    A 1 1  4 1  4 -1 0 0
     1
    A 1 1  4 0  4 0 0 0
     s
    A 1 1  3 0  3 0 0 0
     -2/3
;
  A 2 3  5 2  1 4 -1 -1
   1
    A 2 3  5 2  1 4 -2 0
     s^(-1)*(-1+t)
    A 2 3  5 1  1 4 -1 0
     -1-t+mh^2
    A 2 3  4 1  1 3 0 -1
     -1/3
    A 2 3  4 1  1 3 -1 0
     -1/3*(-3+3*t-s)*s^(-1)
    A 2 3  4 0  1 3 0 0
     2/3-1/3*s-1/3*mh^2
    A 2 3  3 0  1 2 0 0
     -1/3
    A 1 1  4 1  4 0 -1 0
     -1
    A 1 1  4 1  4 -1 0 0
     1
    A 1 1  4 0  4 0 0 0
     s
    A 1 1  3 0  3 0 0 0
     -2/3
;
  A 2 3  5 2  1 4 0 -2
   1
    A 2 3  5 2  2 3 0 -2
     1/3
    A 2 3  4 2  1 3 0 -2
     1/2-1/6*d
    A 2 3  4 1  1 3 0 -1
     -1/3*mh^2
    A 1 1  4 2  4 0 0 -2
     1/2
    A 1 1  4 2  4 -1 0 -1
     -1
    A 1 1  4 2  4 -2 0 0
     1/2
    A 1 1  4 1  4 0 0 -1
     -1+t
    A 1 1  4 1  4 -1 0 0
     1-t
    A 1 1  4 0  4 0 0 0
     1/2-t+1/2*t^2
    A 1 1  3 1  3 0 0 -1
     2/3
    A 1 1  3 1  3 -1 0 0
     -2/3
    A 1 1  3 0  3 0 0 0
     -2/3+2/3*t
    A 1 1  2 0  2 0 0 0
     1/6
;
  A 2 3  5 2  1 4 0 -2
   1
    A 2 3  5 2  2 3 0 -2
     1/3
    A 2 3  5 1  1 4 0 -1
     -1-t+mh^2
    A 2 3  5 1  2 3 0 -1
     -2/3+1/3*mh^2
    A 2 3  4 1  1 3 0 -1
     -2/3
    A 2 3  4 0  1 3 0 0
     -1/3*mh^2
    A 1 1  4 1  4 0 0 -1
     -1
    A 1 1  4 1  4 -1 0 0
     1
    A 1 1  4 0  4 0 0 0
     1-t
    A 1 1  3 0  3 0 0 0
     -2/3
;
  A 2 3  5 2  1 4 0 -2
   1
    A 2 3  5 2  1 4 -1 -1
     s^(-1)*(-1+t)
    A 2 3  5 1  1 4 0 -1
     -1-t+mh^2
    A 2 3  4 1  1 3 0 -1
     -1/3*(-4+4*t+s)*s^(-1)
    A 2 3  4 1  1 3 -1 0
     2/3*s^(-1)
    A 2 3  4 0  1 3 0 0
     -1/3*s^(-1)*(2+t*mh^2-2*t+s*mh^2-mh^2)
    A 2 3  3 0  1 2 0 0
     -2/3*s^(-1)
    A 1 1  4 1  4 0 0 -1
     -1
    A 1 1  4 1  4 -1 0 0
     1
    A 1 1  4 0  4 0 0 0
     1-t
    A 1 1  3 0  3 0 0 0
     1/3*s^(-1)*(-1+t-2*s)
;
  A 2 3  5 3  3 2 -3 0
   1
    A 2 3  5 3  4 1 -3 0
     3
    A 2 3  4 3  2 2 -3 0
     1/2
    A 2 3  4 3  3 1 -3 0
     2-1/2*d
    A 2 3  4 2  3 1 -2 0
     -3+3/2*s
    A 2 3  3 2  2 1 -2 0
     -3/2
;
  A 2 3  5 3  3 2 -3 0
   1
    A 2 3  5 3  4 1 -3 0
     3
    A 2 3  5 2  4 1 -2 0
     -3*s
    A 2 3  4 2  3 1 -2 0
     -3
    A 1 1  4 2  4 0 -2 0
     -3
    A 1 1  3 1  3 0 -1 0
     2
;
  A 2 3  5 3  3 2 -2 -1
   1
    A 2 3  5 3  4 1 -2 -1
     3
    A 2 3  4 3  2 2 -2 -1
     1/2
    A 2 3  4 3  3 1 -2 -1
     2-1/2*d
    A 2 3  4 2  3 1 -1 -1
     -2+s
    A 2 3  4 2  3 1 -2 0
     -1/2*mh^2
    A 2 3  3 2  2 1 -1 -1
     -1
    A 2 3  3 2  2 1 -2 0
     -1/2
;
  A 2 3  5 3  3 2 -2 -1
   1
    A 2 3  5 3  4 1 -2 -1
     3
    A 2 3  5 2  4 1 -1 -1
     -3*s
    A 2 3  4 2  3 1 -1 -1
     -2
    A 2 3  4 2  3 1 -2 0
     -1
    A 2 3  4 1  3 1 -1 0
     1-t
    A 1 1  4 2  4 0 -1 -1
     -3
    A 1 1  3 1  3 0 0 -1
     1
    A 1 1  3 1  3 0 -1 0
     1
;
  A 2 3  5 3  3 2 -2 -1
   1
    A 2 3  5 3  4 1 -2 -1
     3
    A 2 3  5 2  3 2 -2 0
     -1-t+mh^2
    A 2 3  5 2  4 1 -2 0
     -6+3*mh^2
    A 2 3  4 2  2 2 -2 0
     -1
    A 2 3  4 2  3 1 -1 -1
     -2
    A 2 3  4 2  3 1 -2 0
     -3
    A 2 3  4 1  3 1 -1 0
     4-2*s-2*mh^2
    A 2 3  3 1  2 1 -1 0
     2
;
  A 2 3  5 3  3 2 -2 -1
   1
    A 2 3  5 3  3 2 -3 0
     s^(-1)*(-1+t)
    A 2 3  5 2  3 2 -2 0
     -1-t+mh^2
    A 2 3  4 2  2 2 -2 0
     -1
    A 2 3  4 2  3 1 -1 -1
     -2
    A 2 3  4 2  3 1 -2 0
     -s^(-1)*(-1+t-2*s)
    A 2 3  4 1  3 1 -1 0
     4-2*s-2*mh^2
    A 2 3  3 1  2 1 -1 0
     2
    A 1 1  3 1  3 0 -1 0
     -2
;
  A 2 3  5 3  3 2 -1 -2
   1
    A 2 3  5 3  4 1 -1 -2
     3
    A 2 3  4 3  2 2 -1 -2
     1/2
    A 2 3  4 3  3 1 -1 -2
     2-1/2*d
    A 2 3  4 2  3 1 0 -2
     -1+1/2*s
    A 2 3  4 2  3 1 -1 -1
     -mh^2
    A 2 3  3 2  2 1 0 -2
     -1/2
    A 2 3  3 2  2 1 -1 -1
     -1
;
  A 2 3  5 3  3 2 -1 -2
   1
    A 2 3  5 3  4 1 -1 -2
     3
    A 2 3  5 2  4 1 0 -2
     -3*s
    A 2 3  4 2  3 1 0 -2
     -1
    A 2 3  4 2  3 1 -1 -1
     -2
    A 2 3  4 1  3 1 0 -1
     2-2*t
    A 1 1  4 2  4 0 0 -2
     -3
    A 1 1  3 1  3 0 0 -1
     2
;
  A 2 3  5 3  3 2 -1 -2
   1
    A 2 3  5 3  4 1 -1 -2
     3
    A 2 3  5 2  3 2 -1 -1
     -1-t+mh^2
    A 2 3  5 2  4 1 -1 -1
     -6+3*mh^2
    A 2 3  4 2  2 2 -1 -1
     -1
    A 2 3  4 2  3 1 0 -2
     -1
    A 2 3  4 2  3 1 -1 -1
     -4
    A 2 3  4 1  3 1 0 -1
     2-s-mh^2
    A 2 3  4 1  3 1 -1 0
     -mh^2
    A 2 3  3 1  2 1 0 -1
     1
    A 2 3  3 1  2 1 -1 0
     1
;
  A 2 3  5 3  3 2 -1 -2
   1
    A 2 3  5 3  3 2 -2 -1
     s^(-1)*(-1+t)
    A 2 3  5 2  3 2 -1 -1
     -1-t+mh^2
    A 2 3  4 2  2 2 -1 -1
     -1
    A 2 3  4 2  3 1 0 -2
     -1
    A 2 3  4 2  3 1 -1 -1
     -2*s^(-1)*(-1+t)
    A 2 3  4 2  3 1 -2 0
     2*s^(-1)
    A 2 3  4 1  3 1 0 -1
     2-s-mh^2
    A 2 3  4 1  3 1 -1 0
     -s^(-1)*(2+t*mh^2-2*t+s*mh^2-mh^2)
    A 2 3  3 1  2 1 0 -1
     1
    A 2 3  3 1  2 1 -1 0
     s^(-1)*(-1+t+s)
    A 1 1  3 1  3 0 0 -1
     -1
    A 1 1  3 1  3 0 -1 0
     -2*s^(-1)
;
  A 2 3  5 3  3 2 0 -3
   1
    A 2 3  5 3  4 1 0 -3
     3
    A 2 3  4 3  2 2 0 -3
     1/2
    A 2 3  4 3  3 1 0 -3
     2-1/2*d
    A 2 3  4 2  3 1 0 -2
     -3/2*mh^2
    A 2 3  3 2  2 1 0 -2
     -3/2
;
  A 2 3  5 3  3 2 0 -3
   1
    A 2 3  5 3  4 1 0 -3
     3
    A 2 3  5 2  3 2 0 -2
     -1-t+mh^2
    A 2 3  5 2  4 1 0 -2
     -6+3*mh^2
    A 2 3  4 2  2 2 0 -2
     -1
    A 2 3  4 2  3 1 0 -2
     -5
    A 2 3  4 1  3 1 0 -1
     -2*mh^2
    A 2 3  3 1  2 1 0 -1
     2
;
  A 2 3  5 3  3 2 0 -3
   1
    A 2 3  5 3  3 2 -1 -2
     s^(-1)*(-1+t)
    A 2 3  5 2  3 2 0 -2
     -1-t+mh^2
    A 2 3  4 2  2 2 0 -2
     -1
    A 2 3  4 2  3 1 0 -2
     -s^(-1)*(-3+3*t+2*s)
    A 2 3  4 2  3 1 -1 -1
     4*s^(-1)
    A 2 3  4 1  3 1 0 -1
     -2*s^(-1)*(2+t*mh^2-2*t+s*mh^2-mh^2)
    A 2 3  3 1  2 1 0 -1
     2*s^(-1)*(-1+t+s)
    A 1 1  3 1  3 0 0 -1
     -4*s^(-1)
;
  A 2 3  5 3  2 3 -3 0
   1
    A 2 3  5 3  3 2 -3 0
     1
    A 2 3  4 3  1 3 -3 0
     1/2
    A 2 3  4 3  2 2 -3 0
     3/4-1/4*d
    A 2 3  4 2  2 2 -2 0
     -3/2+3/4*s
    A 2 3  3 2  1 2 -2 0
     -3/4
;
  A 2 3  5 3  2 3 -3 0
   1
    A 2 3  5 3  3 2 -3 0
     1
    A 2 3  5 2  3 2 -2 0
     -s
    A 2 3  4 2  2 2 -2 0
     -2
    A 2 3  4 2  3 1 -2 0
     -1
    A 2 3  3 1  2 1 -1 0
     1
;
  A 2 3  5 3  2 3 -2 -1
   1
    A 2 3  5 3  3 2 -2 -1
     1
    A 2 3  4 3  1 3 -2 -1
     1/2
    A 2 3  4 3  2 2 -2 -1
     3/4-1/4*d
    A 2 3  4 2  2 2 -1 -1
     -1+1/2*s
    A 2 3  4 2  2 2 -2 0
     -1/4*mh^2
    A 2 3  3 2  1 2 -1 -1
     -1/2
    A 2 3  3 2  1 2 -2 0
     -1/4
;
  A 2 3  5 3  2 3 -2 -1
   1
    A 2 3  5 3  3 2 -2 -1
     1
    A 2 3  5 2  3 2 -1 -1
     -s
    A 2 3  4 2  2 2 -1 -1
     -3/2
    A 2 3  4 2  2 2 -2 0
     -1/2
    A 2 3  4 2  3 1 -1 -1
     -1
    A 2 3  4 1  2 2 -1 0
     1/2-1/2*t
    A 2 3  3 1  2 1 0 -1
     1/2
    A 2 3  3 1  2 1 -1 0
     1/2
;
  A 2 3  5 3  2 3 -2 -1
   1
    A 2 3  5 3  3 2 -2 -1
     1
    A 2 3  5 2  2 3 -2 0
     -1-t+mh^2
    A 2 3  5 2  3 2 -2 0
     -2+mh^2
    A 2 3  4 2  1 3 -2 0
     -1
    A 2 3  4 2  2 2 -1 -1
     -1
    A 2 3  4 2  2 2 -2 0
     -1
    A 2 3  4 1  2 2 -1 0
     2-s-mh^2
    A 2 3  3 1  1 2 -1 0
     1
;
  A 2 3  5 3  2 3 -2 -1
   1
    A 2 3  5 3  2 3 -3 0
     s^(-1)*(-1+t)
    A 2 3  5 2  2 3 -2 0
     -1-t+mh^2
    A 2 3  4 2  1 3 -2 0
     -1
    A 2 3  4 2  2 2 -1 -1
     -1
    A 2 3  4 2  2 2 -2 0
     -(-1+t-s)*s^(-1)
    A 2 3  4 1  2 2 -1 0
     2-s-mh^2
    A 2 3  3 1  1 2 -1 0
     1
    A 2 3  3 1  2 1 -1 0
     -1
;
  A 2 3  5 3  2 3 -1 -2
   1
    A 2 3  5 3  3 2 -1 -2
     1
    A 2 3  4 3  1 3 -1 -2
     1/2
    A 2 3  4 3  2 2 -1 -2
     3/4-1/4*d
    A 2 3  4 2  2 2 0 -2
     -1/2+1/4*s
    A 2 3  4 2  2 2 -1 -1
     -1/2*mh^2
    A 2 3  3 2  1 2 0 -2
     -1/4
    A 2 3  3 2  1 2 -1 -1
     -1/2
;
  A 2 3  5 3  2 3 -1 -2
   1
    A 2 3  5 3  3 2 -1 -2
     1
    A 2 3  5 2  3 2 0 -2
     -s
    A 2 3  4 2  2 2 0 -2
     -1
    A 2 3  4 2  2 2 -1 -1
     -1
    A 2 3  4 2  3 1 0 -2
     -1
    A 2 3  4 1  2 2 0 -1
     1-t
    A 2 3  3 1  2 1 0 -1
     1
;
  A 2 3  5 3  2 3 -1 -2
   1
    A 2 3  5 3  3 2 -1 -2
     1
    A 2 3  5 2  2 3 -1 -1
     -1-t+mh^2
    A 2 3  5 2  3 2 -1 -1
     -2+mh^2
    A 2 3  4 2  1 3 -1 -1
     -1
    A 2 3  4 2  2 2 0 -2
     -1/2
    A 2 3  4 2  2 2 -1 -1
     -3/2
    A 2 3  4 1  2 2 0 -1
     1-1/2*s-1/2*mh^2
    A 2 3  4 1  2 2 -1 0
     -1/2*mh^2
    A 2 3  3 1  1 2 0 -1
     1/2
    A 2 3  3 1  1 2 -1 0
     1/2
;
  A 2 3  5 3  2 3 -1 -2
   1
    A 2 3  5 3  2 3 -2 -1
     s^(-1)*(-1+t)
    A 2 3  5 2  2 3 -1 -1
     -1-t+mh^2
    A 2 3  4 2  1 3 -1 -1
     -1
    A 2 3  4 2  2 2 0 -2
     -1/2
    A 2 3  4 2  2 2 -1 -1
     -3/2*s^(-1)*(-1+t)
    A 2 3  4 2  2 2 -2 0
     s^(-1)
    A 2 3  4 1  2 2 0 -1
     1-1/2*s-1/2*mh^2
    A 2 3  4 1  2 2 -1 0
     -1/2*s^(-1)*(2+t*mh^2-2*t+s*mh^2-mh^2)
    A 2 3  3 1  1 2 0 -1
     1/2
    A 2 3  3 1  1 2 -1 0
     1/2*s^(-1)*(-1+t+s)
    A 2 3  3 1  2 1 0 -1
     -1/2
    A 2 3  3 1  2 1 -1 0
     -s^(-1)
;
  A 2 3  5 3  2 3 0 -3
   1
    A 2 3  5 3  3 2 0 -3
     1
    A 2 3  4 3  1 3 0 -3
     1/2
    A 2 3  4 3  2 2 0 -3
     3/4-1/4*d
    A 2 3  4 2  2 2 0 -2
     -3/4*mh^2
    A 2 3  3 2  1 2 0 -2
     -3/4
;
  A 2 3  5 3  2 3 0 -3
   1
    A 2 3  5 3  3 2 0 -3
     1
    A 2 3  5 2  2 3 0 -2
     -1-t+mh^2
    A 2 3  5 2  3 2 0 -2
     -2+mh^2
    A 2 3  4 2  1 3 0 -2
     -1
    A 2 3  4 2  2 2 0 -2
     -2
    A 2 3  4 1  2 2 0 -1
     -mh^2
    A 2 3  3 1  1 2 0 -1
     1
;
  A 2 3  5 3  2 3 0 -3
   1
    A 2 3  5 3  2 3 -1 -2
     s^(-1)*(-1+t)
    A 2 3  5 2  2 3 0 -2
     -1-t+mh^2
    A 2 3  4 2  1 3 0 -2
     -1
    A 2 3  4 2  2 2 0 -2
     -s^(-1)*(-2+2*t+s)
    A 2 3  4 2  2 2 -1 -1
     2*s^(-1)
    A 2 3  4 1  2 2 0 -1
     -s^(-1)*(2+t*mh^2-2*t+s*mh^2-mh^2)
    A 2 3  3 1  1 2 0 -1
     s^(-1)*(-1+t+s)
    A 2 3  3 1  2 1 0 -1
     -2*s^(-1)
;
  A 2 3  5 3  1 4 -3 0
   1
    A 2 3  5 3  2 3 -3 0
     1/3
    A 2 3  4 3  1 3 -3 0
     1/3-1/6*d
    A 2 3  4 2  1 3 -2 0
     -1+1/2*s
    A 1 1  4 3  4 0 -3 0
     1/2
    A 1 1  4 3  4 -1 -2 0
     -3/2
    A 1 1  4 3  4 -2 -1 0
     3/2
    A 1 1  4 3  4 -3 0 0
     -1/2
    A 1 1  4 2  4 0 -2 0
     -3/2*s
    A 1 1  4 2  4 -1 -1 0
     3*s
    A 1 1  4 2  4 -2 0 0
     -3/2*s
    A 1 1  4 1  4 0 -1 0
     3/2*s^2
    A 1 1  4 1  4 -1 0 0
     -3/2*s^2
    A 1 1  4 0  4 0 0 0
     -1/2*s^3
    A 1 1  3 2  3 0 -2 0
     1
    A 1 1  3 2  3 -1 -1 0
     -2
    A 1 1  3 2  3 -2 0 0
     1
    A 1 1  3 1  3 0 -1 0
     -2*s
    A 1 1  3 1  3 -1 0 0
     2*s
    A 1 1  3 0  3 0 0 0
     s^2
    A 1 1  2 1  2 0 -1 0
     1/2
    A 1 1  2 1  2 -1 0 0
     -1/2
    A 1 1  2 0  2 0 0 0
     -1/2*s
;
  A 2 3  5 3  1 4 -3 0
   1
    A 2 3  5 3  2 3 -3 0
     1/3
    A 2 3  5 2  2 3 -2 0
     -1/3*s
    A 2 3  4 2  1 3 -2 0
     -5/3
    A 2 3  4 2  2 2 -2 0
     -1/3
    A 2 3  3 1  1 2 -1 0
     2/3
;
  A 2 3  5 3  1 4 -2 -1
   1
    A 2 3  5 3  2 3 -2 -1
     1/3
    A 2 3  4 3  1 3 -2 -1
     1/3-1/6*d
    A 2 3  4 2  1 3 -1 -1
     -2/3+1/3*s
    A 2 3  4 2  1 3 -2 0
     -1/6*mh^2
    A 1 1  4 3  4 0 -2 -1
     1/2
    A 1 1  4 3  4 -1 -1 -1
     -1
    A 1 1  4 3  4 -1 -2 0
     -1/2
    A 1 1  4 3  4 -2 0 -1
     1/2
    A 1 1  4 3  4 -2 -1 0
     1
    A 1 1  4 3  4 -3 0 0
     -1/2
    A 1 1  4 2  4 0 -1 -1
     -s
    A 1 1  4 2  4 0 -2 0
     -1/2+1/2*t
    A 1 1  4 2  4 -1 0 -1
     s
    A 1 1  4 2  4 -1 -1 0
     1-t+s
    A 1 1  4 2  4 -2 0 0
     -1/2+1/2*t-s
    A 1 1  4 1  4 0 0 -1
     1/2*s^2
    A 1 1  4 1  4 0 -1 0
     s-t*s
    A 1 1  4 1  4 -1 0 0
     -1/2*s^2-s+t*s
    A 1 1  4 0  4 0 0 0
     -1/2*s^2+1/2*t*s^2
    A 1 1  3 2  3 0 -1 -1
     2/3
    A 1 1  3 2  3 0 -2 0
     1/3
    A 1 1  3 2  3 -1 0 -1
     -2/3
    A 1 1  3 2  3 -1 -1 0
     -4/3
    A 1 1  3 2  3 -2 0 0
     1
    A 1 1  3 1  3 0 0 -1
     -2/3*s
    A 1 1  3 1  3 0 -1 0
     -2/3+2/3*t-2/3*s
    A 1 1  3 1  3 -1 0 0
     2/3-2/3*t+4/3*s
    A 1 1  3 0  3 0 0 0
     1/3*s^2+2/3*s-2/3*t*s
    A 1 1  2 1  2 0 0 -1
     1/6
    A 1 1  2 1  2 0 -1 0
     1/3
    A 1 1  2 1  2 -1 0 0
     -1/2
    A 1 1  2 0  2 0 0 0
     -1/6+1/6*t-1/3*s
;
  A 2 3  5 3  1 4 -2 -1
   1
    A 2 3  5 3  2 3 -2 -1
     1/3
    A 2 3  5 2  2 3 -1 -1
     -1/3*s
    A 2 3  4 2  1 3 -1 -1
     -4/3
    A 2 3  4 2  1 3 -2 0
     -1/3
    A 2 3  4 2  2 2 -1 -1
     -1/3
    A 2 3  4 1  1 3 -1 0
     1/3-1/3*t
    A 2 3  3 1  1 2 0 -1
     1/3
    A 2 3  3 1  1 2 -1 0
     1/3
;
  A 2 3  5 3  1 4 -2 -1
   1
    A 2 3  5 3  2 3 -2 -1
     1/3
    A 2 3  5 2  1 4 -2 0
     -1-t+mh^2
    A 2 3  5 2  2 3 -2 0
     -2/3+1/3*mh^2
    A 2 3  4 2  1 3 -1 -1
     -2/3
    A 2 3  4 2  1 3 -2 0
     -1/3
    A 2 3  4 1  1 3 -1 0
     4/3-2/3*s-2/3*mh^2
    A 1 1  4 2  4 0 -2 0
     -1
    A 1 1  4 2  4 -1 -1 0
     2
    A 1 1  4 2  4 -2 0 0
     -1
    A 1 1  4 1  4 0 -1 0
     2*s
    A 1 1  4 1  4 -1 0 0
     -2*s
    A 1 1  4 0  4 0 0 0
     -s^2
    A 1 1  3 1  3 0 -1 0
     -4/3
    A 1 1  3 1  3 -1 0 0
     4/3
    A 1 1  3 0  3 0 0 0
     4/3*s
    A 1 1  2 0  2 0 0 0
     -1/3
;
  A 2 3  5 3  1 4 -2 -1
   1
    A 2 3  5 3  1 4 -3 0
     s^(-1)*(-1+t)
    A 2 3  5 2  1 4 -2 0
     -1-t+mh^2
    A 2 3  4 2  1 3 -1 -1
     -2/3
    A 2 3  4 2  1 3 -2 0
     -1/3*s^(-1)*(-3+3*t-2*s)
    A 2 3  4 1  1 3 -1 0
     4/3-2/3*s-2/3*mh^2
    A 2 3  3 1  1 2 -1 0
     -2/3
    A 1 1  4 2  4 0 -2 0
     -1
    A 1 1  4 2  4 -1 -1 0
     2
    A 1 1  4 2  4 -2 0 0
     -1
    A 1 1  4 1  4 0 -1 0
     2*s
    A 1 1  4 1  4 -1 0 0
     -2*s
    A 1 1  4 0  4 0 0 0
     -s^2
    A 1 1  3 1  3 0 -1 0
     -4/3
    A 1 1  3 1  3 -1 0 0
     4/3
    A 1 1  3 0  3 0 0 0
     4/3*s
    A 1 1  2 0  2 0 0 0
     -1/3
;
  A 2 3  5 3  1 4 -1 -2
   1
    A 2 3  5 3  2 3 -1 -2
     1/3
    A 2 3  4 3  1 3 -1 -2
     1/3-1/6*d
    A 2 3  4 2  1 3 0 -2
     -1/3+1/6*s
    A 2 3  4 2  1 3 -1 -1
     -1/3*mh^2
    A 1 1  4 3  4 0 -1 -2
     1/2
    A 1 1  4 3  4 -1 0 -2
     -1/2
    A 1 1  4 3  4 -1 -1 -1
     -1
    A 1 1  4 3  4 -2 0 -1
     1
    A 1 1  4 3  4 -2 -1 0
     1/2
    A 1 1  4 3  4 -3 0 0
     -1/2
    A 1 1  4 2  4 0 0 -2
     -1/2*s
    A 1 1  4 2  4 0 -1 -1
     -1+t
    A 1 1  4 2  4 -1 0 -1
     1-t+s
    A 1 1  4 2  4 -1 -1 0
     1-t
    A 1 1  4 2  4 -2 0 0
     -1+t-1/2*s
    A 1 1  4 1  4 0 0 -1
     s-t*s
    A 1 1  4 1  4 0 -1 0
     1/2-t+1/2*t^2
    A 1 1  4 1  4 -1 0 0
     -1/2+t-1/2*t^2-s+t*s
    A 1 1  4 0  4 0 0 0
     -1/2*t^2*s-1/2*s+t*s
    A 1 1  3 2  3 0 0 -2
     1/3
    A 1 1  3 2  3 0 -1 -1
     2/3
    A 1 1  3 2  3 -1 0 -1
     -4/3
    A 1 1  3 2  3 -1 -1 0
     -2/3
    A 1 1  3 2  3 -2 0 0
     1
    A 1 1  3 1  3 0 0 -1
     -2/3+2/3*t-2/3*s
    A 1 1  3 1  3 0 -1 0
     -2/3+2/3*t
    A 1 1  3 1  3 -1 0 0
     4/3-4/3*t+2/3*s
    A 1 1  3 0  3 0 0 0
     1/3-2/3*t+1/3*t^2+2/3*s-2/3*t*s
    A 1 1  2 1  2 0 0 -1
     1/3
    A 1 1  2 1  2 0 -1 0
     1/6
    A 1 1  2 1  2 -1 0 0
     -1/2
    A 1 1  2 0  2 0 0 0
     -1/3+1/3*t-1/6*s
;
  A 2 3  5 3  1 4 -1 -2
   1
    A 2 3  5 3  2 3 -1 -2
     1/3
    A 2 3  5 2  2 3 0 -2
     -1/3*s
    A 2 3  4 2  1 3 0 -2
     -1
    A 2 3  4 2  1 3 -1 -1
     -2/3
    A 2 3  4 2  2 2 0 -2
     -1/3
    A 2 3  4 1  1 3 0 -1
     2/3-2/3*t
    A 2 3  3 1  1 2 0 -1
     2/3
;
  A 2 3  5 3  1 4 -1 -2
   1
    A 2 3  5 3  2 3 -1 -2
     1/3
    A 2 3  5 2  1 4 -1 -1
     -1-t+mh^2
    A 2 3  5 2  2 3 -1 -1
     -2/3+1/3*mh^2
    A 2 3  4 2  1 3 0 -2
     -1/3
    A 2 3  4 2  1 3 -1 -1
     -2/3
    A 2 3  4 1  1 3 0 -1
     2/3-1/3*s-1/3*mh^2
    A 2 3  4 1  1 3 -1 0
     -1/3*mh^2
    A 1 1  4 2  4 0 -1 -1
     -1
    A 1 1  4 2  4 -1 0 -1
     1
    A 1 1  4 2  4 -1 -1 0
     1
    A 1 1  4 2  4 -2 0 0
     -1
    A 1 1  4 1  4 0 0 -1
     s
    A 1 1  4 1  4 0 -1 0
     1-t
    A 1 1  4 1  4 -1 0 0
     -1+t-s
    A 1 1  4 0  4 0 0 0
     -s+t*s
    A 1 1  3 1  3 0 0 -1
     -2/3
    A 1 1  3 1  3 0 -1 0
     -2/3
    A 1 1  3 1  3 -1 0 0
     4/3
    A 1 1  3 0  3 0 0 0
     2/3-2/3*t+2/3*s
    A 1 1  2 0  2 0 0 0
     -1/3
;
  A 2 3  5 3  1 4 -1 -2
   1
    A 2 3  5 3  1 4 -2 -1
     s^(-1)*(-1+t)
    A 2 3  5 2  1 4 -1 -1
     -1-t+mh^2
    A 2 3  4 2  1 3 0 -2
     -1/3
    A 2 3  4 2  1 3 -1 -1
     -4/3*s^(-1)*(-1+t)
    A 2 3  4 2  1 3 -2 0
     2/3*s^(-1)
    A 2 3  4 1  1 3 0 -1
     2/3-1/3*s-1/3*mh^2
    A 2 3  4 1  1 3 -1 0
     -1/3*s^(-1)*(2+t*mh^2-2*t+s*mh^2-mh^2)
    A 2 3  3 1  1 2 0 -1
     -1/3
    A 2 3  3 1  1 2 -1 0
     -2/3*s^(-1)
    A 1 1  4 2  4 0 -1 -1
     -1
    A 1 1  4 2  4 -1 0 -1
     1
    A 1 1  4 2  4 -1 -1 0
     1
    A 1 1  4 2  4 -2 0 0
     -1
    A 1 1  4 1  4 0 0 -1
     s
    A 1 1  4 1  4 0 -1 0
     1-t
    A 1 1  4 1  4 -1 0 0
     -1+t-s
    A 1 1  4 0  4 0 0 0
     -s+t*s
    A 1 1  3 1  3 0 0 -1
     -2/3
    A 1 1  3 1  3 0 -1 0
     1/3*s^(-1)*(-1+t-2*s)
    A 1 1  3 1  3 -1 0 0
     -1/3*(-1+t-4*s)*s^(-1)
    A 1 1  3 0  3 0 0 0
     1-t+2/3*s
    A 1 1  2 0  2 0 0 0
     1/3*(-1+t-s)*s^(-1)
;
  A 2 3  5 3  1 4 0 -3
   1
    A 2 3  5 3  2 3 0 -3
     1/3
    A 2 3  4 3  1 3 0 -3
     1/3-1/6*d
    A 2 3  4 2  1 3 0 -2
     -1/2*mh^2
    A 1 1  4 3  4 0 0 -3
     1/2
    A 1 1  4 3  4 -1 0 -2
     -3/2
    A 1 1  4 3  4 -2 0 -1
     3/2
    A 1 1  4 3  4 -3 0 0
     -1/2
    A 1 1  4 2  4 0 0 -2
     -3/2+3/2*t
    A 1 1  4 2  4 -1 0 -1
     3-3*t
    A 1 1  4 2  4 -2 0 0
     -3/2+3/2*t
    A 1 1  4 1  4 0 0 -1
     3/2-3*t+3/2*t^2
    A 1 1  4 1  4 -1 0 0
     -3/2+3*t-3/2*t^2
    A 1 1  4 0  4 0 0 0
     -1/2+1/2*t^3+3/2*t-3/2*t^2
    A 1 1  3 2  3 0 0 -2
     1
    A 1 1  3 2  3 -1 0 -1
     -2
    A 1 1  3 2  3 -2 0 0
     1
    A 1 1  3 1  3 0 0 -1
     -2+2*t
    A 1 1  3 1  3 -1 0 0
     2-2*t
    A 1 1  3 0  3 0 0 0
     1-2*t+t^2
    A 1 1  2 1  2 0 0 -1
     1/2
    A 1 1  2 1  2 -1 0 0
     -1/2
    A 1 1  2 0  2 0 0 0
     -1/2+1/2*t
;
  A 2 3  5 3  1 4 0 -3
   1
    A 2 3  5 3  2 3 0 -3
     1/3
    A 2 3  5 2  1 4 0 -2
     -1-t+mh^2
    A 2 3  5 2  2 3 0 -2
     -2/3+1/3*mh^2
    A 2 3  4 2  1 3 0 -2
     -1
    A 2 3  4 1  1 3 0 -1
     -2/3*mh^2
    A 1 1  4 2  4 0 0 -2
     -1
    A 1 1  4 2  4 -1 0 -1
     2
    A 1 1  4 2  4 -2 0 0
     -1
    A 1 1  4 1  4 0 0 -1
     2-2*t
    A 1 1  4 1  4 -1 0 0
     -2+2*t
    A 1 1  4 0  4 0 0 0
     -1+2*t-t^2
    A 1 1  3 1  3 0 0 -1
     -4/3
    A 1 1  3 1  3 -1 0 0
     4/3
    A 1 1  3 0  3 0 0 0
     4/3-4/3*t
    A 1 1  2 0  2 0 0 0
     -1/3
;
  A 2 3  5 3  1 4 0 -3
   1
    A 2 3  5 3  1 4 -1 -2
     s^(-1)*(-1+t)
    A 2 3  5 2  1 4 0 -2
     -1-t+mh^2
    A 2 3  4 2  1 3 0 -2
     -1/3*(-5+5*t+2*s)*s^(-1)
    A 2 3  4 2  1 3 -1 -1
     4/3*s^(-1)
    A 2 3  4 1  1 3 0 -1
     -2/3*s^(-1)*(2+t*mh^2-2*t+s*mh^2-mh^2)
    A 2 3  3 1  1 2 0 -1
     -4/3*s^(-1)
    A 1 1  4 2  4 0 0 -2
     -1
    A 1 1  4 2  4 -1 0 -1
     2
    A 1 1  4 2  4 -2 0 0
     -1
    A 1 1  4 1  4 0 0 -1
     2-2*t
    A 1 1  4 1  4 -1 0 0
     -2+2*t
    A 1 1  4 0  4 0 0 0
     -1+2*t-t^2
    A 1 1  3 1  3 0 0 -1
     2/3*s^(-1)*(-1+t-2*s)
    A 1 1  3 1  3 -1 0 0
     -2/3*s^(-1)*(-1+t-2*s)
    A 1 1  3 0  3 0 0 0
     -2/3*(-1+2*t-t^2-2*s+2*t*s)*s^(-1)
    A 1 1  2 0  2 0 0 0
     1/3*(-2+2*t-s)*s^(-1)
;
  A 2 3  5 4  3 2 -4 0
   1
    A 2 3  5 4  4 1 -4 0
     3
    A 2 3  5 3  4 1 -3 0
     -3*s
    A 2 3  4 3  3 1 -3 0
     -4
    A 1 1  4 3  4 0 -3 0
     -3
    A 1 1  3 2  3 0 -2 0
     3
;
  A 2 3  5 4  3 2 -3 -1
   1
    A 2 3  5 4  4 1 -3 -1
     3
    A 2 3  5 3  4 1 -2 -1
     -3*s
    A 2 3  4 3  3 1 -2 -1
     -3
    A 2 3  4 3  3 1 -3 0
     -1
    A 2 3  4 2  3 1 -2 0
     1-t
    A 1 1  4 3  4 0 -2 -1
     -3
    A 1 1  3 2  3 0 -1 -1
     2
    A 1 1  3 2  3 0 -2 0
     1
;
  A 2 3  5 4  3 2 -3 -1
   1
    A 2 3  5 4  4 1 -3 -1
     3
    A 2 3  5 3  3 2 -3 0
     -1-t+mh^2
    A 2 3  5 3  4 1 -3 0
     -6+3*mh^2
    A 2 3  4 3  2 2 -3 0
     -1
    A 2 3  4 3  3 1 -2 -1
     -3
    A 2 3  4 3  3 1 -3 0
     -3
    A 2 3  4 2  3 1 -2 0
     6-3*s-3*mh^2
    A 2 3  3 2  2 1 -2 0
     3
;
  A 2 3  5 4  3 2 -3 -1
   1
    A 2 3  5 4  3 2 -4 0
     s^(-1)*(-1+t)
    A 2 3  5 3  3 2 -3 0
     -1-t+mh^2
    A 2 3  4 3  2 2 -3 0
     -1
    A 2 3  4 3  3 1 -2 -1
     -3
    A 2 3  4 3  3 1 -3 0
     -s^(-1)*(-1+t-3*s)
    A 2 3  4 2  3 1 -2 0
     6-3*s-3*mh^2
    A 2 3  3 2  2 1 -2 0
     3
    A 1 1  3 2  3 0 -2 0
     -3
;
  A 2 3  5 4  3 2 -2 -2
   1
    A 2 3  5 4  4 1 -2 -2
     3
    A 2 3  5 3  4 1 -1 -2
     -3*s
    A 2 3  4 3  3 1 -1 -2
     -2
    A 2 3  4 3  3 1 -2 -1
     -2
    A 2 3  4 2  3 1 -1 -1
     2-2*t
    A 1 1  4 3  4 0 -1 -2
     -3
    A 1 1  3 2  3 0 0 -2
     1
    A 1 1  3 2  3 0 -1 -1
     2
;
  A 2 3  5 4  3 2 -2 -2
   1
    A 2 3  5 4  4 1 -2 -2
     3
    A 2 3  5 3  3 2 -2 -1
     -1-t+mh^2
    A 2 3  5 3  4 1 -2 -1
     -6+3*mh^2
    A 2 3  4 3  2 2 -2 -1
     -1
    A 2 3  4 3  3 1 -1 -2
     -2
    A 2 3  4 3  3 1 -2 -1
     -4
    A 2 3  4 2  3 1 -1 -1
     4-2*s-2*mh^2
    A 2 3  4 2  3 1 -2 0
     -mh^2
    A 2 3  3 2  2 1 -1 -1
     2
    A 2 3  3 2  2 1 -2 0
     1
;
  A 2 3  5 4  3 2 -2 -2
   1
    A 2 3  5 4  3 2 -3 -1
     s^(-1)*(-1+t)
    A 2 3  5 3  3 2 -2 -1
     -1-t+mh^2
    A 2 3  4 3  2 2 -2 -1
     -1
    A 2 3  4 3  3 1 -1 -2
     -2
    A 2 3  4 3  3 1 -2 -1
     -(-2+2*t-s)*s^(-1)
    A 2 3  4 3  3 1 -3 0
     2*s^(-1)
    A 2 3  4 2  3 1 -1 -1
     4-2*s-2*mh^2
    A 2 3  4 2  3 1 -2 0
     -s^(-1)*(2+t*mh^2-2*t+s*mh^2-mh^2)
    A 2 3  3 2  2 1 -1 -1
     2
    A 2 3  3 2  2 1 -2 0
     s^(-1)*(-1+t+s)
    A 1 1  3 2  3 0 -1 -1
     -2
    A 1 1  3 2  3 0 -2 0
     -2*s^(-1)
;
  A 2 3  5 4  3 2 -1 -3
   1
    A 2 3  5 4  4 1 -1 -3
     3
    A 2 3  5 3  4 1 0 -3
     -3*s
    A 2 3  4 3  3 1 0 -3
     -1
    A 2 3  4 3  3 1 -1 -2
     -3
    A 2 3  4 2  3 1 0 -2
     3-3*t
    A 1 1  4 3  4 0 0 -3
     -3
    A 1 1  3 2  3 0 0 -2
     3
;
  A 2 3  5 4  3 2 -1 -3
   1
    A 2 3  5 4  4 1 -1 -3
     3
    A 2 3  5 3  3 2 -1 -2
     -1-t+mh^2
    A 2 3  5 3  4 1 -1 -2
     -6+3*mh^2
    A 2 3  4 3  2 2 -1 -2
     -1
    A 2 3  4 3  3 1 0 -3
     -1
    A 2 3  4 3  3 1 -1 -2
     -5
    A 2 3  4 2  3 1 0 -2
     2-s-mh^2
    A 2 3  4 2  3 1 -1 -1
     -2*mh^2
    A 2 3  3 2  2 1 0 -2
     1
    A 2 3  3 2  2 1 -1 -1
     2
;
  A 2 3  5 4  3 2 -1 -3
   1
    A 2 3  5 4  3 2 -2 -2
     s^(-1)*(-1+t)
    A 2 3  5 3  3 2 -1 -2
     -1-t+mh^2
    A 2 3  4 3  2 2 -1 -2
     -1
    A 2 3  4 3  3 1 0 -3
     -1
    A 2 3  4 3  3 1 -1 -2
     -(-3+3*t+s)*s^(-1)
    A 2 3  4 3  3 1 -2 -1
     4*s^(-1)
    A 2 3  4 2  3 1 0 -2
     2-s-mh^2
    A 2 3  4 2  3 1 -1 -1
     -2*s^(-1)*(2+t*mh^2-2*t+s*mh^2-mh^2)
    A 2 3  3 2  2 1 0 -2
     1
    A 2 3  3 2  2 1 -1 -1
     2*s^(-1)*(-1+t+s)
    A 1 1  3 2  3 0 0 -2
     -1
    A 1 1  3 2  3 0 -1 -1
     -4*s^(-1)
;
  A 2 3  5 4  3 2 0 -4
   1
    A 2 3  5 4  4 1 0 -4
     3
    A 2 3  5 3  3 2 0 -3
     -1-t+mh^2
    A 2 3  5 3  4 1 0 -3
     -6+3*mh^2
    A 2 3  4 3  2 2 0 -3
     -1
    A 2 3  4 3  3 1 0 -3
     -6
    A 2 3  4 2  3 1 0 -2
     -3*mh^2
    A 2 3  3 2  2 1 0 -2
     3
;
  A 2 3  5 4  3 2 0 -4
   1
    A 2 3  5 4  3 2 -1 -3
     s^(-1)*(-1+t)
    A 2 3  5 3  3 2 0 -3
     -1-t+mh^2
    A 2 3  4 3  2 2 0 -3
     -1
    A 2 3  4 3  3 1 0 -3
     -(-4+4*t+3*s)*s^(-1)
    A 2 3  4 3  3 1 -1 -2
     6*s^(-1)
    A 2 3  4 2  3 1 0 -2
     -3*s^(-1)*(2+t*mh^2-2*t+s*mh^2-mh^2)
    A 2 3  3 2  2 1 0 -2
     3*s^(-1)*(-1+t+s)
    A 1 1  3 2  3 0 0 -2
     -6*s^(-1)
;
  A 2 3  5 4  2 3 -4 0
   1
    A 2 3  5 4  3 2 -4 0
     1
    A 2 3  5 3  3 2 -3 0
     -s
    A 2 3  4 3  2 2 -3 0
     -5/2
    A 2 3  4 3  3 1 -3 0
     -1
    A 2 3  3 2  2 1 -2 0
     3/2
;
  A 2 3  5 4  2 3 -3 -1
   1
    A 2 3  5 4  3 2 -3 -1
     1
    A 2 3  5 3  3 2 -2 -1
     -s
    A 2 3  4 3  2 2 -2 -1
     -2
    A 2 3  4 3  2 2 -3 0
     -1/2
    A 2 3  4 3  3 1 -2 -1
     -1
    A 2 3  4 2  2 2 -2 0
     1/2-1/2*t
    A 2 3  3 2  2 1 -1 -1
     1
    A 2 3  3 2  2 1 -2 0
     1/2
;
  A 2 3  5 4  2 3 -3 -1
   1
    A 2 3  5 4  3 2 -3 -1
     1
    A 2 3  5 3  2 3 -3 0
     -1-t+mh^2
    A 2 3  5 3  3 2 -3 0
     -2+mh^2
    A 2 3  4 3  1 3 -3 0
     -1
    A 2 3  4 3  2 2 -2 -1
     -3/2
    A 2 3  4 3  2 2 -3 0
     -1
    A 2 3  4 2  2 2 -2 0
     3-3/2*s-3/2*mh^2
    A 2 3  3 2  1 2 -2 0
     3/2
;
  A 2 3  5 4  2 3 -3 -1
   1
    A 2 3  5 4  2 3 -4 0
     s^(-1)*(-1+t)
    A 2 3  5 3  2 3 -3 0
     -1-t+mh^2
    A 2 3  4 3  1 3 -3 0
     -1
    A 2 3  4 3  2 2 -2 -1
     -3/2
    A 2 3  4 3  2 2 -3 0
     -1/2*s^(-1)*(-2+2*t-3*s)
    A 2 3  4 2  2 2 -2 0
     3-3/2*s-3/2*mh^2
    A 2 3  3 2  1 2 -2 0
     3/2
    A 2 3  3 2  2 1 -2 0
     -3/2
;
  A 2 3  5 4  2 3 -2 -2
   1
    A 2 3  5 4  3 2 -2 -2
     1
    A 2 3  5 3  3 2 -1 -2
     -s
    A 2 3  4 3  2 2 -1 -2
     -3/2
    A 2 3  4 3  2 2 -2 -1
     -1
    A 2 3  4 3  3 1 -1 -2
     -1
    A 2 3  4 2  2 2 -1 -1
     1-t
    A 2 3  3 2  2 1 0 -2
     1/2
    A 2 3  3 2  2 1 -1 -1
     1
;
  A 2 3  5 4  2 3 -2 -2
   1
    A 2 3  5 4  3 2 -2 -2
     1
    A 2 3  5 3  2 3 -2 -1
     -1-t+mh^2
    A 2 3  5 3  3 2 -2 -1
     -2+mh^2
    A 2 3  4 3  1 3 -2 -1
     -1
    A 2 3  4 3  2 2 -1 -2
     -1
    A 2 3  4 3  2 2 -2 -1
     -3/2
    A 2 3  4 2  2 2 -1 -1
     2-s-mh^2
    A 2 3  4 2  2 2 -2 0
     -1/2*mh^2
    A 2 3  3 2  1 2 -1 -1
     1
    A 2 3  3 2  1 2 -2 0
     1/2
;
  A 2 3  5 4  2 3 -2 -2
   1
    A 2 3  5 4  2 3 -3 -1
     s^(-1)*(-1+t)
    A 2 3  5 3  2 3 -2 -1
     -1-t+mh^2
    A 2 3  4 3  1 3 -2 -1
     -1
    A 2 3  4 3  2 2 -1 -2
     -1
    A 2 3  4 3  2 2 -2 -1
     -1/2*(-3+3*t-s)*s^(-1)
    A 2 3  4 3  2 2 -3 0
     s^(-1)
    A 2 3  4 2  2 2 -1 -1
     2-s-mh^2
    A 2 3  4 2  2 2 -2 0
     -1/2*s^(-1)*(2+t*mh^2-2*t+s*mh^2-mh^2)
    A 2 3  3 2  1 2 -1 -1
     1
    A 2 3  3 2  1 2 -2 0
     1/2*s^(-1)*(-1+t+s)
    A 2 3  3 2  2 1 -1 -1
     -1
    A 2 3  3 2  2 1 -2 0
     -s^(-1)
;
  A 2 3  5 4  2 3 -1 -3
   1
    A 2 3  5 4  3 2 -1 -3
     1
    A 2 3  5 3  3 2 0 -3
     -s
    A 2 3  4 3  2 2 0 -3
     -1
    A 2 3  4 3  2 2 -1 -2
     -3/2
    A 2 3  4 3  3 1 0 -3
     -1
    A 2 3  4 2  2 2 0 -2
     3/2-3/2*t
    A 2 3  3 2  2 1 0 -2
     3/2
;
  A 2 3  5 4  2 3 -1 -3
   1
    A 2 3  5 4  3 2 -1 -3
     1
    A 2 3  5 3  2 3 -1 -2
     -1-t+mh^2
    A 2 3  5 3  3 2 -1 -2
     -2+mh^2
    A 2 3  4 3  1 3 -1 -2
     -1
    A 2 3  4 3  2 2 0 -3
     -1/2
    A 2 3  4 3  2 2 -1 -2
     -2
    A 2 3  4 2  2 2 0 -2
     1-1/2*s-1/2*mh^2
    A 2 3  4 2  2 2 -1 -1
     -mh^2
    A 2 3  3 2  1 2 0 -2
     1/2
    A 2 3  3 2  1 2 -1 -1
     1
;
  A 2 3  5 4  2 3 -1 -3
   1
    A 2 3  5 4  2 3 -2 -2
     s^(-1)*(-1+t)
    A 2 3  5 3  2 3 -1 -2
     -1-t+mh^2
    A 2 3  4 3  1 3 -1 -2
     -1
    A 2 3  4 3  2 2 0 -3
     -1/2
    A 2 3  4 3  2 2 -1 -2
     -1/2*(-4+4*t+s)*s^(-1)
    A 2 3  4 3  2 2 -2 -1
     2*s^(-1)
    A 2 3  4 2  2 2 0 -2
     1-1/2*s-1/2*mh^2
    A 2 3  4 2  2 2 -1 -1
     -s^(-1)*(2+t*mh^2-2*t+s*mh^2-mh^2)
    A 2 3  3 2  1 2 0 -2
     1/2
    A 2 3  3 2  1 2 -1 -1
     s^(-1)*(-1+t+s)
    A 2 3  3 2  2 1 0 -2
     -1/2
    A 2 3  3 2  2 1 -1 -1
     -2*s^(-1)
;
  A 2 3  5 4  2 3 0 -4
   1
    A 2 3  5 4  3 2 0 -4
     1
    A 2 3  5 3  2 3 0 -3
     -1-t+mh^2
    A 2 3  5 3  3 2 0 -3
     -2+mh^2
    A 2 3  4 3  1 3 0 -3
     -1
    A 2 3  4 3  2 2 0 -3
     -5/2
    A 2 3  4 2  2 2 0 -2
     -3/2*mh^2
    A 2 3  3 2  1 2 0 -2
     3/2
;
  A 2 3  5 4  2 3 0 -4
   1
    A 2 3  5 4  2 3 -1 -3
     s^(-1)*(-1+t)
    A 2 3  5 3  2 3 0 -3
     -1-t+mh^2
    A 2 3  4 3  1 3 0 -3
     -1
    A 2 3  4 3  2 2 0 -3
     -1/2*(-5+5*t+3*s)*s^(-1)
    A 2 3  4 3  2 2 -1 -2
     3*s^(-1)
    A 2 3  4 2  2 2 0 -2
     -3/2*s^(-1)*(2+t*mh^2-2*t+s*mh^2-mh^2)
    A 2 3  3 2  1 2 0 -2
     3/2*s^(-1)*(-1+t+s)
    A 2 3  3 2  2 1 0 -2
     -3*s^(-1)
;
  A 2 3  5 4  1 4 -4 0
   1
    A 2 3  5 4  2 3 -4 0
     1/3
    A 2 3  5 3  2 3 -3 0
     -1/3*s
    A 2 3  4 3  1 3 -3 0
     -2
    A 2 3  4 3  2 2 -3 0
     -1/3
    A 2 3  3 2  1 2 -2 0
     1
;
  A 2 3  5 4  1 4 -3 -1
   1
    A 2 3  5 4  2 3 -3 -1
     1/3
    A 2 3  5 3  2 3 -2 -1
     -1/3*s
    A 2 3  4 3  1 3 -2 -1
     -5/3
    A 2 3  4 3  1 3 -3 0
     -1/3
    A 2 3  4 3  2 2 -2 -1
     -1/3
    A 2 3  4 2  1 3 -2 0
     1/3-1/3*t
    A 2 3  3 2  1 2 -1 -1
     2/3
    A 2 3  3 2  1 2 -2 0
     1/3
;
  A 2 3  5 4  1 4 -3 -1
   1
    A 2 3  5 4  2 3 -3 -1
     1/3
    A 2 3  5 3  1 4 -3 0
     -1-t+mh^2
    A 2 3  5 3  2 3 -3 0
     -2/3+1/3*mh^2
    A 2 3  4 3  1 3 -2 -1
     -1
    A 2 3  4 3  1 3 -3 0
     -1/3
    A 2 3  4 2  1 3 -2 0
     2-s-mh^2
    A 1 1  4 3  4 0 -3 0
     -1
    A 1 1  4 3  4 -1 -2 0
     3
    A 1 1  4 3  4 -2 -1 0
     -3
    A 1 1  4 3  4 -3 0 0
     1
    A 1 1  4 2  4 0 -2 0
     3*s
    A 1 1  4 2  4 -1 -1 0
     -6*s
    A 1 1  4 2  4 -2 0 0
     3*s
    A 1 1  4 1  4 0 -1 0
     -3*s^2
    A 1 1  4 1  4 -1 0 0
     3*s^2
    A 1 1  4 0  4 0 0 0
     s^3
    A 1 1  3 2  3 0 -2 0
     -2
    A 1 1  3 2  3 -1 -1 0
     4
    A 1 1  3 2  3 -2 0 0
     -2
    A 1 1  3 1  3 0 -1 0
     4*s
    A 1 1  3 1  3 -1 0 0
     -4*s
    A 1 1  3 0  3 0 0 0
     -2*s^2
    A 1 1  2 1  2 0 -1 0
     -1
    A 1 1  2 1  2 -1 0 0
     1
    A 1 1  2 0  2 0 0 0
     s
;
  A 2 3  5 4  1 4 -3 -1
   1
    A 2 3  5 4  1 4 -4 0
     s^(-1)*(-1+t)
    A 2 3  5 3  1 4 -3 0
     -1-t+mh^2
    A 2 3  4 3  1 3 -2 -1
     -1
    A 2 3  4 3  1 3 -3 0
     -(-1+t-s)*s^(-1)
    A 2 3  4 2  1 3 -2 0
     2-s-mh^2
    A 2 3  3 2  1 2 -2 0
     -1
    A 1 1  4 3  4 0 -3 0
     -1
    A 1 1  4 3  4 -1 -2 0
     3
    A 1 1  4 3  4 -2 -1 0
     -3
    A 1 1  4 3  4 -3 0 0
     1
    A 1 1  4 2  4 0 -2 0
     3*s
    A 1 1  4 2  4 -1 -1 0
     -6*s
    A 1 1  4 2  4 -2 0 0
     3*s
    A 1 1  4 1  4 0 -1 0
     -3*s^2
    A 1 1  4 1  4 -1 0 0
     3*s^2
    A 1 1  4 0  4 0 0 0
     s^3
    A 1 1  3 2  3 0 -2 0
     -2
    A 1 1  3 2  3 -1 -1 0
     4
    A 1 1  3 2  3 -2 0 0
     -2
    A 1 1  3 1  3 0 -1 0
     4*s
    A 1 1  3 1  3 -1 0 0
     -4*s
    A 1 1  3 0  3 0 0 0
     -2*s^2
    A 1 1  2 1  2 0 -1 0
     -1
    A 1 1  2 1  2 -1 0 0
     1
    A 1 1  2 0  2 0 0 0
     s
;
  A 2 3  5 4  1 4 -2 -2
   1
    A 2 3  5 4  2 3 -2 -2
     1/3
    A 2 3  5 3  2 3 -1 -2
     -1/3*s
    A 2 3  4 3  1 3 -1 -2
     -4/3
    A 2 3  4 3  1 3 -2 -1
     -2/3
    A 2 3  4 3  2 2 -1 -2
     -1/3
    A 2 3  4 2  1 3 -1 -1
     2/3-2/3*t
    A 2 3  3 2  1 2 0 -2
     1/3
    A 2 3  3 2  1 2 -1 -1
     2/3
;
  A 2 3  5 4  1 4 -2 -2
   1
    A 2 3  5 4  2 3 -2 -2
     1/3
    A 2 3  5 3  1 4 -2 -1
     -1-t+mh^2
    A 2 3  5 3  2 3 -2 -1
     -2/3+1/3*mh^2
    A 2 3  4 3  1 3 -1 -2
     -2/3
    A 2 3  4 3  1 3 -2 -1
     -2/3
    A 2 3  4 2  1 3 -1 -1
     4/3-2/3*s-2/3*mh^2
    A 2 3  4 2  1 3 -2 0
     -1/3*mh^2
    A 1 1  4 3  4 0 -2 -1
     -1
    A 1 1  4 3  4 -1 -1 -1
     2
    A 1 1  4 3  4 -1 -2 0
     1
    A 1 1  4 3  4 -2 0 -1
     -1
    A 1 1  4 3  4 -2 -1 0
     -2
    A 1 1  4 3  4 -3 0 0
     1
    A 1 1  4 2  4 0 -1 -1
     2*s
    A 1 1  4 2  4 0 -2 0
     1-t
    A 1 1  4 2  4 -1 0 -1
     -2*s
    A 1 1  4 2  4 -1 -1 0
     -2+2*t-2*s
    A 1 1  4 2  4 -2 0 0
     1-t+2*s
    A 1 1  4 1  4 0 0 -1
     -s^2
    A 1 1  4 1  4 0 -1 0
     -2*s+2*t*s
    A 1 1  4 1  4 -1 0 0
     s^2+2*s-2*t*s
    A 1 1  4 0  4 0 0 0
     s^2-t*s^2
    A 1 1  3 2  3 0 -1 -1
     -4/3
    A 1 1  3 2  3 0 -2 0
     -2/3
    A 1 1  3 2  3 -1 0 -1
     4/3
    A 1 1  3 2  3 -1 -1 0
     8/3
    A 1 1  3 2  3 -2 0 0
     -2
    A 1 1  3 1  3 0 0 -1
     4/3*s
    A 1 1  3 1  3 0 -1 0
     4/3-4/3*t+4/3*s
    A 1 1  3 1  3 -1 0 0
     -4/3+4/3*t-8/3*s
    A 1 1  3 0  3 0 0 0
     -2/3*s^2-4/3*s+4/3*t*s
    A 1 1  2 1  2 0 0 -1
     -1/3
    A 1 1  2 1  2 0 -1 0
     -2/3
    A 1 1  2 1  2 -1 0 0
     1
    A 1 1  2 0  2 0 0 0
     1/3-1/3*t+2/3*s
;
  A 2 3  5 4  1 4 -2 -2
   1
    A 2 3  5 4  1 4 -3 -1
     s^(-1)*(-1+t)
    A 2 3  5 3  1 4 -2 -1
     -1-t+mh^2
    A 2 3  4 3  1 3 -1 -2
     -2/3
    A 2 3  4 3  1 3 -2 -1
     -1/3*s^(-1)*(-4+4*t-s)
    A 2 3  4 3  1 3 -3 0
     2/3*s^(-1)
    A 2 3  4 2  1 3 -1 -1
     4/3-2/3*s-2/3*mh^2
    A 2 3  4 2  1 3 -2 0
     -1/3*s^(-1)*(2+t*mh^2-2*t+s*mh^2-mh^2)
    A 2 3  3 2  1 2 -1 -1
     -2/3
    A 2 3  3 2  1 2 -2 0
     -2/3*s^(-1)
    A 1 1  4 3  4 0 -2 -1
     -1
    A 1 1  4 3  4 -1 -1 -1
     2
    A 1 1  4 3  4 -1 -2 0
     1
    A 1 1  4 3  4 -2 0 -1
     -1
    A 1 1  4 3  4 -2 -1 0
     -2
    A 1 1  4 3  4 -3 0 0
     1
    A 1 1  4 2  4 0 -1 -1
     2*s
    A 1 1  4 2  4 0 -2 0
     1-t
    A 1 1  4 2  4 -1 0 -1
     -2*s
    A 1 1  4 2  4 -1 -1 0
     -2+2*t-2*s
    A 1 1  4 2  4 -2 0 0
     1-t+2*s
    A 1 1  4 1  4 0 0 -1
     -s^2
    A 1 1  4 1  4 0 -1 0
     -2*s+2*t*s
    A 1 1  4 1  4 -1 0 0
     s^2+2*s-2*t*s
    A 1 1  4 0  4 0 0 0
     s^2-t*s^2
    A 1 1  3 2  3 0 -1 -1
     -4/3
    A 1 1  3 2  3 0 -2 0
     1/3*s^(-1)*(-1+t-2*s)
    A 1 1  3 2  3 -1 0 -1
     4/3
    A 1 1  3 2  3 -1 -1 0
     -2/3*(-1+t-4*s)*s^(-1)
    A 1 1  3 2  3 -2 0 0
     1/3*s^(-1)*(-1+t-6*s)
    A 1 1  3 1  3 0 0 -1
     4/3*s
    A 1 1  3 1  3 0 -1 0
     2-2*t+4/3*s
    A 1 1  3 1  3 -1 0 0
     -2+2*t-8/3*s
    A 1 1  3 0  3 0 0 0
     -2/3*s^2-5/3*s+5/3*t*s
    A 1 1  2 1  2 0 0 -1
     -1/3
    A 1 1  2 1  2 0 -1 0
     2/3*(-1+t-s)*s^(-1)
    A 1 1  2 1  2 -1 0 0
     -1/3*s^(-1)*(-2+2*t-3*s)
    A 1 1  2 0  2 0 0 0
     1-t+2/3*s
    A 1 1  1 0  1 0 0 0
     1/3*s^(-1)*(-1+t)
;
  A 2 3  5 4  1 4 -1 -3
   1
    A 2 3  5 4  2 3 -1 -3
     1/3
    A 2 3  5 3  2 3 0 -3
     -1/3*s
    A 2 3  4 3  1 3 0 -3
     -1
    A 2 3  4 3  1 3 -1 -2
     -1
    A 2 3  4 3  2 2 0 -3
     -1/3
    A 2 3  4 2  1 3 0 -2
     1-t
    A 2 3  3 2  1 2 0 -2
     1
;
  A 2 3  5 4  1 4 -1 -3
   1
    A 2 3  5 4  2 3 -1 -3
     1/3
    A 2 3  5 3  1 4 -1 -2
     -1-t+mh^2
    A 2 3  5 3  2 3 -1 -2
     -2/3+1/3*mh^2
    A 2 3  4 3  1 3 0 -3
     -1/3
    A 2 3  4 3  1 3 -1 -2
     -1
    A 2 3  4 2  1 3 0 -2
     2/3-1/3*s-1/3*mh^2
    A 2 3  4 2  1 3 -1 -1
     -2/3*mh^2
    A 1 1  4 3  4 0 -1 -2
     -1
    A 1 1  4 3  4 -1 0 -2
     1
    A 1 1  4 3  4 -1 -1 -1
     2
    A 1 1  4 3  4 -2 0 -1
     -2
    A 1 1  4 3  4 -2 -1 0
     -1
    A 1 1  4 3  4 -3 0 0
     1
    A 1 1  4 2  4 0 0 -2
     s
    A 1 1  4 2  4 0 -1 -1
     2-2*t
    A 1 1  4 2  4 -1 0 -1
     -2+2*t-2*s
    A 1 1  4 2  4 -1 -1 0
     -2+2*t
    A 1 1  4 2  4 -2 0 0
     2-2*t+s
    A 1 1  4 1  4 0 0 -1
     -2*s+2*t*s
    A 1 1  4 1  4 0 -1 0
     -1+2*t-t^2
    A 1 1  4 1  4 -1 0 0
     1-2*t+t^2+2*s-2*t*s
    A 1 1  4 0  4 0 0 0
     t^2*s+s-2*t*s
    A 1 1  3 2  3 0 0 -2
     -2/3
    A 1 1  3 2  3 0 -1 -1
     -4/3
    A 1 1  3 2  3 -1 0 -1
     8/3
    A 1 1  3 2  3 -1 -1 0
     4/3
    A 1 1  3 2  3 -2 0 0
     -2
    A 1 1  3 1  3 0 0 -1
     4/3-4/3*t+4/3*s
    A 1 1  3 1  3 0 -1 0
     4/3-4/3*t
    A 1 1  3 1  3 -1 0 0
     -8/3+8/3*t-4/3*s
    A 1 1  3 0  3 0 0 0
     -2/3+4/3*t-2/3*t^2-4/3*s+4/3*t*s
    A 1 1  2 1  2 0 0 -1
     -2/3
    A 1 1  2 1  2 0 -1 0
     -1/3
    A 1 1  2 1  2 -1 0 0
     1
    A 1 1  2 0  2 0 0 0
     2/3-2/3*t+1/3*s
;
  A 2 3  5 4  1 4 -1 -3
   1
    A 2 3  5 4  1 4 -2 -2
     s^(-1)*(-1+t)
    A 2 3  5 3  1 4 -1 -2
     -1-t+mh^2
    A 2 3  4 3  1 3 0 -3
     -1/3
    A 2 3  4 3  1 3 -1 -2
     -1/3*(-5+5*t+s)*s^(-1)
    A 2 3  4 3  1 3 -2 -1
     4/3*s^(-1)
    A 2 3  4 2  1 3 0 -2
     2/3-1/3*s-1/3*mh^2
    A 2 3  4 2  1 3 -1 -1
     -2/3*s^(-1)*(2+t*mh^2-2*t+s*mh^2-mh^2)
    A 2 3  3 2  1 2 0 -2
     -1/3
    A 2 3  3 2  1 2 -1 -1
     -4/3*s^(-1)
    A 1 1  4 3  4 0 -1 -2
     -1
    A 1 1  4 3  4 -1 0 -2
     1
    A 1 1  4 3  4 -1 -1 -1
     2
    A 1 1  4 3  4 -2 0 -1
     -2
    A 1 1  4 3  4 -2 -1 0
     -1
    A 1 1  4 3  4 -3 0 0
     1
    A 1 1  4 2  4 0 0 -2
     s
    A 1 1  4 2  4 0 -1 -1
     2-2*t
    A 1 1  4 2  4 -1 0 -1
     -2+2*t-2*s
    A 1 1  4 2  4 -1 -1 0
     -2+2*t
    A 1 1  4 2  4 -2 0 0
     2-2*t+s
    A 1 1  4 1  4 0 0 -1
     -2*s+2*t*s
    A 1 1  4 1  4 0 -1 0
     -1+2*t-t^2
    A 1 1  4 1  4 -1 0 0
     1-2*t+t^2+2*s-2*t*s
    A 1 1  4 0  4 0 0 0
     t^2*s+s-2*t*s
    A 1 1  3 2  3 0 0 -2
     -2/3
    A 1 1  3 2  3 0 -1 -1
     2/3*s^(-1)*(-1+t-2*s)
    A 1 1  3 2  3 -1 0 -1
     -2/3*(-1+t-4*s)*s^(-1)
    A 1 1  3 2  3 -1 -1 0
     -2/3*s^(-1)*(-1+t-2*s)
    A 1 1  3 2  3 -2 0 0
     2/3*s^(-1)*(-1+t-3*s)
    A 1 1  3 1  3 0 0 -1
     2-2*t+4/3*s
    A 1 1  3 1  3 0 -1 0
     -2/3*(-1+2*t-t^2-2*s+2*t*s)*s^(-1)
    A 1 1  3 1  3 -1 0 0
     2/3*(-1+2*t-t^2-2*s^2-5*s+5*t*s)*s^(-1)
    A 1 1  3 0  3 0 0 0
     -4/3+8/3*t-4/3*t^2-4/3*s+4/3*t*s
    A 1 1  2 1  2 0 0 -1
     2/3*(-1+t-s)*s^(-1)
    A 1 1  2 1  2 0 -1 0
     1/3*(-2+2*t-s)*s^(-1)
    A 1 1  2 1  2 -1 0 0
     -1/3*(-4+4*t-3*s)*s^(-1)
    A 1 1  2 0  2 0 0 0
     -1/3*s^(-1)*(-2+4*t-2*t^2-s^2-4*s+4*t*s)
    A 1 1  1 0  1 0 0 0
     2/3*s^(-1)*(-1+t)
;
  A 2 3  5 4  1 4 0 -4
   1
    A 2 3  5 4  2 3 0 -4
     1/3
    A 2 3  5 3  1 4 0 -3
     -1-t+mh^2
    A 2 3  5 3  2 3 0 -3
     -2/3+1/3*mh^2
    A 2 3  4 3  1 3 0 -3
     -4/3
    A 2 3  4 2  1 3 0 -2
     -mh^2
    A 1 1  4 3  4 0 0 -3
     -1
    A 1 1  4 3  4 -1 0 -2
     3
    A 1 1  4 3  4 -2 0 -1
     -3
    A 1 1  4 3  4 -3 0 0
     1
    A 1 1  4 2  4 0 0 -2
     3-3*t
    A 1 1  4 2  4 -1 0 -1
     -6+6*t
    A 1 1  4 2  4 -2 0 0
     3-3*t
    A 1 1  4 1  4 0 0 -1
     -3+6*t-3*t^2
    A 1 1  4 1  4 -1 0 0
     3-6*t+3*t^2
    A 1 1  4 0  4 0 0 0
     1-t^3-3*t+3*t^2
    A 1 1  3 2  3 0 0 -2
     -2
    A 1 1  3 2  3 -1 0 -1
     4
    A 1 1  3 2  3 -2 0 0
     -2
    A 1 1  3 1  3 0 0 -1
     4-4*t
    A 1 1  3 1  3 -1 0 0
     -4+4*t
    A 1 1  3 0  3 0 0 0
     -2+4*t-2*t^2
    A 1 1  2 1  2 0 0 -1
     -1
    A 1 1  2 1  2 -1 0 0
     1
    A 1 1  2 0  2 0 0 0
     1-t
;
  A 2 3  5 4  1 4 0 -4
   1
    A 2 3  5 4  1 4 -1 -3
     s^(-1)*(-1+t)
    A 2 3  5 3  1 4 0 -3
     -1-t+mh^2
    A 2 3  4 3  1 3 0 -3
     -s^(-1)*(-2+2*t+s)
    A 2 3  4 3  1 3 -1 -2
     2*s^(-1)
    A 2 3  4 2  1 3 0 -2
     -s^(-1)*(2+t*mh^2-2*t+s*mh^2-mh^2)
    A 2 3  3 2  1 2 0 -2
     -2*s^(-1)
    A 1 1  4 3  4 0 0 -3
     -1
    A 1 1  4 3  4 -1 0 -2
     3
    A 1 1  4 3  4 -2 0 -1
     -3
    A 1 1  4 3  4 -3 0 0
     1
    A 1 1  4 2  4 0 0 -2
     3-3*t
    A 1 1  4 2  4 -1 0 -1
     -6+6*t
    A 1 1  4 2  4 -2 0 0
     3-3*t
    A 1 1  4 1  4 0 0 -1
     -3+6*t-3*t^2
    A 1 1  4 1  4 -1 0 0
     3-6*t+3*t^2
    A 1 1  4 0  4 0 0 0
     1-t^3-3*t+3*t^2
    A 1 1  3 2  3 0 0 -2
     s^(-1)*(-1+t-2*s)
    A 1 1  3 2  3 -1 0 -1
     -2*s^(-1)*(-1+t-2*s)
    A 1 1  3 2  3 -2 0 0
     s^(-1)*(-1+t-2*s)
    A 1 1  3 1  3 0 0 -1
     -2*(-1+2*t-t^2-2*s+2*t*s)*s^(-1)
    A 1 1  3 1  3 -1 0 0
     2*(-1+2*t-t^2-2*s+2*t*s)*s^(-1)
    A 1 1  3 0  3 0 0 0
     -s^(-1)*(1+2*t^2*s-t^3-3*t+3*t^2+2*s-4*t*s)
    A 1 1  2 1  2 0 0 -1
     (-2+2*t-s)*s^(-1)
    A 1 1  2 1  2 -1 0 0
     -(-2+2*t-s)*s^(-1)
    A 1 1  2 0  2 0 0 0
     -(-2+4*t-2*t^2-s+t*s)*s^(-1)
    A 1 1  1 0  1 0 0 0
     s^(-1)*(-1+t)
;
