  B 2 3  2 0  1 1 0 0
   1
    A 1 8  1 0  0 0 0 1
     -1/2*(-2+d)*mh^(-2)
;
  B 2 3  2 1  1 1 -1 0
   1
    A 1 8  1 0  0 0 0 1
     -1/4*(s*d+4*mh^2-2*s)*mh^(-2)
;
  B 2 3  2 1  1 1 0 -1
   1
    A 1 8  1 0  0 0 0 1
     1/4*mh^(-2)*(-2+2*t-t*d+d-2*d*mh^2)
;
  B 2 3  2 2  1 1 -2 0
   1
    A 1 8  1 0  0 0 0 1
     -1/6*(12*s*mh^2-2*s^2+s^2*d)*mh^(-2)
;
  B 2 3  2 2  1 1 -1 -1
   1
    A 1 8  1 0  0 0 0 1
     1/12*(s*d-t*s*d-6*s*mh^2+2*t*s-12*mh^4+12*mh^2-2*s-12*t*mh^2-3*s*d*mh^2)*mh^(-2)
;
  B 2 3  2 2  1 1 0 -2
   1
    A 1 8  1 0  0 0 0 1
     -1/6*(-2+3*d*mh^4+4*t+6*mh^4+t^2*d-2*t*d+6*mh^2-2*t^2+3*t*d*mh^2+6*t*mh^2+d-3*d*mh^2)*mh^(-2)
;
  B 2 3  2 3  1 1 -3 0
   1
    A 1 8  1 0  0 0 0 1
     -1/8*(24*s^2*d*mh^2+48*s*mh^4-2*s^3*d+s^3*d^2)*d^(-1)*mh^(-2)
;
  B 2 3  2 3  1 1 -2 -1
   1
    A 1 8  1 0  0 0 0 1
     -1/24*(48*s*d*mh^4+48*t*mh^4+16*s^2*d*mh^2-48*mh^4-s^2*d^2+96*s*mh^4+24*t*s*d*mh^2+t*s^2*d^2-24*s*d*mh^2-2*t*s^2*d+4*s^2*d^2*mh^2+2*s^2*d)*d^(-1)*mh^(-2)
;
  B 2 3  2 3  1 1 -1 -2
   1
    A 1 8  1 0  0 0 0 1
     -1/24*d^(-1)*mh^(-2)*(36*s*d*mh^4+24*t^2*d*mh^2+48*t*d*mh^4+24*d*mh^6+96*t*mh^4-2*s*d-4*s*d^2*mh^2-48*d*mh^4+4*t*s*d-2*t*s*d^2+s*d^2+4*t*s*d^2*mh^2+t^2*s*d^2+48*s*mh^4+16*t*s*d*mh^2-48*t*d*mh^2+8*s*d*mh^2+6*s*d^2*mh^4+24*d*mh^2-2*t^2*s*d)
;
  B 2 3  2 3  1 1 0 -3
   1
    A 1 8  1 0  0 0 0 1
     -1/8*(4*d^2*mh^2-3*t^2*d^2+16*t^2*d*mh^2+36*t*d*mh^4+16*d*mh^6+48*t*mh^4-8*t*d^2*mh^2-2*t^3*d+12*d*mh^4+48*mh^4+t^3*d^2+6*t^2*d-6*t*d-d^2-8*t*d*mh^2+2*d-6*d^2*mh^4+3*t*d^2-8*d*mh^2+4*t^2*d^2*mh^2+4*d^2*mh^6+6*t*d^2*mh^4)*d^(-1)*mh^(-2)
;
  B 2 3  3 0  2 1 0 0
   1
    A 1 8  1 0  0 0 0 1
     -1/8*(8+d^2-6*d)*mh^(-4)
;
  B 2 3  3 0  1 2 0 0
   1
    A 1 8  1 0  0 0 0 1
     -1/8*(8+d^2-6*d)*mh^(-4)
;
  B 2 3  3 1  2 1 -1 0
   1
    A 1 8  1 0  0 0 0 1
     1/12*(6*s*d-s*d^2+12*mh^2-8*s-6*d*mh^2)*mh^(-4)
;
  B 2 3  3 1  2 1 0 -1
   1
    A 1 8  1 0  0 0 0 1
     -1/24*(-8+3*d^2*mh^2+8*t-6*t*d-d^2+6*d+t*d^2-6*d*mh^2)*mh^(-4)
;
  B 2 3  3 1  1 2 -1 0
   1
    A 1 8  1 0  0 0 0 1
     1/24*(6*s*d-s*d^2+24*mh^2-8*s-12*d*mh^2)*mh^(-4)
;
  B 2 3  3 1  1 2 0 -1
   1
    A 1 8  1 0  0 0 0 1
     -1/24*(-16+3*d^2*mh^2+16*t-12*t*d-2*d^2+12*d+2*t*d^2-6*d*mh^2)*mh^(-4)
;
  B 2 3  3 2  2 1 -2 0
   1
    A 1 8  1 0  0 0 0 1
     1/16*(32*s*mh^2-16*mh^4-8*s^2-s^2*d^2-16*s*d*mh^2+6*s^2*d)*mh^(-4)
;
  B 2 3  3 2  2 1 -1 -1
   1
    A 1 8  1 0  0 0 0 1
     -1/48*(6*s*d+4*s*d^2*mh^2+24*d*mh^4-6*t*s*d-16*s*mh^2+8*t*s+t*s*d^2-s*d^2+24*mh^2-8*s+12*t*d*mh^2-24*t*mh^2-12*d*mh^2)*mh^(-4)
;
  B 2 3  3 2  2 1 0 -2
   1
    A 1 8  1 0  0 0 0 1
     1/48*(-8+4*d^2*mh^2-t^2*d^2-4*t*d^2*mh^2-12*d*mh^4+16*t+6*t^2*d-12*t*d+32*mh^2-8*t^2-d^2+16*t*mh^2+6*d-6*d^2*mh^4+2*t*d^2-24*d*mh^2)*mh^(-4)
;
  B 2 3  3 2  1 2 -2 0
   1
    A 1 8  1 0  0 0 0 1
     1/48*(48*s*mh^2-48*mh^4-8*s^2-s^2*d^2-24*s*d*mh^2+6*s^2*d)*mh^(-4)
;
  B 2 3  3 2  1 2 -1 -1
   1
    A 1 8  1 0  0 0 0 1
     -1/48*(6*s*d+2*s*d^2*mh^2+24*d*mh^4-6*t*s*d-8*s*mh^2+8*t*s+t*s*d^2-s*d^2+48*mh^2-8*s+24*t*d*mh^2-48*t*mh^2-24*d*mh^2)*mh^(-4)
;
  B 2 3  3 2  1 2 0 -2
   1
    A 1 8  1 0  0 0 0 1
     1/48*(-24+8*d^2*mh^2-3*t^2*d^2-8*t*d^2*mh^2-12*d*mh^4+48*t+18*t^2*d-36*t*d+16*mh^2-24*t^2-3*d^2+32*t*mh^2+18*d-6*d^2*mh^4+6*t*d^2-24*d*mh^2)*mh^(-4)
;
  B 2 3  3 3  2 1 -3 0
   1
    A 1 8  1 0  0 0 0 1
     -1/20*(30*s^2*d*mh^2+8*s^3+120*s*mh^4-6*s^3*d-60*s^2*mh^2+s^3*d^2)*mh^(-4)
;
  B 2 3  3 3  2 1 -2 -1
   1
    A 1 8  1 0  0 0 0 1
     -1/240*(240*s*d*mh^4+240*t*mh^4+30*s^2*d*mh^2+24*t*s^2+160*s*mh^2-240*mh^4-160*t*s*mh^2-24*s^2+240*mh^6-3*s^2*d^2+480*s*mh^4+80*t*s*d*mh^2-120*s^2*mh^2+3*t*s^2*d^2-80*s*d*mh^2-18*t*s^2*d+15*s^2*d^2*mh^2+18*s^2*d)*mh^(-4)
;
  B 2 3  3 3  2 1 -1 -2
   1
    A 1 8  1 0  0 0 0 1
     -1/120*(60*s*d*mh^4+20*t^2*d*mh^2+60*t*d*mh^4+60*d*mh^6+120*t*mh^4-6*s*d-40*t^2*mh^2-5*s*d^2*mh^2-60*d*mh^4+12*t*s*d-40*s*mh^2-16*t*s+120*mh^4-2*t*s*d^2-40*t*s*mh^2+s*d^2+120*mh^6+5*t*s*d^2*mh^2+t^2*s*d^2+80*s*mh^4+10*t*s*d*mh^2-40*mh^2+8*s+8*t^2*s-40*t*d*mh^2+80*t*mh^2+30*s*d*mh^2+10*s*d^2*mh^4+20*d*mh^2-6*t^2*s*d)*mh^(-4)
;
  B 2 3  3 3  2 1 0 -3
   1
    A 1 8  1 0  0 0 0 1
     -1/80*(-8+5*d^2*mh^2-3*t^2*d^2+10*t^2*d*mh^2+60*t*d*mh^4+60*d*mh^6+80*t*mh^4-10*t*d^2*mh^2-6*t^3*d-40*t^2*mh^2+60*d*mh^4+24*t+160*mh^4+t^3*d^2+80*mh^6+18*t^2*d+8*t^3-18*t*d+40*mh^2-24*t^2-d^2+20*t*d*mh^2+6*d-10*d^2*mh^4+3*t*d^2-30*d*mh^2+5*t^2*d^2*mh^2+10*d^2*mh^6+10*t*d^2*mh^4)*mh^(-4)
;
  B 2 3  3 3  1 2 -3 0
   1
    A 1 8  1 0  0 0 0 1
     -1/80*(40*s^2*d*mh^2+8*s^3+240*s*mh^4-6*s^3*d-80*s^2*mh^2+s^3*d^2)*mh^(-4)
;
  B 2 3  3 3  1 2 -2 -1
   1
    A 1 8  1 0  0 0 0 1
     -1/240*(120*s*d*mh^4+480*t*mh^4+10*s^2*d*mh^2+16*t*s^2+160*s*mh^2-480*mh^4-160*t*s*mh^2-16*s^2+240*mh^6-2*s^2*d^2+240*s*mh^4+80*t*s*d*mh^2-40*s^2*mh^2+2*t*s^2*d^2-80*s*d*mh^2-12*t*s^2*d+5*s^2*d^2*mh^2+12*s^2*d)*mh^(-4)
;
  B 2 3  3 3  1 2 -1 -2
   1
    A 1 8  1 0  0 0 0 1
     -1/240*(60*s*d*mh^4+120*t^2*d*mh^2+240*t*d*mh^4+120*d*mh^6+480*t*mh^4-18*s*d-240*t^2*mh^2-10*s*d^2*mh^2-240*d*mh^4+36*t*s*d-48*t*s-6*t*s*d^2-80*t*s*mh^2+3*s*d^2+240*mh^6+10*t*s*d^2*mh^2+3*t^2*s*d^2+80*s*mh^4+20*t*s*d*mh^2-240*mh^2+24*s+24*t^2*s-240*t*d*mh^2+480*t*mh^2+20*s*d*mh^2+10*s*d^2*mh^4+120*d*mh^2-18*t^2*s*d)*mh^(-4)
;
  B 2 3  3 3  1 2 0 -3
   1
    A 1 8  1 0  0 0 0 1
     -1/80*(-32+15*d^2*mh^2-12*t^2*d^2+30*t^2*d*mh^2+120*t*d*mh^4+60*d*mh^6+160*t*mh^4-30*t*d^2*mh^2-24*t^3*d-120*t^2*mh^2+96*t+80*mh^4+4*t^3*d^2+80*mh^6+72*t^2*d+32*t^3-72*t*d+40*mh^2-96*t^2-4*d^2+20*t*d*mh^2+80*t*mh^2+24*d-20*d^2*mh^4+12*t*d^2-50*d*mh^2+15*t^2*d^2*mh^2+10*d^2*mh^6+20*t*d^2*mh^4)*mh^(-4)
;
  B 2 3  3 4  2 1 -3 -1
   1
    B 2 3  3 4  2 1 -4 0
     (-1+t)*s^(-1)
    A 1 8  1 0  0 0 0 1
     1/40*d^(-1)*mh^(-4)*(840*s*d*mh^4-2*s^3*d^3*mh^2-190*s^2*d*mh^2-240*s*d*mh^6-60*s^2*d^2*mh^4-720*t*mh^6-840*t*s*d*mh^4-8*s^3*d^2*mh^2+190*t*s^2*d*mh^2+720*mh^6-16*t*s^3*d+16*s^3*d+24*s^3*d*mh^2-95*t*s^2*d^2*mh^2-480*s*mh^6-240*s^2*d*mh^4-12*s^3*d^2-2*t*s^3*d^3+12*t*s^3*d^2+95*s^2*d^2*mh^2+2*s^3*d^3)
;
  B 2 3  3 4  2 1 -2 -2
   1
    B 2 3  3 4  2 1 -4 0
     -(-1+t)^2*s^(-2)
    A 1 8  1 0  0 0 0 1
     1/240*s^(-1)*(4080*s*d*mh^4-24*t*s^3*d^2*mh^2-240*s^2*d^2*mh^6+9*t^2*s^3*d^3+6*s^3*d^3*mh^2-880*s^2*d*mh^2+480*s*d*mh^6+160*s^2*d^2*mh^4+440*t^2*s^2*d^2*mh^2-7680*t*mh^6-54*t^2*s^3*d^2-8160*t*s*d*mh^4+72*t^2*s^3*d-36*s^3*d^2*mh^2-1920*s^2*mh^6+1760*t*s^2*d*mh^2-6*t*s^3*d^3*mh^2-160*t*s^2*d^2*mh^4-480*t*s*d*mh^6+3840*mh^6-360*s^3*d*mh^4-144*t*s^3*d-640*t*s^2*d*mh^4-960*t*s*mh^6-150*s^3*d^2*mh^4+72*s^3*d+48*s^3*d*mh^2-880*t*s^2*d^2*mh^2-240*s*d*mh^8-15*s^3*d^3*mh^4-320*s^2*d*mh^4-880*t^2*s^2*d*mh^2+4080*t^2*s*d*mh^4-54*s^3*d^2+3840*t^2*mh^6-18*t*s^3*d^3+72*t*s^3*d*mh^2-1440*s^2*d*mh^6+108*t*s^3*d^2+440*s^2*d^2*mh^2+9*s^3*d^3)*d^(-1)*mh^(-4)
;
  B 2 3  3 4  2 1 -1 -3
   1
    B 2 3  3 4  2 1 -4 0
     (-1+t)^3*s^(-3)
    A 1 8  1 0  0 0 0 1
     1/240*(4320*s*d*mh^4-12*t*s^3*d^2*mh^2+180*s^2*d^2*mh^6-960*s^3*mh^6+33*t^2*s^3*d^3-6*s^3*d^3*mh^2-480*t^2*s^2*d*mh^4-1020*s^2*d*mh^2-120*s^2*d^2*mh^4+1530*t^2*s^2*d^2*mh^2-360*t*s^3*d*mh^4-11520*t*mh^6-198*t^2*s^3*d^2-180*t*s^2*d^2*mh^6-510*t^3*s^2*d^2*mh^2-12960*t*s*d*mh^4+264*t^2*s^3*d+36*s^3*d^2*mh^2-1440*s^2*mh^6+3060*t*s^2*d*mh^2-880*s^3*d*mh^6+12*t*s^3*d^3*mh^2+240*t*s^2*d^2*mh^4+3840*mh^6-1440*t*s^2*mh^6-600*s^3*d*mh^4-480*s^2*d*mh^8+72*t^2*s^3*d*mh^2-264*t*s^3*d-3840*t^3*mh^6+240*t*s^2*d*mh^4+66*t^3*s^3*d^2-15*t*s^3*d^3*mh^4-90*s^3*d^2*mh^4-120*s^2*d^2*mh^8-24*t^2*s^3*d^2*mh^2+1020*t^3*s^2*d*mh^2+88*s^3*d-1080*t*s^2*d*mh^6-11*t^3*s^3*d^3-48*s^3*d*mh^2-1530*t*s^2*d^2*mh^2-240*s^3*d^2*mh^6-4320*t^3*s*d*mh^4-6*t^2*s^3*d^3*mh^2+15*s^3*d^3*mh^4+240*s^2*d*mh^4-3060*t^2*s^2*d*mh^2+12960*t^2*s*d*mh^4-150*t*s^3*d^2*mh^4-66*s^3*d^2+11520*t^2*mh^6-33*t*s^3*d^3-24*t*s^3*d*mh^2-20*s^3*d^3*mh^6-360*s^2*d*mh^6+198*t*s^3*d^2-120*t^2*s^2*d^2*mh^4+510*s^2*d^2*mh^2+11*s^3*d^3-88*t^3*s^3*d)*s^(-2)*d^(-1)*mh^(-4)
;
  B 2 3  3 4  2 1 0 -4
   1
    B 2 3  3 4  2 1 -4 0
     -(-1+t)^4*s^(-4)
    A 1 8  1 0  0 0 0 1
     1/120*(2160*s*d*mh^4+48*t*s^3*d^2*mh^2+32*t^4*s^3*d-1920*s^3*mh^6+24*t^2*s^3*d^3-880*t*s^3*d*mh^6+72*t^3*s^3*d*mh^2+6*s^3*d^3*mh^2-15*t^2*s^3*d^3*mh^4-480*s^2*d*mh^2+1440*t^2*s^2*d^2*mh^2-150*s^3*d^2*mh^8-960*t*s^3*mh^6-240*t*s^3*d*mh^4-7680*t*mh^6-144*t^2*s^3*d^2-480*t^4*s^2*d*mh^2-960*t^3*s^2*d^2*mh^2-8640*t*s*d*mh^4+192*t^2*s^3*d-150*t^2*s^3*d^2*mh^4-36*s^3*d^2*mh^2+1920*t*s^2*d*mh^2+4*t^4*s^3*d^3+2160*t^4*s*d*mh^4-1280*s^3*d*mh^6-18*t*s^3*d^3*mh^2+1920*mh^6-15*s^3*d^3*mh^8-120*s^3*d*mh^4-96*t^2*s^3*d*mh^2-24*t^4*s^3*d^2+1920*t^4*mh^6-128*t*s^3*d-7680*t^3*mh^6+96*t^3*s^3*d^2+30*t*s^3*d^3*mh^4+90*s^3*d^2*mh^4+12*t^2*s^3*d^2*mh^2+240*t^4*s^2*d^2*mh^2+1920*t^3*s^2*d*mh^2+32*s^3*d-16*t^3*s^3*d^3-360*t^2*s^3*d*mh^4-6*t^3*s^3*d^3*mh^2+48*s^3*d*mh^2-20*t*s^3*d^3*mh^6-960*t*s^2*d^2*mh^2-120*s^3*d^2*mh^6-8640*t^3*s*d*mh^4+18*t^2*s^3*d^3*mh^2-15*s^3*d^3*mh^4-2880*t^2*s^2*d*mh^2-360*s^3*d*mh^8+12960*t^2*s*d*mh^4+60*t*s^3*d^2*mh^4-24*s^3*d^2+11520*t^2*mh^6-16*t*s^3*d^3-24*t*s^3*d*mh^2+20*s^3*d^3*mh^6-24*t^3*s^3*d^2*mh^2+96*t*s^3*d^2-240*t*s^3*d^2*mh^6+240*s^2*d^2*mh^2+4*s^3*d^3-128*t^3*s^3*d)*s^(-3)*d^(-1)*mh^(-4)
;
  B 2 3  3 4  1 2 -4 0
   1
    B 2 3  3 4  2 1 -4 0
     1
    A 1 8  1 0  0 0 0 1
     -1/20*(s^4*d^3-6*s^4*d^2+50*s^3*d^2*mh^2+8*s^4*d-100*s^3*d*mh^2+480*s*mh^6+480*s^2*d*mh^4)*d^(-1)*mh^(-4)
;
  B 2 3  3 4  1 2 -3 -1
   1
    B 2 3  3 4  2 1 -4 0
     -(-1+t)*s^(-1)
    A 1 8  1 0  0 0 0 1
     -1/80*(1200*s*d*mh^4+s^3*d^3*mh^2-280*s^2*d*mh^2+240*s*d*mh^6+40*s^2*d^2*mh^4-960*t*mh^6-1200*t*s*d*mh^4+4*s^3*d^2*mh^2+280*t*s^2*d*mh^2+960*mh^6-24*t*s^3*d+24*s^3*d-12*s^3*d*mh^2-140*t*s^2*d^2*mh^2+480*s*mh^6+160*s^2*d*mh^4-18*s^3*d^2-3*t*s^3*d^3+18*t*s^3*d^2+140*s^2*d^2*mh^2+3*s^3*d^3)*d^(-1)*mh^(-4)
;
  B 2 3  3 4  1 2 -2 -2
   1
    B 2 3  3 4  2 1 -4 0
     (-1+t)^2*s^(-2)
    A 1 8  1 0  0 0 0 1
     -1/240*(5040*s*d*mh^4+16*t*s^3*d^2*mh^2+120*s^2*d^2*mh^6+11*t^2*s^3*d^3-4*s^3*d^3*mh^2-1080*s^2*d*mh^2-960*s*d*mh^6-160*s^2*d^2*mh^4+540*t^2*s^2*d^2*mh^2-7680*t*mh^6-66*t^2*s^3*d^2-10080*t*s*d*mh^4+88*t^2*s^3*d+4*s^3*d^2*mh^2+960*s^2*mh^6+2160*t*s^2*d*mh^2+4*t*s^3*d^3*mh^2+160*t*s^2*d^2*mh^4+960*t*s*d*mh^6+3840*mh^6+120*s^3*d*mh^4-176*t*s^3*d+640*t*s^2*d*mh^4+1920*t*s*mh^6+50*s^3*d^2*mh^4+88*s^3*d+8*s^3*d*mh^2-1080*t*s^2*d^2*mh^2-960*s*mh^6+240*s*d*mh^8+5*s^3*d^3*mh^4-160*s^2*d*mh^4-1080*t^2*s^2*d*mh^2+5040*t^2*s*d*mh^4-66*s^3*d^2+3840*t^2*mh^6-22*t*s^3*d^3-48*t*s^3*d*mh^2+720*s^2*d*mh^6+132*t*s^3*d^2+540*s^2*d^2*mh^2+11*s^3*d^3)*s^(-1)*d^(-1)*mh^(-4)
;
  B 2 3  3 4  1 2 -1 -3
   1
    B 2 3  3 4  2 1 -4 0
     -(-1+t)^3*s^(-3)
    A 1 8  1 0  0 0 0 1
     -1/240*(4320*s*d*mh^4-12*t*s^3*d^2*mh^2-360*s^2*d^2*mh^6+480*s^3*mh^6+24*t^2*s^3*d^3+9*s^3*d^3*mh^2+1440*t^2*s^2*d*mh^4-720*s^2*d*mh^2+360*s^2*d^2*mh^4+1080*t^2*s^2*d^2*mh^2+360*t*s^3*d*mh^4-11520*t*mh^6-144*t^2*s^3*d^2+360*t*s^2*d^2*mh^6-360*t^3*s^2*d^2*mh^2-12960*t*s*d*mh^4+192*t^2*s^3*d-24*s^3*d^2*mh^2+2160*t*s^2*d*mh^2+440*s^3*d*mh^6-18*t*s^3*d^3*mh^2-720*t*s^2*d^2*mh^4+3840*mh^6+2880*t*s^2*mh^6+120*s^3*d*mh^4+480*s^2*d*mh^8-108*t^2*s^3*d*mh^2-192*t*s^3*d-3840*t^3*mh^6-1440*t*s^2*d*mh^4+48*t^3*s^3*d^2+15*t*s^3*d^3*mh^4-30*s^3*d^2*mh^4+120*s^2*d^2*mh^8+36*t^2*s^3*d^2*mh^2+720*t^3*s^2*d*mh^2+64*s^3*d+2160*t*s^2*d*mh^6-8*t^3*s^3*d^3+12*s^3*d*mh^2-1080*t*s^2*d^2*mh^2+120*s^3*d^2*mh^6-4320*t^3*s*d*mh^4+9*t^2*s^3*d^3*mh^2-15*s^3*d^3*mh^4-2160*t^2*s^2*d*mh^2+12960*t^2*s*d*mh^4+150*t*s^3*d^2*mh^4-48*s^3*d^2+11520*t^2*mh^6-24*t*s^3*d^3+96*t*s^3*d*mh^2+10*s^3*d^3*mh^6-720*s^2*d*mh^6+144*t*s^3*d^2+360*t^2*s^2*d^2*mh^4+360*s^2*d^2*mh^2+8*s^3*d^3-64*t^3*s^3*d)*s^(-2)*d^(-1)*mh^(-4)
;
  B 2 3  3 4  1 2 0 -4
   1
    B 2 3  3 4  2 1 -4 0
     (-1+t)^4*s^(-4)
    A 1 8  1 0  0 0 0 1
     -1/120*(2160*s*d*mh^4-72*t*s^3*d^2*mh^2+80*t^4*s^3*d+960*s^3*mh^6+60*t^2*s^3*d^3+1760*t*s^3*d*mh^6-288*t^3*s^3*d*mh^2-24*s^3*d^3*mh^2+45*t^2*s^3*d^3*mh^4-480*s^2*d*mh^2+1440*t^2*s^2*d^2*mh^2+150*s^3*d^2*mh^8+1920*t*s^3*mh^6-240*t*s^3*d*mh^4-7680*t*mh^6-360*t^2*s^3*d^2-480*t^4*s^2*d*mh^2-960*t^3*s^2*d^2*mh^2-8640*t*s*d*mh^4+480*t^2*s^3*d+450*t^2*s^3*d^2*mh^4+84*s^3*d^2*mh^2+1920*t*s^2*d*mh^2+10*t^4*s^3*d^3+2160*t^4*s*d*mh^4+400*s^3*d*mh^6+72*t*s^3*d^3*mh^2+1920*mh^6+15*s^3*d^3*mh^8-120*s^3*d*mh^4+504*t^2*s^3*d*mh^2-60*t^4*s^3*d^2+1920*t^4*mh^6-320*t*s^3*d-7680*t^3*mh^6+240*t^3*s^3*d^2-90*t*s^3*d^3*mh^4-30*s^3*d^2*mh^4-108*t^2*s^3*d^2*mh^2+240*t^4*s^2*d^2*mh^2+1920*t^3*s^2*d*mh^2+80*s^3*d-40*t^3*s^3*d^3+1080*t^2*s^3*d*mh^4+24*t^3*s^3*d^3*mh^2-72*s^3*d*mh^2+40*t*s^3*d^3*mh^6-960*t*s^2*d^2*mh^2-120*s^3*d^2*mh^6-8640*t^3*s*d*mh^4-72*t^2*s^3*d^3*mh^2+45*s^3*d^3*mh^4-2880*t^2*s^2*d*mh^2+360*s^3*d*mh^8+12960*t^2*s*d*mh^4-420*t*s^3*d^2*mh^4-60*s^3*d^2+11520*t^2*mh^6-40*t*s^3*d^3-144*t*s^3*d*mh^2-40*s^3*d^3*mh^6+96*t^3*s^3*d^2*mh^2+240*t*s^3*d^2+480*t*s^3*d^2*mh^6+240*s^2*d^2*mh^2+10*s^3*d^3-320*t^3*s^3*d)*s^(-3)*d^(-1)*mh^(-4)
;
  B 2 3  4 0  3 1 0 0
   1
    A 1 8  1 0  0 0 0 1
     -1/48*(-48+d^3-12*d^2+44*d)*mh^(-6)
;
  B 2 3  4 0  2 2 0 0
   1
    A 1 8  1 0  0 0 0 1
     -1/48*(-48+d^3-12*d^2+44*d)*mh^(-6)
;
  B 2 3  4 0  1 3 0 0
   1
    A 1 8  1 0  0 0 0 1
     -1/48*(-48+d^3-12*d^2+44*d)*mh^(-6)
;
  B 2 3  4 1  3 1 -1 0
   1
    A 1 8  1 0  0 0 0 1
     -1/64*(8*d^2*mh^2+44*s*d+s*d^3-12*s*d^2+64*mh^2-48*s-48*d*mh^2)*mh^(-6)
;
  B 2 3  4 1  3 1 0 -1
   1
    A 1 8  1 0  0 0 0 1
     1/192*(-48+24*d^2*mh^2+48*t-4*d^3*mh^2-44*t*d+d^3-12*d^2+44*d-t*d^3+12*t*d^2-32*d*mh^2)*mh^(-6)
;
  B 2 3  4 1  2 2 -1 0
   1
    A 1 8  1 0  0 0 0 1
     -1/96*(12*d^2*mh^2+44*s*d+s*d^3-12*s*d^2+96*mh^2-48*s-72*d*mh^2)*mh^(-6)
;
  B 2 3  4 1  2 2 0 -1
   1
    A 1 8  1 0  0 0 0 1
     1/96*(-48+12*d^2*mh^2+48*t-2*d^3*mh^2-44*t*d+d^3-12*d^2+44*d-t*d^3+12*t*d^2-16*d*mh^2)*mh^(-6)
;
  B 2 3  4 1  1 3 -1 0
   1
    A 1 8  1 0  0 0 0 1
     -1/192*(24*d^2*mh^2+44*s*d+s*d^3-12*s*d^2+192*mh^2-48*s-144*d*mh^2)*mh^(-6)
;
  B 2 3  4 1  1 3 0 -1
   1
    A 1 8  1 0  0 0 0 1
     1/192*(-144+24*d^2*mh^2+144*t-4*d^3*mh^2-132*t*d+3*d^3-36*d^2+132*d-3*t*d^3+36*t*d^2-32*d*mh^2)*mh^(-6)
;
  B 2 3  4 2  3 1 -2 0
   1
    A 1 8  1 0  0 0 0 1
     -1/80*(20*s*d^2*mh^2+40*d*mh^4+160*s*mh^2-80*mh^4-48*s^2-12*s^2*d^2+s^2*d^3-120*s*d*mh^2+44*s^2*d)*mh^(-6)
;
  B 2 3  4 2  3 1 -1 -1
   1
    A 1 8  1 0  0 0 0 1
     1/960*(40*d^2*mh^2+132*s*d-40*t*d^2*mh^2+60*s*d^2*mh^2+240*d*mh^4-132*t*s*d-240*s*mh^2+144*t*s+3*s*d^3+36*t*s*d^2-3*t*s*d^3-36*s*d^2-15*s*d^3*mh^2+320*mh^2-144*s+240*t*d*mh^2-320*t*mh^2-120*d^2*mh^4+60*s*d*mh^2-240*d*mh^2)*mh^(-6)
;
  B 2 3  4 2  3 1 0 -2
   1
    A 1 8  1 0  0 0 0 1
     -1/480*(-48+60*d^2*mh^2-12*t^2*d^2-20*t*d^2*mh^2+t^2*d^3-40*d*mh^4+96*t-5*d^3*mh^2+44*t^2*d+5*t*d^3*mh^2+10*d^3*mh^4-88*t*d+d^3+240*mh^2-48*t^2-12*d^2-20*t*d*mh^2+80*t*mh^2+44*d-2*t*d^3+24*t*d^2-220*d*mh^2)*mh^(-6)
;
  B 2 3  4 2  2 2 -2 0
   1
    A 1 8  1 0  0 0 0 1
     -1/480*(80*s*d^2*mh^2+240*d*mh^4+640*s*mh^2-480*mh^4-144*s^2-36*s^2*d^2+3*s^2*d^3-480*s*d*mh^2+132*s^2*d)*mh^(-6)
;
  B 2 3  4 2  2 2 -1 -1
   1
    A 1 8  1 0  0 0 0 1
     1/480*(40*d^2*mh^2+88*s*d-40*t*d^2*mh^2+20*s*d^2*mh^2+120*d*mh^4-88*t*s*d-80*s*mh^2+96*t*s+2*s*d^3+24*t*s*d^2-2*t*s*d^3-24*s*d^2-5*s*d^3*mh^2+320*mh^2-96*s+240*t*d*mh^2-320*t*mh^2-60*d^2*mh^4+20*s*d*mh^2-240*d*mh^2)*mh^(-6)
;
  B 2 3  4 2  2 2 0 -2
   1
    A 1 8  1 0  0 0 0 1
     -1/480*(-144+80*d^2*mh^2-36*t^2*d^2-40*t*d^2*mh^2+3*t^2*d^3-40*d*mh^4+288*t-10*d^3*mh^2+132*t^2*d+10*t*d^3*mh^2+10*d^3*mh^4-264*t*d+3*d^3+160*mh^2-144*t^2-36*d^2-40*t*d*mh^2+160*t*mh^2+132*d-6*t*d^3+72*t*d^2-200*d*mh^2)*mh^(-6)
;
  B 2 3  4 2  1 3 -2 0
   1
    A 1 8  1 0  0 0 0 1
     -1/480*mh^(-6)*(40*s*d^2*mh^2+240*d*mh^4+320*s*mh^2-480*mh^4-48*s^2-12*s^2*d^2+s^2*d^3-240*s*d*mh^2+44*s^2*d)
;
  B 2 3  4 2  1 3 -1 -1
   1
    A 1 8  1 0  0 0 0 1
     1/960*(120*d^2*mh^2+132*s*d-120*t*d^2*mh^2+20*s*d^2*mh^2+240*d*mh^4-132*t*s*d-80*s*mh^2+144*t*s+3*s*d^3+36*t*s*d^2-3*t*s*d^3-36*s*d^2-5*s*d^3*mh^2+960*mh^2-144*s+720*t*d*mh^2-960*t*mh^2-120*d^2*mh^4+20*s*d*mh^2-720*d*mh^2)*mh^(-6)
;
  B 2 3  4 2  1 3 0 -2
   1
    A 1 8  1 0  0 0 0 1
     -1/480*mh^(-6)*(-288+100*d^2*mh^2-72*t^2*d^2-60*t*d^2*mh^2+6*t^2*d^3-40*d*mh^4+576*t-15*d^3*mh^2+264*t^2*d+15*t*d^3*mh^2+10*d^3*mh^4-528*t*d+6*d^3+80*mh^2-288*t^2-72*d^2-60*t*d*mh^2+240*t*mh^2+264*d-12*t*d^3+144*t*d^2-180*d*mh^2)
;
  B 2 3  4 3  3 1 -3 0
   1
    A 1 8  1 0  0 0 0 1
     -1/96*(216*s*d*mh^4-216*s^2*d*mh^2-48*s^3+96*mh^6-432*s*mh^4+44*s^3*d+288*s^2*mh^2-12*s^3*d^2+36*s^2*d^2*mh^2+s^3*d^3)*mh^(-6)
;
  B 2 3  4 3  3 1 -2 -1
   1
    A 1 8  1 0  0 0 0 1
     -1/480*(120*t*d*mh^4+240*d*mh^6-240*t*mh^4-96*s^2*d*mh^2-48*t*s^2-30*s*d^2*mh^2-120*d*mh^4-240*s*mh^2+240*mh^4+240*t*s*mh^2+48*s^2+30*t*s*d^2*mh^2+t*s^2*d^3+12*s^2*d^2-480*s*mh^4-180*t*s*d*mh^2-s^2*d^3+6*s^2*d^3*mh^2+192*s^2*mh^2-12*t*s^2*d^2+180*s*d*mh^2+44*t*s^2*d+120*s*d^2*mh^4-12*s^2*d^2*mh^2-44*s^2*d)*mh^(-6)
;
  B 2 3  4 3  3 1 -1 -2
   1
    A 1 8  1 0  0 0 0 1
     -1/960*(20*d^2*mh^2-60*s*d*mh^4-120*t^2*d*mh^2+240*d*mh^6-320*t*mh^4+44*s*d-40*t*d^2*mh^2+6*t*s*d^3*mh^2+160*t^2*mh^2+72*s*d^2*mh^2+480*d*mh^4-88*t*s*d+288*s*mh^2+96*t*s+s*d^3-640*mh^4+24*t*s*d^2-2*t*s*d^3+192*t*s*mh^2-12*s*d^2-6*s*d^3*mh^2-12*t*s*d^2*mh^2-12*t^2*s*d^2-240*s*mh^4-96*t*s*d*mh^2+160*mh^2-48*s-48*t^2*s+t^2*s*d^3+15*s*d^3*mh^4+240*t*d*mh^2-320*t*mh^2-80*d^2*mh^4-264*s*d*mh^2+60*s*d^2*mh^4-120*d*mh^2+20*t^2*d^2*mh^2+44*t^2*s*d+120*d^2*mh^6+80*t*d^2*mh^4)*mh^(-6)
;
  B 2 3  4 3  3 1 0 -3
   1
    A 1 8  1 0  0 0 0 1
     1/960*(-48+72*d^2*mh^2-36*t^2*d^2+96*t^2*d*mh^2+60*t*d*mh^4-160*d*mh^6+240*t*mh^4-84*t*d^2*mh^2+3*t^2*d^3-44*t^3*d-192*t^2*mh^2-60*d*mh^4+144*t+720*mh^4-6*d^3*mh^2+12*t^3*d^2-t^3*d^3+132*t^2*d+12*t*d^3*mh^2+15*d^3*mh^4+48*t^3-132*t*d+d^3+288*mh^2-144*t^2-20*d^3*mh^6-15*t*d^3*mh^4-6*t^2*d^3*mh^2-12*d^2+168*t*d*mh^2-96*t*mh^2+44*d-3*t*d^3-180*d^2*mh^4+36*t*d^2-264*d*mh^2+12*t^2*d^2*mh^2-120*d^2*mh^6-60*t*d^2*mh^4)*mh^(-6)
;
  B 2 3  4 3  2 2 -3 0
   1
    A 1 8  1 0  0 0 0 1
     -1/240*(360*s*d*mh^4-270*s^2*d*mh^2-48*s^3+240*mh^6-720*s*mh^4+44*s^3*d+360*s^2*mh^2-12*s^3*d^2+45*s^2*d^2*mh^2+s^3*d^3)*mh^(-6)
;
  B 2 3  4 3  2 2 -2 -1
   1
    A 1 8  1 0  0 0 0 1
     -1/480*(240*t*d*mh^4+240*d*mh^6-480*t*mh^4-48*s^2*d*mh^2-48*t*s^2-40*s*d^2*mh^2-240*d*mh^4-320*s*mh^2+480*mh^4+320*t*s*mh^2+48*s^2+40*t*s*d^2*mh^2+t*s^2*d^3+12*s^2*d^2-320*s*mh^4-240*t*s*d*mh^2-s^2*d^3+3*s^2*d^3*mh^2+96*s^2*mh^2-12*t*s^2*d^2+240*s*d*mh^2+44*t*s^2*d+80*s*d^2*mh^4-6*s^2*d^2*mh^2-44*s^2*d)*mh^(-6)
;
  B 2 3  4 3  2 2 -1 -2
   1
    A 1 8  1 0  0 0 0 1
     -1/480*mh^(-6)*(30*d^2*mh^2-20*s*d*mh^4-180*t^2*d*mh^2+120*d*mh^6-320*t*mh^4+44*s*d-60*t*d^2*mh^2+4*t*s*d^3*mh^2+240*t^2*mh^2+28*s*d^2*mh^2+240*d*mh^4-88*t*s*d+32*s*mh^2+96*t*s+s*d^3-160*mh^4+24*t*s*d^2-2*t*s*d^3+128*t*s*mh^2-12*s*d^2-4*s*d^3*mh^2-8*t*s*d^2*mh^2-12*t^2*s*d^2-80*s*mh^4-64*t*s*d*mh^2+240*mh^2-48*s-48*t^2*s+t^2*s*d^3+5*s*d^3*mh^4+360*t*d*mh^2-480*t*mh^2-80*d^2*mh^4-56*s*d*mh^2+20*s*d^2*mh^4-180*d*mh^2+30*t^2*d^2*mh^2+44*t^2*s*d+60*d^2*mh^6+80*t*d^2*mh^4)
;
  B 2 3  4 3  2 2 0 -3
   1
    A 1 8  1 0  0 0 0 1
     1/480*(-96+78*d^2*mh^2-72*t^2*d^2+144*t^2*d*mh^2+60*t*d*mh^4-80*d*mh^6+240*t*mh^4-96*t*d^2*mh^2+6*t^2*d^3-88*t^3*d-288*t^2*mh^2-60*d*mh^4+288*t+240*mh^4-9*d^3*mh^2+24*t^3*d^2-2*t^3*d^3+264*t^2*d+18*t*d^3*mh^2+15*d^3*mh^4+96*t^3-264*t*d+2*d^3+192*mh^2-288*t^2-10*d^3*mh^6-15*t*d^3*mh^4-9*t^2*d^3*mh^2-24*d^2+72*t*d*mh^2+96*t*mh^2+88*d-6*t*d^3-60*d^2*mh^4+72*t*d^2-216*d*mh^2+18*t^2*d^2*mh^2-60*d^2*mh^6-60*t*d^2*mh^4)*mh^(-6)
;
  B 2 3  4 3  1 3 -3 0
   1
    A 1 8  1 0  0 0 0 1
     -1/960*(720*s*d*mh^4-360*s^2*d*mh^2-48*s^3+960*mh^6-1440*s*mh^4+44*s^3*d+480*s^2*mh^2-12*s^3*d^2+60*s^2*d^2*mh^2+s^3*d^3)*mh^(-6)
;
  B 2 3  4 3  1 3 -2 -1
   1
    A 1 8  1 0  0 0 0 1
     -1/960*(720*t*d*mh^4+480*d*mh^6-1440*t*mh^4-32*s^2*d*mh^2-48*t*s^2-60*s*d^2*mh^2-720*d*mh^4-480*s*mh^2+1440*mh^4+480*t*s*mh^2+48*s^2+60*t*s*d^2*mh^2+t*s^2*d^3+12*s^2*d^2-320*s*mh^4-360*t*s*d*mh^2-s^2*d^3+2*s^2*d^3*mh^2+64*s^2*mh^2-12*t*s^2*d^2+360*s*d*mh^2+44*t*s^2*d+80*s*d^2*mh^4-4*s^2*d^2*mh^2-44*s^2*d)*mh^(-6)
;
  B 2 3  4 3  1 3 -1 -2
   1
    A 1 8  1 0  0 0 0 1
     -1/960*(120*d^2*mh^2-20*s*d*mh^4-720*t^2*d*mh^2+240*d*mh^6-960*t*mh^4+88*s*d-240*t*d^2*mh^2+6*t*s*d^3*mh^2+960*t^2*mh^2+32*s*d^2*mh^2+480*d*mh^4-176*t*s*d-32*s*mh^2+192*t*s+2*s*d^3+48*t*s*d^2-4*t*s*d^3+192*t*s*mh^2-24*s*d^2-6*s*d^3*mh^2-12*t*s*d^2*mh^2-24*t^2*s*d^2-80*s*mh^4-96*t*s*d*mh^2+960*mh^2-96*s-96*t^2*s+2*t^2*s*d^3+5*s*d^3*mh^4+1440*t*d*mh^2-1920*t*mh^2-240*d^2*mh^4-24*s*d*mh^2+20*s*d^2*mh^4-720*d*mh^2+120*t^2*d^2*mh^2+88*t^2*s*d+120*d^2*mh^6+240*t*d^2*mh^4)*mh^(-6)
;
  B 2 3  4 3  1 3 0 -3
   1
    A 1 8  1 0  0 0 0 1
     1/960*(-480+252*d^2*mh^2-360*t^2*d^2+576*t^2*d*mh^2+180*t*d*mh^4-160*d*mh^6+720*t*mh^4-324*t*d^2*mh^2+30*t^2*d^3-440*t^3*d-1152*t^2*mh^2-180*d*mh^4+1440*t+240*mh^4-36*d^3*mh^2+120*t^3*d^2-10*t^3*d^3+1320*t^2*d+72*t*d^3*mh^2+45*d^3*mh^4+480*t^3-1320*t*d+10*d^3+288*mh^2-1440*t^2-20*d^3*mh^6-45*t*d^3*mh^4-36*t^2*d^3*mh^2-120*d^2-72*t*d*mh^2+864*t*mh^2+440*d-30*t*d^3-60*d^2*mh^4+360*t*d^2-504*d*mh^2+72*t^2*d^2*mh^2-120*d^2*mh^6-180*t*d^2*mh^4)*mh^(-6)
;
  B 2 3  4 4  2 2 -4 0
   1
    B 2 3  4 4  3 1 -4 0
     2
    B 2 3  4 3  3 1 -3 0
     -2*s
    B 2 3  3 3  2 1 -3 0
     -4
    A 1 8  3 3  0 0 -3 3
     -2
    A 1 8  3 3  -1 0 -2 3
     6
    A 1 8  3 3  -2 0 -1 3
     -6
    A 1 8  3 3  -3 0 0 3
     2
    A 1 8  3 2  0 0 -2 3
     -6*s
    A 1 8  3 2  -1 0 -1 3
     12*s
    A 1 8  3 2  -2 0 0 3
     -6*s
    A 1 8  3 1  0 0 -1 3
     -6*s^2
    A 1 8  3 1  -1 0 0 3
     6*s^2
    A 1 8  3 0  0 0 0 3
     -2*s^3
    A 1 8  2 2  0 0 -2 2
     -3
    A 1 8  2 2  -1 0 -1 2
     6
    A 1 8  2 2  -2 0 0 2
     -3
    A 1 8  2 1  0 0 -1 2
     -6*s
    A 1 8  2 1  -1 0 0 2
     6*s
    A 1 8  2 0  0 0 0 2
     -3*s^2
;
  B 2 3  4 4  2 2 -3 -1
   1
    B 2 3  4 4  3 1 -3 -1
     2
    B 2 3  4 3  3 1 -2 -1
     -2*s
    B 2 3  3 3  2 1 -2 -1
     -3
    B 2 3  3 3  2 1 -3 0
     -1
    B 2 3  3 2  2 1 -2 0
     1-t
    A 1 8  3 3  -1 0 -2 3
     2
    A 1 8  3 3  -2 0 -1 3
     -4
    A 1 8  3 3  -3 0 0 3
     2
    A 1 8  3 2  0 0 -2 3
     -4*mh^2
    A 1 8  3 2  -1 0 -1 3
     8*mh^2+4*s
    A 1 8  3 2  -2 0 0 3
     -4*mh^2-4*s
    A 1 8  3 1  0 0 -1 3
     -8*s*mh^2
    A 1 8  3 1  -1 0 0 3
     8*s*mh^2+2*s^2
    A 1 8  3 0  0 0 0 3
     -4*s^2*mh^2
    A 1 8  2 2  0 0 -2 2
     -3
    A 1 8  2 2  -1 0 -1 2
     8
    A 1 8  2 2  -2 0 0 2
     -5
    A 1 8  2 1  0 0 -1 2
     -4*mh^2-6*s
    A 1 8  2 1  -1 0 0 2
     4*mh^2+8*s
    A 1 8  2 0  0 0 0 2
     -4*s*mh^2-3*s^2
    A 1 8  1 1  0 0 -1 1
     -2
    A 1 8  1 1  -1 0 0 1
     2
    A 1 8  1 0  0 0 0 1
     -2*s
;
  B 2 3  4 4  2 2 -3 -1
   1
    B 2 3  4 4  3 1 -3 -1
     2
    B 2 3  4 3  2 2 -3 0
     1-t-mh^2
    B 2 3  4 3  3 1 -3 0
     -2*mh^2
    B 2 3  3 3  1 2 -3 0
     -1
    B 2 3  3 3  2 1 -2 -1
     -3
    B 2 3  3 3  2 1 -3 0
     -2
    B 2 3  3 2  2 1 -2 0
     3*mh^2-3*s
    B 2 3  2 2  1 1 -2 0
     3
;
  B 2 3  4 4  2 2 -3 -1
   1
    B 2 3  4 4  2 2 -4 0
     (-1+t)*s^(-1)
    B 2 3  4 3  2 2 -3 0
     1-t-mh^2
    B 2 3  3 3  1 2 -3 0
     -1
    B 2 3  3 3  2 1 -2 -1
     -3
    B 2 3  3 3  2 1 -3 0
     -(-1+t-3*s)*s^(-1)
    B 2 3  3 2  2 1 -2 0
     3*mh^2-3*s
    B 2 3  2 2  1 1 -2 0
     3
    A 1 8  2 2  0 0 -2 2
     -3
    A 1 8  2 2  -1 0 -1 2
     6
    A 1 8  2 2  -2 0 0 2
     -3
    A 1 8  2 1  0 0 -1 2
     -6*s
    A 1 8  2 1  -1 0 0 2
     6*s
    A 1 8  2 0  0 0 0 2
     -3*s^2
    A 1 8  1 1  0 0 -1 1
     -6
    A 1 8  1 1  -1 0 0 1
     6
    A 1 8  1 0  0 0 0 1
     -6*s
;
  B 2 3  4 4  2 2 -2 -2
   1
    B 2 3  4 4  3 1 -2 -2
     2
    B 2 3  4 3  3 1 -1 -2
     -2*s
    B 2 3  3 3  2 1 -1 -2
     -2
    B 2 3  3 3  2 1 -2 -1
     -2
    B 2 3  3 2  2 1 -1 -1
     2-2*t
    A 1 8  3 3  -2 0 -1 3
     -2
    A 1 8  3 3  -3 0 0 3
     2
    A 1 8  3 2  -1 0 -1 3
     8*mh^2
    A 1 8  3 2  -2 0 0 3
     -8*mh^2-2*s
    A 1 8  3 1  0 0 -1 3
     -8*mh^4
    A 1 8  3 1  -1 0 0 3
     8*s*mh^2+8*mh^4
    A 1 8  3 0  0 0 0 3
     -8*s*mh^4
    A 1 8  2 2  -1 0 -1 2
     6
    A 1 8  2 2  -2 0 0 2
     -7
    A 1 8  2 1  0 0 -1 2
     -12*mh^2
    A 1 8  2 1  -1 0 0 2
     16*mh^2+6*s
    A 1 8  2 0  0 0 0 2
     -12*s*mh^2-4*mh^4
    A 1 8  1 1  0 0 -1 1
     -4
    A 1 8  1 1  -1 0 0 1
     6
    A 1 8  1 0  0 0 0 1
     -4*mh^2-4*s
;
  B 2 3  4 4  2 2 -2 -2
   1
    B 2 3  4 4  3 1 -2 -2
     2
    B 2 3  4 3  2 2 -2 -1
     1-t-mh^2
    B 2 3  4 3  3 1 -2 -1
     -2*mh^2
    B 2 3  3 3  1 2 -2 -1
     -1
    B 2 3  3 3  2 1 -1 -2
     -2
    B 2 3  3 3  2 1 -2 -1
     -3
    B 2 3  3 2  2 1 -1 -1
     2*mh^2-2*s
    B 2 3  3 2  2 1 -2 0
     -2+mh^2
    B 2 3  2 2  1 1 -1 -1
     2
    B 2 3  2 2  1 1 -2 0
     1
;
  B 2 3  4 4  2 2 -2 -2
   1
    B 2 3  4 4  2 2 -3 -1
     (-1+t)*s^(-1)
    B 2 3  4 3  2 2 -2 -1
     1-t-mh^2
    B 2 3  3 3  1 2 -2 -1
     -1
    B 2 3  3 3  2 1 -1 -2
     -2
    B 2 3  3 3  2 1 -2 -1
     -(-2+2*t-s)*s^(-1)
    B 2 3  3 3  2 1 -3 0
     2*s^(-1)
    B 2 3  3 2  2 1 -1 -1
     2*mh^2-2*s
    B 2 3  3 2  2 1 -2 0
     (s*mh^2-mh^2-2*s+t*mh^2)*s^(-1)
    B 2 3  2 2  1 1 -1 -1
     2
    B 2 3  2 2  1 1 -2 0
     (-1+t+s)*s^(-1)
    A 1 8  2 2  0 0 -2 2
     -2*s^(-1)
    A 1 8  2 2  -1 0 -1 2
     2*(2+s)*s^(-1)
    A 1 8  2 2  -2 0 0 2
     -2*(1+s)*s^(-1)
    A 1 8  2 1  0 0 -1 2
     -4-4*mh^2
    A 1 8  2 1  -1 0 0 2
     4+4*mh^2+2*s
    A 1 8  2 0  0 0 0 2
     -4*s*mh^2-2*s
    A 1 8  1 1  0 0 -1 1
     -4*(1+s)*s^(-1)
    A 1 8  1 1  -1 0 0 1
     2*(2+3*s)*s^(-1)
    A 1 8  1 0  0 0 0 1
     -4-4*mh^2-4*s
;
  B 2 3  4 4  2 2 -1 -3
   1
    B 2 3  4 4  3 1 -1 -3
     2
    B 2 3  4 3  3 1 0 -3
     -2*s
    B 2 3  3 3  2 1 0 -3
     -1
    B 2 3  3 3  2 1 -1 -2
     -3
    B 2 3  3 2  2 1 0 -2
     3-3*t
    A 1 8  3 3  -3 0 0 3
     2
    A 1 8  3 2  -2 0 0 3
     -12*mh^2
    A 1 8  3 1  -1 0 0 3
     24*mh^4
    A 1 8  3 0  0 0 0 3
     -16*mh^6
    A 1 8  2 2  -2 0 0 2
     -9
    A 1 8  2 1  -1 0 0 2
     36*mh^2
    A 1 8  2 0  0 0 0 2
     -36*mh^4
    A 1 8  1 1  -1 0 0 1
     12
    A 1 8  1 0  0 0 0 1
     -24*mh^2
;
  B 2 3  4 4  2 2 -1 -3
   1
    B 2 3  4 4  3 1 -1 -3
     2
    B 2 3  4 3  2 2 -1 -2
     1-t-mh^2
    B 2 3  4 3  3 1 -1 -2
     -2*mh^2
    B 2 3  3 3  1 2 -1 -2
     -1
    B 2 3  3 3  2 1 0 -3
     -1
    B 2 3  3 3  2 1 -1 -2
     -4
    B 2 3  3 2  2 1 0 -2
     mh^2-s
    B 2 3  3 2  2 1 -1 -1
     -4+2*mh^2
    B 2 3  2 2  1 1 0 -2
     1
    B 2 3  2 2  1 1 -1 -1
     2
;
  B 2 3  4 4  2 2 -1 -3
   1
    B 2 3  4 4  2 2 -2 -2
     (-1+t)*s^(-1)
    B 2 3  4 3  2 2 -1 -2
     1-t-mh^2
    B 2 3  3 3  1 2 -1 -2
     -1
    B 2 3  3 3  2 1 0 -3
     -1
    B 2 3  3 3  2 1 -1 -2
     -(-3+3*t+s)*s^(-1)
    B 2 3  3 3  2 1 -2 -1
     4*s^(-1)
    B 2 3  3 2  2 1 0 -2
     mh^2-s
    B 2 3  3 2  2 1 -1 -1
     2*(s*mh^2-mh^2-2*s+t*mh^2)*s^(-1)
    B 2 3  2 2  1 1 0 -2
     1
    B 2 3  2 2  1 1 -1 -1
     2*(-1+t+s)*s^(-1)
    A 1 8  2 2  -1 0 -1 2
     4*s^(-1)
    A 1 8  2 2  -2 0 0 2
     -(4+s)*s^(-1)
    A 1 8  2 1  0 0 -1 2
     -8*s^(-1)*mh^2
    A 1 8  2 1  -1 0 0 2
     4*(s*mh^2+2*mh^2+s)*s^(-1)
    A 1 8  2 0  0 0 0 2
     -4*mh^4-8*mh^2
    A 1 8  1 1  0 0 -1 1
     -8*s^(-1)
    A 1 8  1 1  -1 0 0 1
     4*(3+s)*s^(-1)
    A 1 8  1 0  0 0 0 1
     -8*s^(-1)*(s*mh^2+mh^2+s)
;
  B 2 3  4 4  2 2 0 -4
   1
    B 2 3  4 4  3 1 0 -4
     2
    B 2 3  4 3  2 2 0 -3
     1-t-mh^2
    B 2 3  4 3  3 1 0 -3
     -2*mh^2
    B 2 3  3 3  1 2 0 -3
     -1
    B 2 3  3 3  2 1 0 -3
     -5
    B 2 3  3 2  2 1 0 -2
     -6+3*mh^2
    B 2 3  2 2  1 1 0 -2
     3
;
  B 2 3  4 4  2 2 0 -4
   1
    B 2 3  4 4  2 2 -1 -3
     (-1+t)*s^(-1)
    B 2 3  4 3  2 2 0 -3
     1-t-mh^2
    B 2 3  3 3  1 2 0 -3
     -1
    B 2 3  3 3  2 1 0 -3
     -s^(-1)*(-4+4*t+3*s)
    B 2 3  3 3  2 1 -1 -2
     6*s^(-1)
    B 2 3  3 2  2 1 0 -2
     3*(s*mh^2-mh^2-2*s+t*mh^2)*s^(-1)
    B 2 3  2 2  1 1 0 -2
     3*(-1+t+s)*s^(-1)
    A 1 8  2 2  -2 0 0 2
     -6*s^(-1)
    A 1 8  2 1  -1 0 0 2
     24*s^(-1)*mh^2
    A 1 8  2 0  0 0 0 2
     -24*s^(-1)*mh^4
    A 1 8  1 1  -1 0 0 1
     24*s^(-1)
    A 1 8  1 0  0 0 0 1
     -48*s^(-1)*mh^2
;
  B 2 3  4 4  1 3 -4 0
   1
    B 2 3  4 4  2 2 -4 0
     1/2
    B 2 3  4 3  2 2 -3 0
     -1/2*s
    B 2 3  3 3  1 2 -3 0
     -5/2
    B 2 3  3 3  2 1 -3 0
     -1/2
    B 2 3  2 2  1 1 -2 0
     3/2
;
  B 2 3  4 4  1 3 -3 -1
   1
    B 2 3  4 4  2 2 -3 -1
     1/2
    B 2 3  4 3  2 2 -2 -1
     -1/2*s
    B 2 3  3 3  1 2 -2 -1
     -2
    B 2 3  3 3  1 2 -3 0
     -1/2
    B 2 3  3 3  2 1 -2 -1
     -1/2
    B 2 3  3 2  1 2 -2 0
     1/2-1/2*t
    B 2 3  2 2  1 1 -1 -1
     1
    B 2 3  2 2  1 1 -2 0
     1/2
;
  B 2 3  4 4  1 3 -3 -1
   1
    B 2 3  4 4  2 2 -3 -1
     1/2
    B 2 3  4 3  1 3 -3 0
     1-t-mh^2
    B 2 3  4 3  2 2 -3 0
     -1/2*mh^2
    B 2 3  3 3  1 2 -2 -1
     -3/2
    B 2 3  3 3  1 2 -3 0
     -1/2
    B 2 3  3 2  1 2 -2 0
     3/2*mh^2-3/2*s
    A 1 8  3 3  0 0 -3 3
     -1
    A 1 8  3 3  0 -1 -2 3
     3
    A 1 8  3 3  0 -2 -1 3
     -3
    A 1 8  3 3  0 -3 0 3
     1
    A 1 8  3 2  0 0 -2 3
     3-3*t
    A 1 8  3 2  0 -1 -1 3
     -6+6*t
    A 1 8  3 2  0 -2 0 3
     3-3*t
    A 1 8  3 1  0 0 -1 3
     -3+6*t-3*t^2
    A 1 8  3 1  0 -1 0 3
     3-6*t+3*t^2
    A 1 8  3 0  0 0 0 3
     1-3*t-t^3+3*t^2
    A 1 8  2 2  0 0 -2 2
     -3/2
    A 1 8  2 2  0 -1 -1 2
     3
    A 1 8  2 2  0 -2 0 2
     -3/2
    A 1 8  2 1  0 0 -1 2
     3-3*t
    A 1 8  2 1  0 -1 0 2
     -3+3*t
    A 1 8  2 0  0 0 0 2
     -3/2+3*t-3/2*t^2
;
  B 2 3  4 4  1 3 -3 -1
   1
    B 2 3  4 4  1 3 -4 0
     (-1+t)*s^(-1)
    B 2 3  4 3  1 3 -3 0
     1-t-mh^2
    B 2 3  3 3  1 2 -2 -1
     -3/2
    B 2 3  3 3  1 2 -3 0
     -1/2*(-2+2*t-3*s)*s^(-1)
    B 2 3  3 2  1 2 -2 0
     3/2*mh^2-3/2*s
    B 2 3  2 2  1 1 -2 0
     -3/2
    A 1 8  3 3  0 0 -3 3
     -1
    A 1 8  3 3  0 -1 -2 3
     3
    A 1 8  3 3  0 -2 -1 3
     -3
    A 1 8  3 3  0 -3 0 3
     1
    A 1 8  3 2  0 0 -2 3
     3-3*t
    A 1 8  3 2  0 -1 -1 3
     -6+6*t
    A 1 8  3 2  0 -2 0 3
     3-3*t
    A 1 8  3 1  0 0 -1 3
     -3+6*t-3*t^2
    A 1 8  3 1  0 -1 0 3
     3-6*t+3*t^2
    A 1 8  3 0  0 0 0 3
     1-3*t-t^3+3*t^2
    A 1 8  2 2  0 0 -2 2
     -3/2
    A 1 8  2 2  0 -1 -1 2
     3
    A 1 8  2 2  0 -2 0 2
     -3/2
    A 1 8  2 1  0 0 -1 2
     3-3*t
    A 1 8  2 1  0 -1 0 2
     -3+3*t
    A 1 8  2 0  0 0 0 2
     -3/2+3*t-3/2*t^2
;
  B 2 3  4 4  1 3 -2 -2
   1
    B 2 3  4 4  2 2 -2 -2
     1/2
    B 2 3  4 3  2 2 -1 -2
     -1/2*s
    B 2 3  3 3  1 2 -1 -2
     -3/2
    B 2 3  3 3  1 2 -2 -1
     -1
    B 2 3  3 3  2 1 -1 -2
     -1/2
    B 2 3  3 2  1 2 -1 -1
     1-t
    B 2 3  2 2  1 1 0 -2
     1/2
    B 2 3  2 2  1 1 -1 -1
     1
;
  B 2 3  4 4  1 3 -2 -2
   1
    B 2 3  4 4  2 2 -2 -2
     1/2
    B 2 3  4 3  1 3 -2 -1
     1-t-mh^2
    B 2 3  4 3  2 2 -2 -1
     -1/2*mh^2
    B 2 3  3 3  1 2 -1 -2
     -1
    B 2 3  3 3  1 2 -2 -1
     -1
    B 2 3  3 2  1 2 -1 -1
     mh^2-s
    B 2 3  3 2  1 2 -2 0
     -1+1/2*mh^2
    A 1 8  3 3  0 -1 -2 3
     1
    A 1 8  3 3  0 -2 -1 3
     -2
    A 1 8  3 3  0 -3 0 3
     1
    A 1 8  3 2  0 0 -2 3
     2-2*t-2*mh^2
    A 1 8  3 2  0 -1 -1 3
     -6+6*t+4*mh^2
    A 1 8  3 2  0 -2 0 3
     4-4*t-2*mh^2
    A 1 8  3 1  0 0 -1 3
     -4+8*t+4*mh^2-4*t^2-4*t*mh^2
    A 1 8  3 1  0 -1 0 3
     5-10*t-4*mh^2+5*t^2+4*t*mh^2
    A 1 8  3 0  0 0 0 3
     2-2*t^2*mh^2-6*t-2*t^3-2*mh^2+6*t^2+4*t*mh^2
    A 1 8  2 2  0 0 -2 2
     -3/2
    A 1 8  2 2  0 -1 -1 2
     4
    A 1 8  2 2  0 -2 0 2
     -5/2
    A 1 8  2 1  0 0 -1 2
     5-5*t-2*mh^2
    A 1 8  2 1  0 -1 0 2
     -6+6*t+2*mh^2
    A 1 8  2 0  0 0 0 2
     -7/2+7*t+2*mh^2-7/2*t^2-2*t*mh^2
    A 1 8  1 1  0 0 -1 1
     -1
    A 1 8  1 1  0 -1 0 1
     1
    A 1 8  1 0  0 0 0 1
     1-t
;
  B 2 3  4 4  1 3 -2 -2
   1
    B 2 3  4 4  1 3 -3 -1
     (-1+t)*s^(-1)
    B 2 3  4 3  1 3 -2 -1
     1-t-mh^2
    B 2 3  3 3  1 2 -1 -2
     -1
    B 2 3  3 3  1 2 -2 -1
     -1/2*s^(-1)*(-3+3*t-s)
    B 2 3  3 3  1 2 -3 0
     s^(-1)
    B 2 3  3 2  1 2 -1 -1
     mh^2-s
    B 2 3  3 2  1 2 -2 0
     1/2*(s*mh^2-mh^2-2*s+t*mh^2)*s^(-1)
    B 2 3  2 2  1 1 -1 -1
     -1
    B 2 3  2 2  1 1 -2 0
     -s^(-1)
    A 1 8  3 3  0 -1 -2 3
     1
    A 1 8  3 3  0 -2 -1 3
     -2
    A 1 8  3 3  0 -3 0 3
     1
    A 1 8  3 2  0 0 -2 3
     2-2*t-2*mh^2
    A 1 8  3 2  0 -1 -1 3
     -6+6*t+4*mh^2
    A 1 8  3 2  0 -2 0 3
     4-4*t-2*mh^2
    A 1 8  3 1  0 0 -1 3
     -4+8*t+4*mh^2-4*t^2-4*t*mh^2
    A 1 8  3 1  0 -1 0 3
     5-10*t-4*mh^2+5*t^2+4*t*mh^2
    A 1 8  3 0  0 0 0 3
     2-2*t^2*mh^2-6*t-2*t^3-2*mh^2+6*t^2+4*t*mh^2
    A 1 8  2 2  0 0 -2 2
     1/2*(-1+t-3*s)*s^(-1)
    A 1 8  2 2  0 -1 -1 2
     -(-1+t-4*s)*s^(-1)
    A 1 8  2 2  0 -2 0 2
     1/2*(-1+t-5*s)*s^(-1)
    A 1 8  2 1  0 0 -1 2
     -(-1+2*t+2*s*mh^2+5*t*s-t^2-5*s)*s^(-1)
    A 1 8  2 1  0 -1 0 2
     (-1+2*t+2*s*mh^2+6*t*s-t^2-6*s)*s^(-1)
    A 1 8  2 0  0 0 0 2
     1/2*(-1+3*t+4*s*mh^2+14*t*s-4*t*s*mh^2+t^3-3*t^2-7*s-7*t^2*s)*s^(-1)
    A 1 8  1 1  0 0 -1 1
     (-1+t-s)*s^(-1)
    A 1 8  1 1  0 -1 0 1
     -(-1+t-s)*s^(-1)
    A 1 8  1 0  0 0 0 1
     -s^(-1)*(-1+2*t+t*s-t^2-s)
;
  B 2 3  4 4  1 3 -1 -3
   1
    B 2 3  4 4  2 2 -1 -3
     1/2
    B 2 3  4 3  2 2 0 -3
     -1/2*s
    B 2 3  3 3  1 2 0 -3
     -1
    B 2 3  3 3  1 2 -1 -2
     -3/2
    B 2 3  3 3  2 1 0 -3
     -1/2
    B 2 3  3 2  1 2 0 -2
     3/2-3/2*t
    B 2 3  2 2  1 1 0 -2
     3/2
;
  B 2 3  4 4  1 3 -1 -3
   1
    B 2 3  4 4  2 2 -1 -3
     1/2
    B 2 3  4 3  1 3 -1 -2
     1-t-mh^2
    B 2 3  4 3  2 2 -1 -2
     -1/2*mh^2
    B 2 3  3 3  1 2 0 -3
     -1/2
    B 2 3  3 3  1 2 -1 -2
     -3/2
    B 2 3  3 2  1 2 0 -2
     1/2*mh^2-1/2*s
    B 2 3  3 2  1 2 -1 -1
     -2+mh^2
    A 1 8  3 3  0 -2 -1 3
     -1
    A 1 8  3 3  0 -3 0 3
     1
    A 1 8  3 2  0 -1 -1 3
     -4+4*t+4*mh^2
    A 1 8  3 2  0 -2 0 3
     5-5*t-4*mh^2
    A 1 8  3 1  0 0 -1 3
     -4+8*t-4*mh^4+8*mh^2-4*t^2-8*t*mh^2
    A 1 8  3 1  0 -1 0 3
     8-16*t+4*mh^4-12*mh^2+8*t^2+12*t*mh^2
    A 1 8  3 0  0 0 0 3
     4-4*t*mh^4-8*t^2*mh^2-12*t+4*mh^4-4*t^3-8*mh^2+12*t^2+16*t*mh^2
    A 1 8  2 2  0 -1 -1 2
     3
    A 1 8  2 2  0 -2 0 2
     -7/2
    A 1 8  2 1  0 0 -1 2
     6-6*t-6*mh^2
    A 1 8  2 1  0 -1 0 2
     -11+11*t+8*mh^2
    A 1 8  2 0  0 0 0 2
     -8+16*t-2*mh^4+10*mh^2-8*t^2-10*t*mh^2
    A 1 8  1 1  0 0 -1 1
     -2
    A 1 8  1 1  0 -1 0 1
     3
    A 1 8  1 0  0 0 0 1
     4-4*t-2*mh^2
;
  B 2 3  4 4  1 3 -1 -3
   1
    B 2 3  4 4  1 3 -2 -2
     (-1+t)*s^(-1)
    B 2 3  4 3  1 3 -1 -2
     1-t-mh^2
    B 2 3  3 3  1 2 0 -3
     -1/2
    B 2 3  3 3  1 2 -1 -2
     -1/2*s^(-1)*(-4+4*t+s)
    B 2 3  3 3  1 2 -2 -1
     2*s^(-1)
    B 2 3  3 2  1 2 0 -2
     1/2*mh^2-1/2*s
    B 2 3  3 2  1 2 -1 -1
     (s*mh^2-mh^2-2*s+t*mh^2)*s^(-1)
    B 2 3  2 2  1 1 0 -2
     -1/2
    B 2 3  2 2  1 1 -1 -1
     -2*s^(-1)
    A 1 8  3 3  0 -2 -1 3
     -1
    A 1 8  3 3  0 -3 0 3
     1
    A 1 8  3 2  0 -1 -1 3
     -4+4*t+4*mh^2
    A 1 8  3 2  0 -2 0 3
     5-5*t-4*mh^2
    A 1 8  3 1  0 0 -1 3
     -4+8*t-4*mh^4+8*mh^2-4*t^2-8*t*mh^2
    A 1 8  3 1  0 -1 0 3
     8-16*t+4*mh^4-12*mh^2+8*t^2+12*t*mh^2
    A 1 8  3 0  0 0 0 3
     4-4*t*mh^4-8*t^2*mh^2-12*t+4*mh^4-4*t^3-8*mh^2+12*t^2+16*t*mh^2
    A 1 8  2 2  0 -1 -1 2
     -(-1+t-3*s)*s^(-1)
    A 1 8  2 2  0 -2 0 2
     1/2*(-2+2*t-7*s)*s^(-1)
    A 1 8  2 1  0 0 -1 2
     -2*(-1+2*t+3*s*mh^2+3*t*s+mh^2-t^2-3*s-t*mh^2)*s^(-1)
    A 1 8  2 1  0 -1 0 2
     (-3+6*t+8*s*mh^2+11*t*s+2*mh^2-3*t^2-11*s-2*t*mh^2)*s^(-1)
    A 1 8  2 0  0 0 0 2
     2*(-1+t^2*mh^2+3*t+5*s*mh^2+8*t*s-5*t*s*mh^2+t^3-s*mh^4+mh^2-3*t^2-4*s-4*t^2*s-2*t*mh^2)*s^(-1)
    A 1 8  1 1  0 0 -1 1
     2*(-1+t-s)*s^(-1)
    A 1 8  1 1  0 -1 0 1
     -3*(-1+t-s)*s^(-1)
    A 1 8  1 0  0 0 0 1
     -2*(-2+4*t+s*mh^2+2*t*s+mh^2-2*t^2-2*s-t*mh^2)*s^(-1)
;
  B 2 3  4 4  1 3 0 -4
   1
    B 2 3  4 4  2 2 0 -4
     1/2
    B 2 3  4 3  1 3 0 -3
     1-t-mh^2
    B 2 3  4 3  2 2 0 -3
     -1/2*mh^2
    B 2 3  3 3  1 2 0 -3
     -2
    B 2 3  3 2  1 2 0 -2
     -3+3/2*mh^2
    A 1 8  3 3  0 -3 0 3
     1
    A 1 8  3 2  0 -2 0 3
     6-6*t-6*mh^2
    A 1 8  3 1  0 -1 0 3
     12-24*t+12*mh^4-24*mh^2+12*t^2+24*t*mh^2
    A 1 8  3 0  0 0 0 3
     8-24*t*mh^4-24*t^2*mh^2-24*t+24*mh^4-8*mh^6-8*t^3-24*mh^2+24*t^2+48*t*mh^2
    A 1 8  2 2  0 -2 0 2
     -9/2
    A 1 8  2 1  0 -1 0 2
     -18+18*t+18*mh^2
    A 1 8  2 0  0 0 0 2
     -18+36*t-18*mh^4+36*mh^2-18*t^2-36*t*mh^2
    A 1 8  1 1  0 -1 0 1
     6
    A 1 8  1 0  0 0 0 1
     12-12*t-12*mh^2
;
  B 2 3  4 4  1 3 0 -4
   1
    B 2 3  4 4  1 3 -1 -3
     (-1+t)*s^(-1)
    B 2 3  4 3  1 3 0 -3
     1-t-mh^2
    B 2 3  3 3  1 2 0 -3
     -1/2*s^(-1)*(-5+5*t+3*s)
    B 2 3  3 3  1 2 -1 -2
     3*s^(-1)
    B 2 3  3 2  1 2 0 -2
     3/2*(s*mh^2-mh^2-2*s+t*mh^2)*s^(-1)
    B 2 3  2 2  1 1 0 -2
     -3*s^(-1)
    A 1 8  3 3  0 -3 0 3
     1
    A 1 8  3 2  0 -2 0 3
     6-6*t-6*mh^2
    A 1 8  3 1  0 -1 0 3
     12-24*t+12*mh^4-24*mh^2+12*t^2+24*t*mh^2
    A 1 8  3 0  0 0 0 3
     8-24*t*mh^4-24*t^2*mh^2-24*t+24*mh^4-8*mh^6-8*t^3-24*mh^2+24*t^2+48*t*mh^2
    A 1 8  2 2  0 -2 0 2
     3/2*(-1+t-3*s)*s^(-1)
    A 1 8  2 1  0 -1 0 2
     6*(-1+2*t+3*s*mh^2+3*t*s+mh^2-t^2-3*s-t*mh^2)*s^(-1)
    A 1 8  2 0  0 0 0 2
     6*(-1+t*mh^4+2*t^2*mh^2+3*t+6*s*mh^2+6*t*s-mh^4-6*t*s*mh^2+t^3-3*s*mh^4+2*mh^2-3*t^2-3*s-3*t^2*s-4*t*mh^2)*s^(-1)
    A 1 8  1 1  0 -1 0 1
     -6*(-1+t-s)*s^(-1)
    A 1 8  1 0  0 0 0 1
     -12*s^(-1)*(-1+2*t+s*mh^2+t*s+mh^2-t^2-s-t*mh^2)
;
  B 2 3  5 0  3 2 0 0
   1
    B 2 3  5 0  4 1 0 0
     3
    B 2 3  4 0  2 2 0 0
     1/2*mh^(-2)
    B 2 3  4 0  3 1 0 0
     -1/2*(-7+d)*mh^(-2)
;
  B 2 3  5 0  2 3 0 0
   1
    B 2 3  5 0  3 2 0 0
     1
    B 2 3  4 0  1 3 0 0
     1/2*mh^(-2)
    B 2 3  4 0  2 2 0 0
     -1/4*(-6+d)*mh^(-2)
;
  B 2 3  5 0  1 4 0 0
   1
    B 2 3  5 0  2 3 0 0
     1/3
    B 2 3  4 0  1 3 0 0
     -1/6*(-5+d)*mh^(-2)
    A 1 8  4 0  0 0 0 4
     1/2*mh^(-2)
;
  B 2 3  5 1  3 2 -1 0
   1
    B 2 3  5 1  4 1 -1 0
     3
    B 2 3  4 1  2 2 -1 0
     1/2*mh^(-2)
    B 2 3  4 1  3 1 -1 0
     -1/2*(-6+d)*mh^(-2)
    B 2 3  4 0  3 1 0 0
     -1/2*(2*mh^2-s)*mh^(-2)
    B 2 3  3 0  2 1 0 0
     -1/2*mh^(-2)
;
  B 2 3  5 1  3 2 -1 0
   1
    B 2 3  5 1  4 1 -1 0
     3
    B 2 3  5 0  4 1 0 0
     -3*s
    B 2 3  4 0  3 1 0 0
     -1
    A 1 8  4 0  0 0 0 4
     -3
;
  B 2 3  5 1  3 2 0 -1
   1
    B 2 3  5 1  4 1 0 -1
     3
    B 2 3  4 1  2 2 0 -1
     1/2*mh^(-2)
    B 2 3  4 1  3 1 0 -1
     -1/2*(-6+d)*mh^(-2)
    B 2 3  4 0  3 1 0 0
     -1/2
    B 2 3  3 0  2 1 0 0
     -1/2*mh^(-2)
;
  B 2 3  5 1  3 2 0 -1
   1
    B 2 3  5 1  4 1 0 -1
     3
    B 2 3  5 0  3 2 0 0
     1-t-mh^2
    B 2 3  5 0  4 1 0 0
     -3*mh^2
    B 2 3  4 0  2 2 0 0
     -1
    B 2 3  4 0  3 1 0 0
     -3
;
  B 2 3  5 1  3 2 0 -1
   1
    B 2 3  5 1  3 2 -1 0
     (-1+t)*s^(-1)
    B 2 3  5 0  3 2 0 0
     1-t-mh^2
    B 2 3  4 0  2 2 0 0
     -1
    B 2 3  4 0  3 1 0 0
     -(-1+t)*s^(-1)
;
  B 2 3  5 1  2 3 -1 0
   1
    B 2 3  5 1  3 2 -1 0
     1
    B 2 3  4 1  1 3 -1 0
     1/2*mh^(-2)
    B 2 3  4 1  2 2 -1 0
     -1/4*(-5+d)*mh^(-2)
    B 2 3  4 0  2 2 0 0
     -1/4*(2*mh^2-s)*mh^(-2)
    B 2 3  3 0  1 2 0 0
     -1/4*mh^(-2)
;
  B 2 3  5 1  2 3 -1 0
   1
    B 2 3  5 1  3 2 -1 0
     1
    B 2 3  5 0  3 2 0 0
     -s
    B 2 3  4 0  2 2 0 0
     -1
    B 2 3  4 0  3 1 0 0
     -1
;
  B 2 3  5 1  2 3 0 -1
   1
    B 2 3  5 1  3 2 0 -1
     1
    B 2 3  4 1  1 3 0 -1
     1/2*mh^(-2)
    B 2 3  4 1  2 2 0 -1
     -1/4*(-5+d)*mh^(-2)
    B 2 3  4 0  2 2 0 0
     -1/4
    B 2 3  3 0  1 2 0 0
     -1/4*mh^(-2)
;
  B 2 3  5 1  2 3 0 -1
   1
    B 2 3  5 1  3 2 0 -1
     1
    B 2 3  5 0  2 3 0 0
     1-t-mh^2
    B 2 3  5 0  3 2 0 0
     -mh^2
    B 2 3  4 0  1 3 0 0
     -1
    B 2 3  4 0  2 2 0 0
     -1
;
  B 2 3  5 1  2 3 0 -1
   1
    B 2 3  5 1  2 3 -1 0
     (-1+t)*s^(-1)
    B 2 3  5 0  2 3 0 0
     1-t-mh^2
    B 2 3  4 0  1 3 0 0
     -1
    B 2 3  4 0  2 2 0 0
     -(-1+t)*s^(-1)
;
  B 2 3  5 1  1 4 -1 0
   1
    B 2 3  5 1  2 3 -1 0
     1/3
    B 2 3  4 1  1 3 -1 0
     -1/6*(-4+d)*mh^(-2)
    B 2 3  4 0  1 3 0 0
     -1/6*(2*mh^2-s)*mh^(-2)
    A 1 8  4 1  0 0 -1 4
     1/2*mh^(-2)
    A 1 8  4 1  0 -1 0 4
     -1/2*mh^(-2)
    A 1 8  4 0  0 0 0 4
     1/2*(-1+t)*mh^(-2)
    A 1 8  3 0  0 0 0 3
     1/3*mh^(-2)
;
  B 2 3  5 1  1 4 -1 0
   1
    B 2 3  5 1  2 3 -1 0
     1/3
    B 2 3  5 0  2 3 0 0
     -1/3*s
    B 2 3  4 0  1 3 0 0
     -1
    B 2 3  4 0  2 2 0 0
     -1/3
;
  B 2 3  5 1  1 4 0 -1
   1
    B 2 3  5 1  2 3 0 -1
     1/3
    B 2 3  4 1  1 3 0 -1
     -1/6*(-4+d)*mh^(-2)
    B 2 3  4 0  1 3 0 0
     -1/6
    A 1 8  4 1  0 -1 0 4
     -1/2*mh^(-2)
    A 1 8  4 0  0 0 0 4
     (-1+t+mh^2)*mh^(-2)
    A 1 8  3 0  0 0 0 3
     5/6*mh^(-2)
;
  B 2 3  5 1  1 4 0 -1
   1
    B 2 3  5 1  2 3 0 -1
     1/3
    B 2 3  5 0  1 4 0 0
     1-t-mh^2
    B 2 3  5 0  2 3 0 0
     -1/3*mh^2
    B 2 3  4 0  1 3 0 0
     -1/3
    A 1 8  4 0  0 0 0 4
     -1
;
  B 2 3  5 1  1 4 0 -1
   1
    B 2 3  5 1  1 4 -1 0
     (-1+t)*s^(-1)
    B 2 3  5 0  1 4 0 0
     1-t-mh^2
    B 2 3  4 0  1 3 0 0
     -(-1+t)*s^(-1)
    A 1 8  4 0  0 0 0 4
     -1
;
  B 2 3  5 2  3 2 -2 0
   1
    B 2 3  5 2  4 1 -2 0
     3
    B 2 3  4 2  2 2 -2 0
     1/2*mh^(-2)
    B 2 3  4 2  3 1 -2 0
     -1/2*(-5+d)*mh^(-2)
    B 2 3  4 1  3 1 -1 0
     -(2*mh^2-s)*mh^(-2)
    B 2 3  3 1  2 1 -1 0
     -mh^(-2)
;
  B 2 3  5 2  3 2 -2 0
   1
    B 2 3  5 2  4 1 -2 0
     3
    B 2 3  5 1  4 1 -1 0
     -3*s
    B 2 3  4 1  3 1 -1 0
     -2
    A 1 8  4 1  0 0 -1 4
     -3
    A 1 8  4 1  -1 0 0 4
     3
    A 1 8  4 0  0 0 0 4
     -3*s
    A 1 8  3 0  0 0 0 3
     -2
;
  B 2 3  5 2  3 2 -1 -1
   1
    B 2 3  5 2  4 1 -1 -1
     3
    B 2 3  4 2  2 2 -1 -1
     1/2*mh^(-2)
    B 2 3  4 2  3 1 -1 -1
     -1/2*(-5+d)*mh^(-2)
    B 2 3  4 1  3 1 0 -1
     -1/2*(2*mh^2-s)*mh^(-2)
    B 2 3  4 1  3 1 -1 0
     -1/2
    B 2 3  3 1  2 1 0 -1
     -1/2*mh^(-2)
    B 2 3  3 1  2 1 -1 0
     -1/2*mh^(-2)
;
  B 2 3  5 2  3 2 -1 -1
   1
    B 2 3  5 2  4 1 -1 -1
     3
    B 2 3  5 1  4 1 0 -1
     -3*s
    B 2 3  4 1  3 1 0 -1
     -1
    B 2 3  4 1  3 1 -1 0
     -1
    B 2 3  4 0  3 1 0 0
     1-t
    A 1 8  4 1  -1 0 0 4
     3
    A 1 8  4 0  0 0 0 4
     -6*mh^2
    A 1 8  3 0  0 0 0 3
     -5
;
  B 2 3  5 2  3 2 -1 -1
   1
    B 2 3  5 2  4 1 -1 -1
     3
    B 2 3  5 1  3 2 -1 0
     1-t-mh^2
    B 2 3  5 1  4 1 -1 0
     -3*mh^2
    B 2 3  4 1  2 2 -1 0
     -1
    B 2 3  4 1  3 1 0 -1
     -1
    B 2 3  4 1  3 1 -1 0
     -3
    B 2 3  4 0  3 1 0 0
     mh^2-s
    B 2 3  3 0  2 1 0 0
     1
;
  B 2 3  5 2  3 2 -1 -1
   1
    B 2 3  5 2  3 2 -2 0
     (-1+t)*s^(-1)
    B 2 3  5 1  3 2 -1 0
     1-t-mh^2
    B 2 3  4 1  2 2 -1 0
     -1
    B 2 3  4 1  3 1 0 -1
     -1
    B 2 3  4 1  3 1 -1 0
     -(-1+t-s)*s^(-1)
    B 2 3  4 0  3 1 0 0
     mh^2-s
    B 2 3  3 0  2 1 0 0
     1
    A 1 8  3 0  0 0 0 3
     -1
;
  B 2 3  5 2  3 2 0 -2
   1
    B 2 3  5 2  4 1 0 -2
     3
    B 2 3  4 2  2 2 0 -2
     1/2*mh^(-2)
    B 2 3  4 2  3 1 0 -2
     -1/2*(-5+d)*mh^(-2)
    B 2 3  4 1  3 1 0 -1
     -1
    B 2 3  3 1  2 1 0 -1
     -mh^(-2)
;
  B 2 3  5 2  3 2 0 -2
   1
    B 2 3  5 2  4 1 0 -2
     3
    B 2 3  5 1  3 2 0 -1
     1-t-mh^2
    B 2 3  5 1  4 1 0 -1
     -3*mh^2
    B 2 3  4 1  2 2 0 -1
     -1
    B 2 3  4 1  3 1 0 -1
     -4
    B 2 3  4 0  3 1 0 0
     -2+mh^2
    B 2 3  3 0  2 1 0 0
     1
;
  B 2 3  5 2  3 2 0 -2
   1
    B 2 3  5 2  3 2 -1 -1
     (-1+t)*s^(-1)
    B 2 3  5 1  3 2 0 -1
     1-t-mh^2
    B 2 3  4 1  2 2 0 -1
     -1
    B 2 3  4 1  3 1 0 -1
     -(-2+2*t+s)*s^(-1)
    B 2 3  4 1  3 1 -1 0
     2*s^(-1)
    B 2 3  4 0  3 1 0 0
     (s*mh^2-mh^2-2*s+t*mh^2)*s^(-1)
    B 2 3  3 0  2 1 0 0
     (-1+t+s)*s^(-1)
    A 1 8  3 0  0 0 0 3
     -2*s^(-1)
;
  B 2 3  5 2  2 3 -2 0
   1
    B 2 3  5 2  3 2 -2 0
     1
    B 2 3  4 2  1 3 -2 0
     1/2*mh^(-2)
    B 2 3  4 2  2 2 -2 0
     -1/4*(-4+d)*mh^(-2)
    B 2 3  4 1  2 2 -1 0
     -1/2*(2*mh^2-s)*mh^(-2)
    B 2 3  3 1  1 2 -1 0
     -1/2*mh^(-2)
;
  B 2 3  5 2  2 3 -2 0
   1
    B 2 3  5 2  3 2 -2 0
     1
    B 2 3  5 1  3 2 -1 0
     -s
    B 2 3  4 1  2 2 -1 0
     -3/2
    B 2 3  4 1  3 1 -1 0
     -1
    B 2 3  3 0  2 1 0 0
     1/2
;
  B 2 3  5 2  2 3 -1 -1
   1
    B 2 3  5 2  3 2 -1 -1
     1
    B 2 3  4 2  1 3 -1 -1
     1/2*mh^(-2)
    B 2 3  4 2  2 2 -1 -1
     -1/4*(-4+d)*mh^(-2)
    B 2 3  4 1  2 2 0 -1
     -1/4*(2*mh^2-s)*mh^(-2)
    B 2 3  4 1  2 2 -1 0
     -1/4
    B 2 3  3 1  1 2 0 -1
     -1/4*mh^(-2)
    B 2 3  3 1  1 2 -1 0
     -1/4*mh^(-2)
;
  B 2 3  5 2  2 3 -1 -1
   1
    B 2 3  5 2  3 2 -1 -1
     1
    B 2 3  5 1  3 2 0 -1
     -s
    B 2 3  4 1  2 2 0 -1
     -1
    B 2 3  4 1  2 2 -1 0
     -1/2
    B 2 3  4 1  3 1 0 -1
     -1
    B 2 3  4 0  2 2 0 0
     1/2-1/2*t
    B 2 3  3 0  2 1 0 0
     1/2
;
  B 2 3  5 2  2 3 -1 -1
   1
    B 2 3  5 2  3 2 -1 -1
     1
    B 2 3  5 1  2 3 -1 0
     1-t-mh^2
    B 2 3  5 1  3 2 -1 0
     -mh^2
    B 2 3  4 1  1 3 -1 0
     -1
    B 2 3  4 1  2 2 0 -1
     -1/2
    B 2 3  4 1  2 2 -1 0
     -1
    B 2 3  4 0  2 2 0 0
     1/2*mh^2-1/2*s
    B 2 3  3 0  1 2 0 0
     1/2
;
  B 2 3  5 2  2 3 -1 -1
   1
    B 2 3  5 2  2 3 -2 0
     (-1+t)*s^(-1)
    B 2 3  5 1  2 3 -1 0
     1-t-mh^2
    B 2 3  4 1  1 3 -1 0
     -1
    B 2 3  4 1  2 2 0 -1
     -1/2
    B 2 3  4 1  2 2 -1 0
     -1/2*(-2+2*t-s)*s^(-1)
    B 2 3  4 0  2 2 0 0
     1/2*mh^2-1/2*s
    B 2 3  3 0  1 2 0 0
     1/2
    B 2 3  3 0  2 1 0 0
     -1/2
;
  B 2 3  5 2  2 3 0 -2
   1
    B 2 3  5 2  3 2 0 -2
     1
    B 2 3  4 2  1 3 0 -2
     1/2*mh^(-2)
    B 2 3  4 2  2 2 0 -2
     -1/4*(-4+d)*mh^(-2)
    B 2 3  4 1  2 2 0 -1
     -1/2
    B 2 3  3 1  1 2 0 -1
     -1/2*mh^(-2)
;
  B 2 3  5 2  2 3 0 -2
   1
    B 2 3  5 2  3 2 0 -2
     1
    B 2 3  5 1  2 3 0 -1
     1-t-mh^2
    B 2 3  5 1  3 2 0 -1
     -mh^2
    B 2 3  4 1  1 3 0 -1
     -1
    B 2 3  4 1  2 2 0 -1
     -3/2
    B 2 3  4 0  2 2 0 0
     -1+1/2*mh^2
    B 2 3  3 0  1 2 0 0
     1/2
;
  B 2 3  5 2  2 3 0 -2
   1
    B 2 3  5 2  2 3 -1 -1
     (-1+t)*s^(-1)
    B 2 3  5 1  2 3 0 -1
     1-t-mh^2
    B 2 3  4 1  1 3 0 -1
     -1
    B 2 3  4 1  2 2 0 -1
     -1/2*(-3+3*t+s)*s^(-1)
    B 2 3  4 1  2 2 -1 0
     s^(-1)
    B 2 3  4 0  2 2 0 0
     1/2*(s*mh^2-mh^2-2*s+t*mh^2)*s^(-1)
    B 2 3  3 0  1 2 0 0
     1/2*(-1+t+s)*s^(-1)
    B 2 3  3 0  2 1 0 0
     -s^(-1)
;
  B 2 3  5 2  1 4 -2 0
   1
    B 2 3  5 2  2 3 -2 0
     1/3
    B 2 3  4 2  1 3 -2 0
     -1/6*mh^(-2)*(-3+d)
    B 2 3  4 1  1 3 -1 0
     -1/3*(2*mh^2-s)*mh^(-2)
    A 1 8  4 2  0 0 -2 4
     1/2*mh^(-2)
    A 1 8  4 2  0 -1 -1 4
     -mh^(-2)
    A 1 8  4 2  0 -2 0 4
     1/2*mh^(-2)
    A 1 8  4 1  0 0 -1 4
     (-1+t)*mh^(-2)
    A 1 8  4 1  0 -1 0 4
     -(-1+t)*mh^(-2)
    A 1 8  4 0  0 0 0 4
     -1/2*(-1+2*t-t^2)*mh^(-2)
    A 1 8  3 1  0 0 -1 3
     2/3*mh^(-2)
    A 1 8  3 1  0 -1 0 3
     -2/3*mh^(-2)
    A 1 8  3 0  0 0 0 3
     2/3*(-1+t)*mh^(-2)
    A 1 8  2 0  0 0 0 2
     1/6*mh^(-2)
;
  B 2 3  5 2  1 4 -2 0
   1
    B 2 3  5 2  2 3 -2 0
     1/3
    B 2 3  5 1  2 3 -1 0
     -1/3*s
    B 2 3  4 1  1 3 -1 0
     -4/3
    B 2 3  4 1  2 2 -1 0
     -1/3
    B 2 3  3 0  1 2 0 0
     1/3
;
  B 2 3  5 2  1 4 -1 -1
   1
    B 2 3  5 2  2 3 -1 -1
     1/3
    B 2 3  4 2  1 3 -1 -1
     -1/6*mh^(-2)*(-3+d)
    B 2 3  4 1  1 3 0 -1
     -1/6*(2*mh^2-s)*mh^(-2)
    B 2 3  4 1  1 3 -1 0
     -1/6
    A 1 8  4 2  0 -1 -1 4
     -1/2*mh^(-2)
    A 1 8  4 2  0 -2 0 4
     1/2*mh^(-2)
    A 1 8  4 1  0 0 -1 4
     (-1+t+mh^2)*mh^(-2)
    A 1 8  4 1  0 -1 0 4
     -1/2*(-3+3*t+2*mh^2)*mh^(-2)
    A 1 8  4 0  0 0 0 4
     -mh^(-2)*(-1+2*t+mh^2-t^2-t*mh^2)
    A 1 8  3 1  0 0 -1 3
     5/6*mh^(-2)
    A 1 8  3 1  0 -1 0 3
     -7/6*mh^(-2)
    A 1 8  3 0  0 0 0 3
     1/6*(-9+9*t+4*mh^2)*mh^(-2)
    A 1 8  2 0  0 0 0 2
     1/2*mh^(-2)
;
  B 2 3  5 2  1 4 -1 -1
   1
    B 2 3  5 2  2 3 -1 -1
     1/3
    B 2 3  5 1  2 3 0 -1
     -1/3*s
    B 2 3  4 1  1 3 0 -1
     -1
    B 2 3  4 1  1 3 -1 0
     -1/3
    B 2 3  4 1  2 2 0 -1
     -1/3
    B 2 3  4 0  1 3 0 0
     1/3-1/3*t
    B 2 3  3 0  1 2 0 0
     1/3
;
  B 2 3  5 2  1 4 -1 -1
   1
    B 2 3  5 2  2 3 -1 -1
     1/3
    B 2 3  5 1  1 4 -1 0
     1-t-mh^2
    B 2 3  5 1  2 3 -1 0
     -1/3*mh^2
    B 2 3  4 1  1 3 0 -1
     -1/3
    B 2 3  4 1  1 3 -1 0
     -1/3
    B 2 3  4 0  1 3 0 0
     1/3*mh^2-1/3*s
    A 1 8  4 1  0 0 -1 4
     -1
    A 1 8  4 1  0 -1 0 4
     1
    A 1 8  4 0  0 0 0 4
     1-t
    A 1 8  3 0  0 0 0 3
     -2/3
;
  B 2 3  5 2  1 4 -1 -1
   1
    B 2 3  5 2  1 4 -2 0
     (-1+t)*s^(-1)
    B 2 3  5 1  1 4 -1 0
     1-t-mh^2
    B 2 3  4 1  1 3 0 -1
     -1/3
    B 2 3  4 1  1 3 -1 0
     -1/3*s^(-1)*(-3+3*t-s)
    B 2 3  4 0  1 3 0 0
     1/3*mh^2-1/3*s
    B 2 3  3 0  1 2 0 0
     -1/3
    A 1 8  4 1  0 0 -1 4
     -1
    A 1 8  4 1  0 -1 0 4
     1
    A 1 8  4 0  0 0 0 4
     1-t
    A 1 8  3 0  0 0 0 3
     -2/3
;
  B 2 3  5 2  1 4 0 -2
   1
    B 2 3  5 2  2 3 0 -2
     1/3
    B 2 3  4 2  1 3 0 -2
     -1/6*mh^(-2)*(-3+d)
    B 2 3  4 1  1 3 0 -1
     -1/3
    A 1 8  4 2  0 -2 0 4
     1/2*mh^(-2)
    A 1 8  4 1  0 -1 0 4
     -2*(-1+t+mh^2)*mh^(-2)
    A 1 8  4 0  0 0 0 4
     -2*(-1+2*t-mh^4+2*mh^2-t^2-2*t*mh^2)*mh^(-2)
    A 1 8  3 1  0 -1 0 3
     -5/3*mh^(-2)
    A 1 8  3 0  0 0 0 3
     10/3*(-1+t+mh^2)*mh^(-2)
    A 1 8  2 0  0 0 0 2
     4/3*mh^(-2)
;
  B 2 3  5 2  1 4 0 -2
   1
    B 2 3  5 2  2 3 0 -2
     1/3
    B 2 3  5 1  1 4 0 -1
     1-t-mh^2
    B 2 3  5 1  2 3 0 -1
     -1/3*mh^2
    B 2 3  4 1  1 3 0 -1
     -2/3
    B 2 3  4 0  1 3 0 0
     -2/3+1/3*mh^2
    A 1 8  4 1  0 -1 0 4
     1
    A 1 8  4 0  0 0 0 4
     2-2*t-2*mh^2
    A 1 8  3 0  0 0 0 3
     -5/3
;
  B 2 3  5 2  1 4 0 -2
   1
    B 2 3  5 2  1 4 -1 -1
     (-1+t)*s^(-1)
    B 2 3  5 1  1 4 0 -1
     1-t-mh^2
    B 2 3  4 1  1 3 0 -1
     -1/3*s^(-1)*(-4+4*t+s)
    B 2 3  4 1  1 3 -1 0
     2/3*s^(-1)
    B 2 3  4 0  1 3 0 0
     1/3*(s*mh^2-mh^2-2*s+t*mh^2)*s^(-1)
    B 2 3  3 0  1 2 0 0
     -2/3*s^(-1)
    A 1 8  4 1  0 -1 0 4
     1
    A 1 8  4 0  0 0 0 4
     2-2*t-2*mh^2
    A 1 8  3 0  0 0 0 3
     1/3*(-1+t-5*s)*s^(-1)
;
  B 2 3  5 3  3 2 -3 0
   1
    B 2 3  5 3  4 1 -3 0
     3
    B 2 3  4 3  2 2 -3 0
     1/2*mh^(-2)
    B 2 3  4 3  3 1 -3 0
     -1/2*(-4+d)*mh^(-2)
    B 2 3  4 2  3 1 -2 0
     -3/2*(2*mh^2-s)*mh^(-2)
    B 2 3  3 2  2 1 -2 0
     -3/2*mh^(-2)
;
  B 2 3  5 3  3 2 -3 0
   1
    B 2 3  5 3  4 1 -3 0
     3
    B 2 3  5 2  4 1 -2 0
     -3*s
    B 2 3  4 2  3 1 -2 0
     -3
    A 1 8  4 2  0 0 -2 4
     -3
    A 1 8  4 2  -1 0 -1 4
     6
    A 1 8  4 2  -2 0 0 4
     -3
    A 1 8  4 1  0 0 -1 4
     -6*s
    A 1 8  4 1  -1 0 0 4
     6*s
    A 1 8  4 0  0 0 0 4
     -3*s^2
    A 1 8  3 1  0 0 -1 3
     -4
    A 1 8  3 1  -1 0 0 3
     4
    A 1 8  3 0  0 0 0 3
     -4*s
    A 1 8  2 0  0 0 0 2
     -1
;
  B 2 3  5 3  3 2 -2 -1
   1
    B 2 3  5 3  4 1 -2 -1
     3
    B 2 3  4 3  2 2 -2 -1
     1/2*mh^(-2)
    B 2 3  4 3  3 1 -2 -1
     -1/2*(-4+d)*mh^(-2)
    B 2 3  4 2  3 1 -1 -1
     -(2*mh^2-s)*mh^(-2)
    B 2 3  4 2  3 1 -2 0
     -1/2
    B 2 3  3 2  2 1 -1 -1
     -mh^(-2)
    B 2 3  3 2  2 1 -2 0
     -1/2*mh^(-2)
;
  B 2 3  5 3  3 2 -2 -1
   1
    B 2 3  5 3  4 1 -2 -1
     3
    B 2 3  5 2  4 1 -1 -1
     -3*s
    B 2 3  4 2  3 1 -1 -1
     -2
    B 2 3  4 2  3 1 -2 0
     -1
    B 2 3  4 1  3 1 -1 0
     1-t
    A 1 8  4 2  -1 0 -1 4
     3
    A 1 8  4 2  -2 0 0 4
     -3
    A 1 8  4 1  0 0 -1 4
     -6*mh^2
    A 1 8  4 1  -1 0 0 4
     6*mh^2+3*s
    A 1 8  4 0  0 0 0 4
     -6*s*mh^2
    A 1 8  3 1  0 0 -1 3
     -5
    A 1 8  3 1  -1 0 0 3
     7
    A 1 8  3 0  0 0 0 3
     -4*mh^2-5*s
    A 1 8  2 0  0 0 0 2
     -3
;
  B 2 3  5 3  3 2 -2 -1
   1
    B 2 3  5 3  4 1 -2 -1
     3
    B 2 3  5 2  3 2 -2 0
     1-t-mh^2
    B 2 3  5 2  4 1 -2 0
     -3*mh^2
    B 2 3  4 2  2 2 -2 0
     -1
    B 2 3  4 2  3 1 -1 -1
     -2
    B 2 3  4 2  3 1 -2 0
     -3
    B 2 3  4 1  3 1 -1 0
     2*mh^2-2*s
    B 2 3  3 1  2 1 -1 0
     2
;
  B 2 3  5 3  3 2 -2 -1
   1
    B 2 3  5 3  3 2 -3 0
     (-1+t)*s^(-1)
    B 2 3  5 2  3 2 -2 0
     1-t-mh^2
    B 2 3  4 2  2 2 -2 0
     -1
    B 2 3  4 2  3 1 -1 -1
     -2
    B 2 3  4 2  3 1 -2 0
     -(-1+t-2*s)*s^(-1)
    B 2 3  4 1  3 1 -1 0
     2*mh^2-2*s
    B 2 3  3 1  2 1 -1 0
     2
    A 1 8  3 1  0 0 -1 3
     -2
    A 1 8  3 1  -1 0 0 3
     2
    A 1 8  3 0  0 0 0 3
     -2*s
    A 1 8  2 0  0 0 0 2
     -2
;
  B 2 3  5 3  3 2 -1 -2
   1
    B 2 3  5 3  4 1 -1 -2
     3
    B 2 3  4 3  2 2 -1 -2
     1/2*mh^(-2)
    B 2 3  4 3  3 1 -1 -2
     -1/2*(-4+d)*mh^(-2)
    B 2 3  4 2  3 1 0 -2
     -1/2*(2*mh^2-s)*mh^(-2)
    B 2 3  4 2  3 1 -1 -1
     -1
    B 2 3  3 2  2 1 0 -2
     -1/2*mh^(-2)
    B 2 3  3 2  2 1 -1 -1
     -mh^(-2)
;
  B 2 3  5 3  3 2 -1 -2
   1
    B 2 3  5 3  4 1 -1 -2
     3
    B 2 3  5 2  4 1 0 -2
     -3*s
    B 2 3  4 2  3 1 0 -2
     -1
    B 2 3  4 2  3 1 -1 -1
     -2
    B 2 3  4 1  3 1 0 -1
     2-2*t
    A 1 8  4 2  -2 0 0 4
     -3
    A 1 8  4 1  -1 0 0 4
     12*mh^2
    A 1 8  4 0  0 0 0 4
     -12*mh^4
    A 1 8  3 1  -1 0 0 3
     10
    A 1 8  3 0  0 0 0 3
     -20*mh^2
    A 1 8  2 0  0 0 0 2
     -8
;
  B 2 3  5 3  3 2 -1 -2
   1
    B 2 3  5 3  4 1 -1 -2
     3
    B 2 3  5 2  3 2 -1 -1
     1-t-mh^2
    B 2 3  5 2  4 1 -1 -1
     -3*mh^2
    B 2 3  4 2  2 2 -1 -1
     -1
    B 2 3  4 2  3 1 0 -2
     -1
    B 2 3  4 2  3 1 -1 -1
     -4
    B 2 3  4 1  3 1 0 -1
     mh^2-s
    B 2 3  4 1  3 1 -1 0
     -2+mh^2
    B 2 3  3 1  2 1 0 -1
     1
    B 2 3  3 1  2 1 -1 0
     1
;
  B 2 3  5 3  3 2 -1 -2
   1
    B 2 3  5 3  3 2 -2 -1
     (-1+t)*s^(-1)
    B 2 3  5 2  3 2 -1 -1
     1-t-mh^2
    B 2 3  4 2  2 2 -1 -1
     -1
    B 2 3  4 2  3 1 0 -2
     -1
    B 2 3  4 2  3 1 -1 -1
     -2*(-1+t)*s^(-1)
    B 2 3  4 2  3 1 -2 0
     2*s^(-1)
    B 2 3  4 1  3 1 0 -1
     mh^2-s
    B 2 3  4 1  3 1 -1 0
     (s*mh^2-mh^2-2*s+t*mh^2)*s^(-1)
    B 2 3  3 1  2 1 0 -1
     1
    B 2 3  3 1  2 1 -1 0
     (-1+t+s)*s^(-1)
    A 1 8  3 1  0 0 -1 3
     -2*s^(-1)
    A 1 8  3 1  -1 0 0 3
     (2+s)*s^(-1)
    A 1 8  3 0  0 0 0 3
     -2-2*mh^2
    A 1 8  2 0  0 0 0 2
     -2*(1+s)*s^(-1)
;
  B 2 3  5 3  3 2 0 -3
   1
    B 2 3  5 3  4 1 0 -3
     3
    B 2 3  4 3  2 2 0 -3
     1/2*mh^(-2)
    B 2 3  4 3  3 1 0 -3
     -1/2*(-4+d)*mh^(-2)
    B 2 3  4 2  3 1 0 -2
     -3/2
    B 2 3  3 2  2 1 0 -2
     -3/2*mh^(-2)
;
  B 2 3  5 3  3 2 0 -3
   1
    B 2 3  5 3  4 1 0 -3
     3
    B 2 3  5 2  3 2 0 -2
     1-t-mh^2
    B 2 3  5 2  4 1 0 -2
     -3*mh^2
    B 2 3  4 2  2 2 0 -2
     -1
    B 2 3  4 2  3 1 0 -2
     -5
    B 2 3  4 1  3 1 0 -1
     -4+2*mh^2
    B 2 3  3 1  2 1 0 -1
     2
;
  B 2 3  5 3  3 2 0 -3
   1
    B 2 3  5 3  3 2 -1 -2
     (-1+t)*s^(-1)
    B 2 3  5 2  3 2 0 -2
     1-t-mh^2
    B 2 3  4 2  2 2 0 -2
     -1
    B 2 3  4 2  3 1 0 -2
     -(-3+3*t+2*s)*s^(-1)
    B 2 3  4 2  3 1 -1 -1
     4*s^(-1)
    B 2 3  4 1  3 1 0 -1
     2*(s*mh^2-mh^2-2*s+t*mh^2)*s^(-1)
    B 2 3  3 1  2 1 0 -1
     2*(-1+t+s)*s^(-1)
    A 1 8  3 1  -1 0 0 3
     4*s^(-1)
    A 1 8  3 0  0 0 0 3
     -8*s^(-1)*mh^2
    A 1 8  2 0  0 0 0 2
     -8*s^(-1)
;
  B 2 3  5 3  2 3 -3 0
   1
    B 2 3  5 3  3 2 -3 0
     1
    B 2 3  4 3  1 3 -3 0
     1/2*mh^(-2)
    B 2 3  4 3  2 2 -3 0
     -1/4*mh^(-2)*(-3+d)
    B 2 3  4 2  2 2 -2 0
     -3/4*(2*mh^2-s)*mh^(-2)
    B 2 3  3 2  1 2 -2 0
     -3/4*mh^(-2)
;
  B 2 3  5 3  2 3 -3 0
   1
    B 2 3  5 3  3 2 -3 0
     1
    B 2 3  5 2  3 2 -2 0
     -s
    B 2 3  4 2  2 2 -2 0
     -2
    B 2 3  4 2  3 1 -2 0
     -1
    B 2 3  3 1  2 1 -1 0
     1
;
  B 2 3  5 3  2 3 -2 -1
   1
    B 2 3  5 3  3 2 -2 -1
     1
    B 2 3  4 3  1 3 -2 -1
     1/2*mh^(-2)
    B 2 3  4 3  2 2 -2 -1
     -1/4*mh^(-2)*(-3+d)
    B 2 3  4 2  2 2 -1 -1
     -1/2*(2*mh^2-s)*mh^(-2)
    B 2 3  4 2  2 2 -2 0
     -1/4
    B 2 3  3 2  1 2 -1 -1
     -1/2*mh^(-2)
    B 2 3  3 2  1 2 -2 0
     -1/4*mh^(-2)
;
  B 2 3  5 3  2 3 -2 -1
   1
    B 2 3  5 3  3 2 -2 -1
     1
    B 2 3  5 2  3 2 -1 -1
     -s
    B 2 3  4 2  2 2 -1 -1
     -3/2
    B 2 3  4 2  2 2 -2 0
     -1/2
    B 2 3  4 2  3 1 -1 -1
     -1
    B 2 3  4 1  2 2 -1 0
     1/2-1/2*t
    B 2 3  3 1  2 1 0 -1
     1/2
    B 2 3  3 1  2 1 -1 0
     1/2
;
  B 2 3  5 3  2 3 -2 -1
   1
    B 2 3  5 3  3 2 -2 -1
     1
    B 2 3  5 2  2 3 -2 0
     1-t-mh^2
    B 2 3  5 2  3 2 -2 0
     -mh^2
    B 2 3  4 2  1 3 -2 0
     -1
    B 2 3  4 2  2 2 -1 -1
     -1
    B 2 3  4 2  2 2 -2 0
     -1
    B 2 3  4 1  2 2 -1 0
     mh^2-s
    B 2 3  3 1  1 2 -1 0
     1
;
  B 2 3  5 3  2 3 -2 -1
   1
    B 2 3  5 3  2 3 -3 0
     (-1+t)*s^(-1)
    B 2 3  5 2  2 3 -2 0
     1-t-mh^2
    B 2 3  4 2  1 3 -2 0
     -1
    B 2 3  4 2  2 2 -1 -1
     -1
    B 2 3  4 2  2 2 -2 0
     -(-1+t-s)*s^(-1)
    B 2 3  4 1  2 2 -1 0
     mh^2-s
    B 2 3  3 1  1 2 -1 0
     1
    B 2 3  3 1  2 1 -1 0
     -1
;
  B 2 3  5 3  2 3 -1 -2
   1
    B 2 3  5 3  3 2 -1 -2
     1
    B 2 3  4 3  1 3 -1 -2
     1/2*mh^(-2)
    B 2 3  4 3  2 2 -1 -2
     -1/4*mh^(-2)*(-3+d)
    B 2 3  4 2  2 2 0 -2
     -1/4*(2*mh^2-s)*mh^(-2)
    B 2 3  4 2  2 2 -1 -1
     -1/2
    B 2 3  3 2  1 2 0 -2
     -1/4*mh^(-2)
    B 2 3  3 2  1 2 -1 -1
     -1/2*mh^(-2)
;
  B 2 3  5 3  2 3 -1 -2
   1
    B 2 3  5 3  3 2 -1 -2
     1
    B 2 3  5 2  3 2 0 -2
     -s
    B 2 3  4 2  2 2 0 -2
     -1
    B 2 3  4 2  2 2 -1 -1
     -1
    B 2 3  4 2  3 1 0 -2
     -1
    B 2 3  4 1  2 2 0 -1
     1-t
    B 2 3  3 1  2 1 0 -1
     1
;
  B 2 3  5 3  2 3 -1 -2
   1
    B 2 3  5 3  3 2 -1 -2
     1
    B 2 3  5 2  2 3 -1 -1
     1-t-mh^2
    B 2 3  5 2  3 2 -1 -1
     -mh^2
    B 2 3  4 2  1 3 -1 -1
     -1
    B 2 3  4 2  2 2 0 -2
     -1/2
    B 2 3  4 2  2 2 -1 -1
     -3/2
    B 2 3  4 1  2 2 0 -1
     1/2*mh^2-1/2*s
    B 2 3  4 1  2 2 -1 0
     -1+1/2*mh^2
    B 2 3  3 1  1 2 0 -1
     1/2
    B 2 3  3 1  1 2 -1 0
     1/2
;
  B 2 3  5 3  2 3 -1 -2
   1
    B 2 3  5 3  2 3 -2 -1
     (-1+t)*s^(-1)
    B 2 3  5 2  2 3 -1 -1
     1-t-mh^2
    B 2 3  4 2  1 3 -1 -1
     -1
    B 2 3  4 2  2 2 0 -2
     -1/2
    B 2 3  4 2  2 2 -1 -1
     -3/2*(-1+t)*s^(-1)
    B 2 3  4 2  2 2 -2 0
     s^(-1)
    B 2 3  4 1  2 2 0 -1
     1/2*mh^2-1/2*s
    B 2 3  4 1  2 2 -1 0
     1/2*(s*mh^2-mh^2-2*s+t*mh^2)*s^(-1)
    B 2 3  3 1  1 2 0 -1
     1/2
    B 2 3  3 1  1 2 -1 0
     1/2*(-1+t+s)*s^(-1)
    B 2 3  3 1  2 1 0 -1
     -1/2
    B 2 3  3 1  2 1 -1 0
     -s^(-1)
;
  B 2 3  5 3  2 3 0 -3
   1
    B 2 3  5 3  3 2 0 -3
     1
    B 2 3  4 3  1 3 0 -3
     1/2*mh^(-2)
    B 2 3  4 3  2 2 0 -3
     -1/4*mh^(-2)*(-3+d)
    B 2 3  4 2  2 2 0 -2
     -3/4
    B 2 3  3 2  1 2 0 -2
     -3/4*mh^(-2)
;
  B 2 3  5 3  2 3 0 -3
   1
    B 2 3  5 3  3 2 0 -3
     1
    B 2 3  5 2  2 3 0 -2
     1-t-mh^2
    B 2 3  5 2  3 2 0 -2
     -mh^2
    B 2 3  4 2  1 3 0 -2
     -1
    B 2 3  4 2  2 2 0 -2
     -2
    B 2 3  4 1  2 2 0 -1
     -2+mh^2
    B 2 3  3 1  1 2 0 -1
     1
;
  B 2 3  5 3  2 3 0 -3
   1
    B 2 3  5 3  2 3 -1 -2
     (-1+t)*s^(-1)
    B 2 3  5 2  2 3 0 -2
     1-t-mh^2
    B 2 3  4 2  1 3 0 -2
     -1
    B 2 3  4 2  2 2 0 -2
     -(-2+2*t+s)*s^(-1)
    B 2 3  4 2  2 2 -1 -1
     2*s^(-1)
    B 2 3  4 1  2 2 0 -1
     (s*mh^2-mh^2-2*s+t*mh^2)*s^(-1)
    B 2 3  3 1  1 2 0 -1
     (-1+t+s)*s^(-1)
    B 2 3  3 1  2 1 0 -1
     -2*s^(-1)
;
  B 2 3  5 3  1 4 -3 0
   1
    B 2 3  5 3  2 3 -3 0
     1/3
    B 2 3  4 3  1 3 -3 0
     -1/6*(-2+d)*mh^(-2)
    B 2 3  4 2  1 3 -2 0
     -1/2*(2*mh^2-s)*mh^(-2)
    A 1 8  4 3  0 0 -3 4
     1/2*mh^(-2)
    A 1 8  4 3  0 -1 -2 4
     -3/2*mh^(-2)
    A 1 8  4 3  0 -2 -1 4
     3/2*mh^(-2)
    A 1 8  4 3  0 -3 0 4
     -1/2*mh^(-2)
    A 1 8  4 2  0 0 -2 4
     3/2*(-1+t)*mh^(-2)
    A 1 8  4 2  0 -1 -1 4
     -3*(-1+t)*mh^(-2)
    A 1 8  4 2  0 -2 0 4
     3/2*(-1+t)*mh^(-2)
    A 1 8  4 1  0 0 -1 4
     -3/2*(-1+2*t-t^2)*mh^(-2)
    A 1 8  4 1  0 -1 0 4
     3/2*(-1+2*t-t^2)*mh^(-2)
    A 1 8  4 0  0 0 0 4
     1/2*(-1+3*t+t^3-3*t^2)*mh^(-2)
    A 1 8  3 2  0 0 -2 3
     mh^(-2)
    A 1 8  3 2  0 -1 -1 3
     -2*mh^(-2)
    A 1 8  3 2  0 -2 0 3
     mh^(-2)
    A 1 8  3 1  0 0 -1 3
     2*(-1+t)*mh^(-2)
    A 1 8  3 1  0 -1 0 3
     -2*(-1+t)*mh^(-2)
    A 1 8  3 0  0 0 0 3
     -(-1+2*t-t^2)*mh^(-2)
    A 1 8  2 1  0 0 -1 2
     1/2*mh^(-2)
    A 1 8  2 1  0 -1 0 2
     -1/2*mh^(-2)
    A 1 8  2 0  0 0 0 2
     1/2*(-1+t)*mh^(-2)
;
  B 2 3  5 3  1 4 -3 0
   1
    B 2 3  5 3  2 3 -3 0
     1/3
    B 2 3  5 2  2 3 -2 0
     -1/3*s
    B 2 3  4 2  1 3 -2 0
     -5/3
    B 2 3  4 2  2 2 -2 0
     -1/3
    B 2 3  3 1  1 2 -1 0
     2/3
;
  B 2 3  5 3  1 4 -2 -1
   1
    B 2 3  5 3  2 3 -2 -1
     1/3
    B 2 3  4 3  1 3 -2 -1
     -1/6*(-2+d)*mh^(-2)
    B 2 3  4 2  1 3 -1 -1
     -1/3*(2*mh^2-s)*mh^(-2)
    B 2 3  4 2  1 3 -2 0
     -1/6
    A 1 8  4 3  0 -1 -2 4
     -1/2*mh^(-2)
    A 1 8  4 3  0 -2 -1 4
     mh^(-2)
    A 1 8  4 3  0 -3 0 4
     -1/2*mh^(-2)
    A 1 8  4 2  0 0 -2 4
     (-1+t+mh^2)*mh^(-2)
    A 1 8  4 2  0 -1 -1 4
     -(-3+3*t+2*mh^2)*mh^(-2)
    A 1 8  4 2  0 -2 0 4
     (-2+2*t+mh^2)*mh^(-2)
    A 1 8  4 1  0 0 -1 4
     -2*mh^(-2)*(-1+2*t+mh^2-t^2-t*mh^2)
    A 1 8  4 1  0 -1 0 4
     1/2*(-5+10*t+4*mh^2-5*t^2-4*t*mh^2)*mh^(-2)
    A 1 8  4 0  0 0 0 4
     (-1+t^2*mh^2+3*t+t^3+mh^2-3*t^2-2*t*mh^2)*mh^(-2)
    A 1 8  3 2  0 0 -2 3
     5/6*mh^(-2)
    A 1 8  3 2  0 -1 -1 3
     -7/3*mh^(-2)
    A 1 8  3 2  0 -2 0 3
     3/2*mh^(-2)
    A 1 8  3 1  0 0 -1 3
     1/3*(-9+9*t+4*mh^2)*mh^(-2)
    A 1 8  3 1  0 -1 0 3
     -1/3*(-11+11*t+4*mh^2)*mh^(-2)
    A 1 8  3 0  0 0 0 3
     -1/6*(-13+26*t+8*mh^2-13*t^2-8*t*mh^2)*mh^(-2)
    A 1 8  2 1  0 0 -1 2
     mh^(-2)
    A 1 8  2 1  0 -1 0 2
     -7/6*mh^(-2)
    A 1 8  2 0  0 0 0 2
     1/3*(-4+4*t+mh^2)*mh^(-2)
    A 1 8  1 0  0 0 0 1
     1/6*mh^(-2)
;
  B 2 3  5 3  1 4 -2 -1
   1
    B 2 3  5 3  2 3 -2 -1
     1/3
    B 2 3  5 2  2 3 -1 -1
     -1/3*s
    B 2 3  4 2  1 3 -1 -1
     -4/3
    B 2 3  4 2  1 3 -2 0
     -1/3
    B 2 3  4 2  2 2 -1 -1
     -1/3
    B 2 3  4 1  1 3 -1 0
     1/3-1/3*t
    B 2 3  3 1  1 2 0 -1
     1/3
    B 2 3  3 1  1 2 -1 0
     1/3
;
  B 2 3  5 3  1 4 -2 -1
   1
    B 2 3  5 3  2 3 -2 -1
     1/3
    B 2 3  5 2  1 4 -2 0
     1-t-mh^2
    B 2 3  5 2  2 3 -2 0
     -1/3*mh^2
    B 2 3  4 2  1 3 -1 -1
     -2/3
    B 2 3  4 2  1 3 -2 0
     -1/3
    B 2 3  4 1  1 3 -1 0
     2/3*mh^2-2/3*s
    A 1 8  4 2  0 0 -2 4
     -1
    A 1 8  4 2  0 -1 -1 4
     2
    A 1 8  4 2  0 -2 0 4
     -1
    A 1 8  4 1  0 0 -1 4
     2-2*t
    A 1 8  4 1  0 -1 0 4
     -2+2*t
    A 1 8  4 0  0 0 0 4
     -1+2*t-t^2
    A 1 8  3 1  0 0 -1 3
     -4/3
    A 1 8  3 1  0 -1 0 3
     4/3
    A 1 8  3 0  0 0 0 3
     4/3-4/3*t
    A 1 8  2 0  0 0 0 2
     -1/3
;
  B 2 3  5 3  1 4 -2 -1
   1
    B 2 3  5 3  1 4 -3 0
     (-1+t)*s^(-1)
    B 2 3  5 2  1 4 -2 0
     1-t-mh^2
    B 2 3  4 2  1 3 -1 -1
     -2/3
    B 2 3  4 2  1 3 -2 0
     -1/3*(-3+3*t-2*s)*s^(-1)
    B 2 3  4 1  1 3 -1 0
     2/3*mh^2-2/3*s
    B 2 3  3 1  1 2 -1 0
     -2/3
    A 1 8  4 2  0 0 -2 4
     -1
    A 1 8  4 2  0 -1 -1 4
     2
    A 1 8  4 2  0 -2 0 4
     -1
    A 1 8  4 1  0 0 -1 4
     2-2*t
    A 1 8  4 1  0 -1 0 4
     -2+2*t
    A 1 8  4 0  0 0 0 4
     -1+2*t-t^2
    A 1 8  3 1  0 0 -1 3
     -4/3
    A 1 8  3 1  0 -1 0 3
     4/3
    A 1 8  3 0  0 0 0 3
     4/3-4/3*t
    A 1 8  2 0  0 0 0 2
     -1/3
;
  B 2 3  5 3  1 4 -1 -2
   1
    B 2 3  5 3  2 3 -1 -2
     1/3
    B 2 3  4 3  1 3 -1 -2
     -1/6*(-2+d)*mh^(-2)
    B 2 3  4 2  1 3 0 -2
     -1/6*(2*mh^2-s)*mh^(-2)
    B 2 3  4 2  1 3 -1 -1
     -1/3
    A 1 8  4 3  0 -2 -1 4
     1/2*mh^(-2)
    A 1 8  4 3  0 -3 0 4
     -1/2*mh^(-2)
    A 1 8  4 2  0 -1 -1 4
     -2*(-1+t+mh^2)*mh^(-2)
    A 1 8  4 2  0 -2 0 4
     1/2*(-5+5*t+4*mh^2)*mh^(-2)
    A 1 8  4 1  0 0 -1 4
     -2*(-1+2*t-mh^4+2*mh^2-t^2-2*t*mh^2)*mh^(-2)
    A 1 8  4 1  0 -1 0 4
     2*(-2+4*t-mh^4+3*mh^2-2*t^2-3*t*mh^2)*mh^(-2)
    A 1 8  4 0  0 0 0 4
     2*(-1+t*mh^4+2*t^2*mh^2+3*t-mh^4+t^3+2*mh^2-3*t^2-4*t*mh^2)*mh^(-2)
    A 1 8  3 2  0 -1 -1 3
     -5/3*mh^(-2)
    A 1 8  3 2  0 -2 0 3
     2*mh^(-2)
    A 1 8  3 1  0 0 -1 3
     10/3*(-1+t+mh^2)*mh^(-2)
    A 1 8  3 1  0 -1 0 3
     -1/3*(-19+19*t+14*mh^2)*mh^(-2)
    A 1 8  3 0  0 0 0 3
     -2/3*(-7+14*t-2*mh^4+9*mh^2-7*t^2-9*t*mh^2)*mh^(-2)
    A 1 8  2 1  0 0 -1 2
     4/3*mh^(-2)
    A 1 8  2 1  0 -1 0 2
     -7/3*mh^(-2)
    A 1 8  2 0  0 0 0 2
     2/3*(-5+5*t+3*mh^2)*mh^(-2)
    A 1 8  1 0  0 0 0 1
     2/3*mh^(-2)
;
  B 2 3  5 3  1 4 -1 -2
   1
    B 2 3  5 3  2 3 -1 -2
     1/3
    B 2 3  5 2  2 3 0 -2
     -1/3*s
    B 2 3  4 2  1 3 0 -2
     -1
    B 2 3  4 2  1 3 -1 -1
     -2/3
    B 2 3  4 2  2 2 0 -2
     -1/3
    B 2 3  4 1  1 3 0 -1
     2/3-2/3*t
    B 2 3  3 1  1 2 0 -1
     2/3
;
  B 2 3  5 3  1 4 -1 -2
   1
    B 2 3  5 3  2 3 -1 -2
     1/3
    B 2 3  5 2  1 4 -1 -1
     1-t-mh^2
    B 2 3  5 2  2 3 -1 -1
     -1/3*mh^2
    B 2 3  4 2  1 3 0 -2
     -1/3
    B 2 3  4 2  1 3 -1 -1
     -2/3
    B 2 3  4 1  1 3 0 -1
     1/3*mh^2-1/3*s
    B 2 3  4 1  1 3 -1 0
     -2/3+1/3*mh^2
    A 1 8  4 2  0 -1 -1 4
     1
    A 1 8  4 2  0 -2 0 4
     -1
    A 1 8  4 1  0 0 -1 4
     2-2*t-2*mh^2
    A 1 8  4 1  0 -1 0 4
     -3+3*t+2*mh^2
    A 1 8  4 0  0 0 0 4
     -2+4*t+2*mh^2-2*t^2-2*t*mh^2
    A 1 8  3 1  0 0 -1 3
     -5/3
    A 1 8  3 1  0 -1 0 3
     7/3
    A 1 8  3 0  0 0 0 3
     3-3*t-4/3*mh^2
    A 1 8  2 0  0 0 0 2
     -1
;
  B 2 3  5 3  1 4 -1 -2
   1
    B 2 3  5 3  1 4 -2 -1
     (-1+t)*s^(-1)
    B 2 3  5 2  1 4 -1 -1
     1-t-mh^2
    B 2 3  4 2  1 3 0 -2
     -1/3
    B 2 3  4 2  1 3 -1 -1
     -4/3*(-1+t)*s^(-1)
    B 2 3  4 2  1 3 -2 0
     2/3*s^(-1)
    B 2 3  4 1  1 3 0 -1
     1/3*mh^2-1/3*s
    B 2 3  4 1  1 3 -1 0
     1/3*(s*mh^2-mh^2-2*s+t*mh^2)*s^(-1)
    B 2 3  3 1  1 2 0 -1
     -1/3
    B 2 3  3 1  1 2 -1 0
     -2/3*s^(-1)
    A 1 8  4 2  0 -1 -1 4
     1
    A 1 8  4 2  0 -2 0 4
     -1
    A 1 8  4 1  0 0 -1 4
     2-2*t-2*mh^2
    A 1 8  4 1  0 -1 0 4
     -3+3*t+2*mh^2
    A 1 8  4 0  0 0 0 4
     -2+4*t+2*mh^2-2*t^2-2*t*mh^2
    A 1 8  3 1  0 0 -1 3
     1/3*(-1+t-5*s)*s^(-1)
    A 1 8  3 1  0 -1 0 3
     -1/3*(-1+t-7*s)*s^(-1)
    A 1 8  3 0  0 0 0 3
     -1/3*(-1+2*t+4*s*mh^2+9*t*s-t^2-9*s)*s^(-1)
    A 1 8  2 0  0 0 0 2
     1/3*(-1+t-3*s)*s^(-1)
;
  B 2 3  5 3  1 4 0 -3
   1
    B 2 3  5 3  2 3 0 -3
     1/3
    B 2 3  4 3  1 3 0 -3
     -1/6*(-2+d)*mh^(-2)
    B 2 3  4 2  1 3 0 -2
     -1/2
    A 1 8  4 3  0 -3 0 4
     -1/2*mh^(-2)
    A 1 8  4 2  0 -2 0 4
     3*(-1+t+mh^2)*mh^(-2)
    A 1 8  4 1  0 -1 0 4
     6*(-1+2*t-mh^4+2*mh^2-t^2-2*t*mh^2)*mh^(-2)
    A 1 8  4 0  0 0 0 4
     4*(-1+3*t*mh^4+3*t^2*mh^2+3*t-3*mh^4+mh^6+t^3+3*mh^2-3*t^2-6*t*mh^2)*mh^(-2)
    A 1 8  3 2  0 -2 0 3
     5/2*mh^(-2)
    A 1 8  3 1  0 -1 0 3
     -10*(-1+t+mh^2)*mh^(-2)
    A 1 8  3 0  0 0 0 3
     -10*(-1+2*t-mh^4+2*mh^2-t^2-2*t*mh^2)*mh^(-2)
    A 1 8  2 1  0 -1 0 2
     -4*mh^(-2)
    A 1 8  2 0  0 0 0 2
     8*(-1+t+mh^2)*mh^(-2)
    A 1 8  1 0  0 0 0 1
     2*mh^(-2)
;
  B 2 3  5 3  1 4 0 -3
   1
    B 2 3  5 3  2 3 0 -3
     1/3
    B 2 3  5 2  1 4 0 -2
     1-t-mh^2
    B 2 3  5 2  2 3 0 -2
     -1/3*mh^2
    B 2 3  4 2  1 3 0 -2
     -1
    B 2 3  4 1  1 3 0 -1
     -4/3+2/3*mh^2
    A 1 8  4 2  0 -2 0 4
     -1
    A 1 8  4 1  0 -1 0 4
     -4+4*t+4*mh^2
    A 1 8  4 0  0 0 0 4
     -4+8*t-4*mh^4+8*mh^2-4*t^2-8*t*mh^2
    A 1 8  3 1  0 -1 0 3
     10/3
    A 1 8  3 0  0 0 0 3
     20/3-20/3*t-20/3*mh^2
    A 1 8  2 0  0 0 0 2
     -8/3
;
  B 2 3  5 3  1 4 0 -3
   1
    B 2 3  5 3  1 4 -1 -2
     (-1+t)*s^(-1)
    B 2 3  5 2  1 4 0 -2
     1-t-mh^2
    B 2 3  4 2  1 3 0 -2
     -1/3*s^(-1)*(-5+5*t+2*s)
    B 2 3  4 2  1 3 -1 -1
     4/3*s^(-1)
    B 2 3  4 1  1 3 0 -1
     2/3*(s*mh^2-mh^2-2*s+t*mh^2)*s^(-1)
    B 2 3  3 1  1 2 0 -1
     -4/3*s^(-1)
    A 1 8  4 2  0 -2 0 4
     -1
    A 1 8  4 1  0 -1 0 4
     -4+4*t+4*mh^2
    A 1 8  4 0  0 0 0 4
     -4+8*t-4*mh^4+8*mh^2-4*t^2-8*t*mh^2
    A 1 8  3 1  0 -1 0 3
     -2/3*(-1+t-5*s)*s^(-1)
    A 1 8  3 0  0 0 0 3
     -4/3*s^(-1)*(-1+2*t+5*s*mh^2+5*t*s+mh^2-t^2-5*s-t*mh^2)
    A 1 8  2 0  0 0 0 2
     4/3*(-1+t-2*s)*s^(-1)
;
  B 2 3  5 4  3 2 -4 0
   1
    B 2 3  5 4  4 1 -4 0
     3
    B 2 3  5 3  4 1 -3 0
     -3*s
    B 2 3  4 3  3 1 -3 0
     -4
    A 1 8  4 3  0 0 -3 4
     -3
    A 1 8  4 3  -1 0 -2 4
     9
    A 1 8  4 3  -2 0 -1 4
     -9
    A 1 8  4 3  -3 0 0 4
     3
    A 1 8  4 2  0 0 -2 4
     -9*s
    A 1 8  4 2  -1 0 -1 4
     18*s
    A 1 8  4 2  -2 0 0 4
     -9*s
    A 1 8  4 1  0 0 -1 4
     -9*s^2
    A 1 8  4 1  -1 0 0 4
     9*s^2
    A 1 8  4 0  0 0 0 4
     -3*s^3
    A 1 8  3 2  0 0 -2 3
     -6
    A 1 8  3 2  -1 0 -1 3
     12
    A 1 8  3 2  -2 0 0 3
     -6
    A 1 8  3 1  0 0 -1 3
     -12*s
    A 1 8  3 1  -1 0 0 3
     12*s
    A 1 8  3 0  0 0 0 3
     -6*s^2
    A 1 8  2 1  0 0 -1 2
     -3
    A 1 8  2 1  -1 0 0 2
     3
    A 1 8  2 0  0 0 0 2
     -3*s
;
  B 2 3  5 4  3 2 -3 -1
   1
    B 2 3  5 4  4 1 -3 -1
     3
    B 2 3  5 3  4 1 -2 -1
     -3*s
    B 2 3  4 3  3 1 -2 -1
     -3
    B 2 3  4 3  3 1 -3 0
     -1
    B 2 3  4 2  3 1 -2 0
     1-t
    A 1 8  4 3  -1 0 -2 4
     3
    A 1 8  4 3  -2 0 -1 4
     -6
    A 1 8  4 3  -3 0 0 4
     3
    A 1 8  4 2  0 0 -2 4
     -6*mh^2
    A 1 8  4 2  -1 0 -1 4
     12*mh^2+6*s
    A 1 8  4 2  -2 0 0 4
     -6*mh^2-6*s
    A 1 8  4 1  0 0 -1 4
     -12*s*mh^2
    A 1 8  4 1  -1 0 0 4
     12*s*mh^2+3*s^2
    A 1 8  4 0  0 0 0 4
     -6*s^2*mh^2
    A 1 8  3 2  0 0 -2 3
     -5
    A 1 8  3 2  -1 0 -1 3
     14
    A 1 8  3 2  -2 0 0 3
     -9
    A 1 8  3 1  0 0 -1 3
     -8*mh^2-10*s
    A 1 8  3 1  -1 0 0 3
     8*mh^2+14*s
    A 1 8  3 0  0 0 0 3
     -8*s*mh^2-5*s^2
    A 1 8  2 1  0 0 -1 2
     -6
    A 1 8  2 1  -1 0 0 2
     7
    A 1 8  2 0  0 0 0 2
     -2*mh^2-6*s
    A 1 8  1 0  0 0 0 1
     -1
;
  B 2 3  5 4  3 2 -3 -1
   1
    B 2 3  5 4  4 1 -3 -1
     3
    B 2 3  5 3  3 2 -3 0
     1-t-mh^2
    B 2 3  5 3  4 1 -3 0
     -3*mh^2
    B 2 3  4 3  2 2 -3 0
     -1
    B 2 3  4 3  3 1 -2 -1
     -3
    B 2 3  4 3  3 1 -3 0
     -3
    B 2 3  4 2  3 1 -2 0
     3*mh^2-3*s
    B 2 3  3 2  2 1 -2 0
     3
;
  B 2 3  5 4  3 2 -3 -1
   1
    B 2 3  5 4  3 2 -4 0
     (-1+t)*s^(-1)
    B 2 3  5 3  3 2 -3 0
     1-t-mh^2
    B 2 3  4 3  2 2 -3 0
     -1
    B 2 3  4 3  3 1 -2 -1
     -3
    B 2 3  4 3  3 1 -3 0
     -(-1+t-3*s)*s^(-1)
    B 2 3  4 2  3 1 -2 0
     3*mh^2-3*s
    B 2 3  3 2  2 1 -2 0
     3
    A 1 8  3 2  0 0 -2 3
     -3
    A 1 8  3 2  -1 0 -1 3
     6
    A 1 8  3 2  -2 0 0 3
     -3
    A 1 8  3 1  0 0 -1 3
     -6*s
    A 1 8  3 1  -1 0 0 3
     6*s
    A 1 8  3 0  0 0 0 3
     -3*s^2
    A 1 8  2 1  0 0 -1 2
     -6
    A 1 8  2 1  -1 0 0 2
     6
    A 1 8  2 0  0 0 0 2
     -6*s
    A 1 8  1 0  0 0 0 1
     -3
;
  B 2 3  5 4  3 2 -2 -2
   1
    B 2 3  5 4  4 1 -2 -2
     3
    B 2 3  5 3  4 1 -1 -2
     -3*s
    B 2 3  4 3  3 1 -1 -2
     -2
    B 2 3  4 3  3 1 -2 -1
     -2
    B 2 3  4 2  3 1 -1 -1
     2-2*t
    A 1 8  4 3  -2 0 -1 4
     -3
    A 1 8  4 3  -3 0 0 4
     3
    A 1 8  4 2  -1 0 -1 4
     12*mh^2
    A 1 8  4 2  -2 0 0 4
     -12*mh^2-3*s
    A 1 8  4 1  0 0 -1 4
     -12*mh^4
    A 1 8  4 1  -1 0 0 4
     12*s*mh^2+12*mh^4
    A 1 8  4 0  0 0 0 4
     -12*s*mh^4
    A 1 8  3 2  -1 0 -1 3
     10
    A 1 8  3 2  -2 0 0 3
     -12
    A 1 8  3 1  0 0 -1 3
     -20*mh^2
    A 1 8  3 1  -1 0 0 3
     28*mh^2+10*s
    A 1 8  3 0  0 0 0 3
     -20*s*mh^2-8*mh^4
    A 1 8  2 1  0 0 -1 2
     -8
    A 1 8  2 1  -1 0 0 2
     14
    A 1 8  2 0  0 0 0 2
     -12*mh^2-8*s
    A 1 8  1 0  0 0 0 1
     -4
;
  B 2 3  5 4  3 2 -2 -2
   1
    B 2 3  5 4  4 1 -2 -2
     3
    B 2 3  5 3  3 2 -2 -1
     1-t-mh^2
    B 2 3  5 3  4 1 -2 -1
     -3*mh^2
    B 2 3  4 3  2 2 -2 -1
     -1
    B 2 3  4 3  3 1 -1 -2
     -2
    B 2 3  4 3  3 1 -2 -1
     -4
    B 2 3  4 2  3 1 -1 -1
     2*mh^2-2*s
    B 2 3  4 2  3 1 -2 0
     -2+mh^2
    B 2 3  3 2  2 1 -1 -1
     2
    B 2 3  3 2  2 1 -2 0
     1
;
  B 2 3  5 4  3 2 -2 -2
   1
    B 2 3  5 4  3 2 -3 -1
     (-1+t)*s^(-1)
    B 2 3  5 3  3 2 -2 -1
     1-t-mh^2
    B 2 3  4 3  2 2 -2 -1
     -1
    B 2 3  4 3  3 1 -1 -2
     -2
    B 2 3  4 3  3 1 -2 -1
     -(-2+2*t-s)*s^(-1)
    B 2 3  4 3  3 1 -3 0
     2*s^(-1)
    B 2 3  4 2  3 1 -1 -1
     2*mh^2-2*s
    B 2 3  4 2  3 1 -2 0
     (s*mh^2-mh^2-2*s+t*mh^2)*s^(-1)
    B 2 3  3 2  2 1 -1 -1
     2
    B 2 3  3 2  2 1 -2 0
     (-1+t+s)*s^(-1)
    A 1 8  3 2  0 0 -2 3
     -2*s^(-1)
    A 1 8  3 2  -1 0 -1 3
     2*(2+s)*s^(-1)
    A 1 8  3 2  -2 0 0 3
     -2*(1+s)*s^(-1)
    A 1 8  3 1  0 0 -1 3
     -4-4*mh^2
    A 1 8  3 1  -1 0 0 3
     4+4*mh^2+2*s
    A 1 8  3 0  0 0 0 3
     -4*s*mh^2-2*s
    A 1 8  2 1  0 0 -1 2
     -4*(1+s)*s^(-1)
    A 1 8  2 1  -1 0 0 2
     2*(2+3*s)*s^(-1)
    A 1 8  2 0  0 0 0 2
     -4-4*mh^2-4*s
    A 1 8  1 0  0 0 0 1
     -2*(1+2*s)*s^(-1)
;
  B 2 3  5 4  3 2 -1 -3
   1
    B 2 3  5 4  4 1 -1 -3
     3
    B 2 3  5 3  4 1 0 -3
     -3*s
    B 2 3  4 3  3 1 0 -3
     -1
    B 2 3  4 3  3 1 -1 -2
     -3
    B 2 3  4 2  3 1 0 -2
     3-3*t
    A 1 8  4 3  -3 0 0 4
     3
    A 1 8  4 2  -2 0 0 4
     -18*mh^2
    A 1 8  4 1  -1 0 0 4
     36*mh^4
    A 1 8  4 0  0 0 0 4
     -24*mh^6
    A 1 8  3 2  -2 0 0 3
     -15
    A 1 8  3 1  -1 0 0 3
     60*mh^2
    A 1 8  3 0  0 0 0 3
     -60*mh^4
    A 1 8  2 1  -1 0 0 2
     24
    A 1 8  2 0  0 0 0 2
     -48*mh^2
    A 1 8  1 0  0 0 0 1
     -12
;
  B 2 3  5 4  3 2 -1 -3
   1
    B 2 3  5 4  4 1 -1 -3
     3
    B 2 3  5 3  3 2 -1 -2
     1-t-mh^2
    B 2 3  5 3  4 1 -1 -2
     -3*mh^2
    B 2 3  4 3  2 2 -1 -2
     -1
    B 2 3  4 3  3 1 0 -3
     -1
    B 2 3  4 3  3 1 -1 -2
     -5
    B 2 3  4 2  3 1 0 -2
     mh^2-s
    B 2 3  4 2  3 1 -1 -1
     -4+2*mh^2
    B 2 3  3 2  2 1 0 -2
     1
    B 2 3  3 2  2 1 -1 -1
     2
;
  B 2 3  5 4  3 2 -1 -3
   1
    B 2 3  5 4  3 2 -2 -2
     (-1+t)*s^(-1)
    B 2 3  5 3  3 2 -1 -2
     1-t-mh^2
    B 2 3  4 3  2 2 -1 -2
     -1
    B 2 3  4 3  3 1 0 -3
     -1
    B 2 3  4 3  3 1 -1 -2
     -(-3+3*t+s)*s^(-1)
    B 2 3  4 3  3 1 -2 -1
     4*s^(-1)
    B 2 3  4 2  3 1 0 -2
     mh^2-s
    B 2 3  4 2  3 1 -1 -1
     2*(s*mh^2-mh^2-2*s+t*mh^2)*s^(-1)
    B 2 3  3 2  2 1 0 -2
     1
    B 2 3  3 2  2 1 -1 -1
     2*(-1+t+s)*s^(-1)
    A 1 8  3 2  -1 0 -1 3
     4*s^(-1)
    A 1 8  3 2  -2 0 0 3
     -(4+s)*s^(-1)
    A 1 8  3 1  0 0 -1 3
     -8*s^(-1)*mh^2
    A 1 8  3 1  -1 0 0 3
     4*(s*mh^2+2*mh^2+s)*s^(-1)
    A 1 8  3 0  0 0 0 3
     -4*mh^4-8*mh^2
    A 1 8  2 1  0 0 -1 2
     -8*s^(-1)
    A 1 8  2 1  -1 0 0 2
     4*(3+s)*s^(-1)
    A 1 8  2 0  0 0 0 2
     -8*s^(-1)*(s*mh^2+mh^2+s)
    A 1 8  1 0  0 0 0 1
     -4*(2+s)*s^(-1)
;
  B 2 3  5 4  3 2 0 -4
   1
    B 2 3  5 4  4 1 0 -4
     3
    B 2 3  5 3  3 2 0 -3
     1-t-mh^2
    B 2 3  5 3  4 1 0 -3
     -3*mh^2
    B 2 3  4 3  2 2 0 -3
     -1
    B 2 3  4 3  3 1 0 -3
     -6
    B 2 3  4 2  3 1 0 -2
     -6+3*mh^2
    B 2 3  3 2  2 1 0 -2
     3
;
  B 2 3  5 4  3 2 0 -4
   1
    B 2 3  5 4  3 2 -1 -3
     (-1+t)*s^(-1)
    B 2 3  5 3  3 2 0 -3
     1-t-mh^2
    B 2 3  4 3  2 2 0 -3
     -1
    B 2 3  4 3  3 1 0 -3
     -s^(-1)*(-4+4*t+3*s)
    B 2 3  4 3  3 1 -1 -2
     6*s^(-1)
    B 2 3  4 2  3 1 0 -2
     3*(s*mh^2-mh^2-2*s+t*mh^2)*s^(-1)
    B 2 3  3 2  2 1 0 -2
     3*(-1+t+s)*s^(-1)
    A 1 8  3 2  -2 0 0 3
     -6*s^(-1)
    A 1 8  3 1  -1 0 0 3
     24*s^(-1)*mh^2
    A 1 8  3 0  0 0 0 3
     -24*s^(-1)*mh^4
    A 1 8  2 1  -1 0 0 2
     24*s^(-1)
    A 1 8  2 0  0 0 0 2
     -48*s^(-1)*mh^2
    A 1 8  1 0  0 0 0 1
     -24*s^(-1)
;
  B 2 3  5 4  2 3 -4 0
   1
    B 2 3  5 4  3 2 -4 0
     1
    B 2 3  5 3  3 2 -3 0
     -s
    B 2 3  4 3  2 2 -3 0
     -5/2
    B 2 3  4 3  3 1 -3 0
     -1
    B 2 3  3 2  2 1 -2 0
     3/2
;
  B 2 3  5 4  2 3 -3 -1
   1
    B 2 3  5 4  3 2 -3 -1
     1
    B 2 3  5 3  3 2 -2 -1
     -s
    B 2 3  4 3  2 2 -2 -1
     -2
    B 2 3  4 3  2 2 -3 0
     -1/2
    B 2 3  4 3  3 1 -2 -1
     -1
    B 2 3  4 2  2 2 -2 0
     1/2-1/2*t
    B 2 3  3 2  2 1 -1 -1
     1
    B 2 3  3 2  2 1 -2 0
     1/2
;
  B 2 3  5 4  2 3 -3 -1
   1
    B 2 3  5 4  3 2 -3 -1
     1
    B 2 3  5 3  2 3 -3 0
     1-t-mh^2
    B 2 3  5 3  3 2 -3 0
     -mh^2
    B 2 3  4 3  1 3 -3 0
     -1
    B 2 3  4 3  2 2 -2 -1
     -3/2
    B 2 3  4 3  2 2 -3 0
     -1
    B 2 3  4 2  2 2 -2 0
     3/2*mh^2-3/2*s
    B 2 3  3 2  1 2 -2 0
     3/2
;
  B 2 3  5 4  2 3 -3 -1
   1
    B 2 3  5 4  2 3 -4 0
     (-1+t)*s^(-1)
    B 2 3  5 3  2 3 -3 0
     1-t-mh^2
    B 2 3  4 3  1 3 -3 0
     -1
    B 2 3  4 3  2 2 -2 -1
     -3/2
    B 2 3  4 3  2 2 -3 0
     -1/2*(-2+2*t-3*s)*s^(-1)
    B 2 3  4 2  2 2 -2 0
     3/2*mh^2-3/2*s
    B 2 3  3 2  1 2 -2 0
     3/2
    B 2 3  3 2  2 1 -2 0
     -3/2
;
  B 2 3  5 4  2 3 -2 -2
   1
    B 2 3  5 4  3 2 -2 -2
     1
    B 2 3  5 3  3 2 -1 -2
     -s
    B 2 3  4 3  2 2 -1 -2
     -3/2
    B 2 3  4 3  2 2 -2 -1
     -1
    B 2 3  4 3  3 1 -1 -2
     -1
    B 2 3  4 2  2 2 -1 -1
     1-t
    B 2 3  3 2  2 1 0 -2
     1/2
    B 2 3  3 2  2 1 -1 -1
     1
;
  B 2 3  5 4  2 3 -2 -2
   1
    B 2 3  5 4  3 2 -2 -2
     1
    B 2 3  5 3  2 3 -2 -1
     1-t-mh^2
    B 2 3  5 3  3 2 -2 -1
     -mh^2
    B 2 3  4 3  1 3 -2 -1
     -1
    B 2 3  4 3  2 2 -1 -2
     -1
    B 2 3  4 3  2 2 -2 -1
     -3/2
    B 2 3  4 2  2 2 -1 -1
     mh^2-s
    B 2 3  4 2  2 2 -2 0
     -1+1/2*mh^2
    B 2 3  3 2  1 2 -1 -1
     1
    B 2 3  3 2  1 2 -2 0
     1/2
;
  B 2 3  5 4  2 3 -2 -2
   1
    B 2 3  5 4  2 3 -3 -1
     (-1+t)*s^(-1)
    B 2 3  5 3  2 3 -2 -1
     1-t-mh^2
    B 2 3  4 3  1 3 -2 -1
     -1
    B 2 3  4 3  2 2 -1 -2
     -1
    B 2 3  4 3  2 2 -2 -1
     -1/2*s^(-1)*(-3+3*t-s)
    B 2 3  4 3  2 2 -3 0
     s^(-1)
    B 2 3  4 2  2 2 -1 -1
     mh^2-s
    B 2 3  4 2  2 2 -2 0
     1/2*(s*mh^2-mh^2-2*s+t*mh^2)*s^(-1)
    B 2 3  3 2  1 2 -1 -1
     1
    B 2 3  3 2  1 2 -2 0
     1/2*(-1+t+s)*s^(-1)
    B 2 3  3 2  2 1 -1 -1
     -1
    B 2 3  3 2  2 1 -2 0
     -s^(-1)
;
  B 2 3  5 4  2 3 -1 -3
   1
    B 2 3  5 4  3 2 -1 -3
     1
    B 2 3  5 3  3 2 0 -3
     -s
    B 2 3  4 3  2 2 0 -3
     -1
    B 2 3  4 3  2 2 -1 -2
     -3/2
    B 2 3  4 3  3 1 0 -3
     -1
    B 2 3  4 2  2 2 0 -2
     3/2-3/2*t
    B 2 3  3 2  2 1 0 -2
     3/2
;
  B 2 3  5 4  2 3 -1 -3
   1
    B 2 3  5 4  3 2 -1 -3
     1
    B 2 3  5 3  2 3 -1 -2
     1-t-mh^2
    B 2 3  5 3  3 2 -1 -2
     -mh^2
    B 2 3  4 3  1 3 -1 -2
     -1
    B 2 3  4 3  2 2 0 -3
     -1/2
    B 2 3  4 3  2 2 -1 -2
     -2
    B 2 3  4 2  2 2 0 -2
     1/2*mh^2-1/2*s
    B 2 3  4 2  2 2 -1 -1
     -2+mh^2
    B 2 3  3 2  1 2 0 -2
     1/2
    B 2 3  3 2  1 2 -1 -1
     1
;
  B 2 3  5 4  2 3 -1 -3
   1
    B 2 3  5 4  2 3 -2 -2
     (-1+t)*s^(-1)
    B 2 3  5 3  2 3 -1 -2
     1-t-mh^2
    B 2 3  4 3  1 3 -1 -2
     -1
    B 2 3  4 3  2 2 0 -3
     -1/2
    B 2 3  4 3  2 2 -1 -2
     -1/2*s^(-1)*(-4+4*t+s)
    B 2 3  4 3  2 2 -2 -1
     2*s^(-1)
    B 2 3  4 2  2 2 0 -2
     1/2*mh^2-1/2*s
    B 2 3  4 2  2 2 -1 -1
     (s*mh^2-mh^2-2*s+t*mh^2)*s^(-1)
    B 2 3  3 2  1 2 0 -2
     1/2
    B 2 3  3 2  1 2 -1 -1
     (-1+t+s)*s^(-1)
    B 2 3  3 2  2 1 0 -2
     -1/2
    B 2 3  3 2  2 1 -1 -1
     -2*s^(-1)
;
  B 2 3  5 4  2 3 0 -4
   1
    B 2 3  5 4  3 2 0 -4
     1
    B 2 3  5 3  2 3 0 -3
     1-t-mh^2
    B 2 3  5 3  3 2 0 -3
     -mh^2
    B 2 3  4 3  1 3 0 -3
     -1
    B 2 3  4 3  2 2 0 -3
     -5/2
    B 2 3  4 2  2 2 0 -2
     -3+3/2*mh^2
    B 2 3  3 2  1 2 0 -2
     3/2
;
  B 2 3  5 4  2 3 0 -4
   1
    B 2 3  5 4  2 3 -1 -3
     (-1+t)*s^(-1)
    B 2 3  5 3  2 3 0 -3
     1-t-mh^2
    B 2 3  4 3  1 3 0 -3
     -1
    B 2 3  4 3  2 2 0 -3
     -1/2*s^(-1)*(-5+5*t+3*s)
    B 2 3  4 3  2 2 -1 -2
     3*s^(-1)
    B 2 3  4 2  2 2 0 -2
     3/2*(s*mh^2-mh^2-2*s+t*mh^2)*s^(-1)
    B 2 3  3 2  1 2 0 -2
     3/2*(-1+t+s)*s^(-1)
    B 2 3  3 2  2 1 0 -2
     -3*s^(-1)
;
  B 2 3  5 4  1 4 -4 0
   1
    B 2 3  5 4  2 3 -4 0
     1/3
    B 2 3  5 3  2 3 -3 0
     -1/3*s
    B 2 3  4 3  1 3 -3 0
     -2
    B 2 3  4 3  2 2 -3 0
     -1/3
    B 2 3  3 2  1 2 -2 0
     1
;
  B 2 3  5 4  1 4 -3 -1
   1
    B 2 3  5 4  2 3 -3 -1
     1/3
    B 2 3  5 3  2 3 -2 -1
     -1/3*s
    B 2 3  4 3  1 3 -2 -1
     -5/3
    B 2 3  4 3  1 3 -3 0
     -1/3
    B 2 3  4 3  2 2 -2 -1
     -1/3
    B 2 3  4 2  1 3 -2 0
     1/3-1/3*t
    B 2 3  3 2  1 2 -1 -1
     2/3
    B 2 3  3 2  1 2 -2 0
     1/3
;
  B 2 3  5 4  1 4 -3 -1
   1
    B 2 3  5 4  2 3 -3 -1
     1/3
    B 2 3  5 3  1 4 -3 0
     1-t-mh^2
    B 2 3  5 3  2 3 -3 0
     -1/3*mh^2
    B 2 3  4 3  1 3 -2 -1
     -1
    B 2 3  4 3  1 3 -3 0
     -1/3
    B 2 3  4 2  1 3 -2 0
     mh^2-s
    A 1 8  4 3  0 0 -3 4
     -1
    A 1 8  4 3  0 -1 -2 4
     3
    A 1 8  4 3  0 -2 -1 4
     -3
    A 1 8  4 3  0 -3 0 4
     1
    A 1 8  4 2  0 0 -2 4
     3-3*t
    A 1 8  4 2  0 -1 -1 4
     -6+6*t
    A 1 8  4 2  0 -2 0 4
     3-3*t
    A 1 8  4 1  0 0 -1 4
     -3+6*t-3*t^2
    A 1 8  4 1  0 -1 0 4
     3-6*t+3*t^2
    A 1 8  4 0  0 0 0 4
     1-3*t-t^3+3*t^2
    A 1 8  3 2  0 0 -2 3
     -2
    A 1 8  3 2  0 -1 -1 3
     4
    A 1 8  3 2  0 -2 0 3
     -2
    A 1 8  3 1  0 0 -1 3
     4-4*t
    A 1 8  3 1  0 -1 0 3
     -4+4*t
    A 1 8  3 0  0 0 0 3
     -2+4*t-2*t^2
    A 1 8  2 1  0 0 -1 2
     -1
    A 1 8  2 1  0 -1 0 2
     1
    A 1 8  2 0  0 0 0 2
     1-t
;
  B 2 3  5 4  1 4 -3 -1
   1
    B 2 3  5 4  1 4 -4 0
     (-1+t)*s^(-1)
    B 2 3  5 3  1 4 -3 0
     1-t-mh^2
    B 2 3  4 3  1 3 -2 -1
     -1
    B 2 3  4 3  1 3 -3 0
     -(-1+t-s)*s^(-1)
    B 2 3  4 2  1 3 -2 0
     mh^2-s
    B 2 3  3 2  1 2 -2 0
     -1
    A 1 8  4 3  0 0 -3 4
     -1
    A 1 8  4 3  0 -1 -2 4
     3
    A 1 8  4 3  0 -2 -1 4
     -3
    A 1 8  4 3  0 -3 0 4
     1
    A 1 8  4 2  0 0 -2 4
     3-3*t
    A 1 8  4 2  0 -1 -1 4
     -6+6*t
    A 1 8  4 2  0 -2 0 4
     3-3*t
    A 1 8  4 1  0 0 -1 4
     -3+6*t-3*t^2
    A 1 8  4 1  0 -1 0 4
     3-6*t+3*t^2
    A 1 8  4 0  0 0 0 4
     1-3*t-t^3+3*t^2
    A 1 8  3 2  0 0 -2 3
     -2
    A 1 8  3 2  0 -1 -1 3
     4
    A 1 8  3 2  0 -2 0 3
     -2
    A 1 8  3 1  0 0 -1 3
     4-4*t
    A 1 8  3 1  0 -1 0 3
     -4+4*t
    A 1 8  3 0  0 0 0 3
     -2+4*t-2*t^2
    A 1 8  2 1  0 0 -1 2
     -1
    A 1 8  2 1  0 -1 0 2
     1
    A 1 8  2 0  0 0 0 2
     1-t
;
  B 2 3  5 4  1 4 -2 -2
   1
    B 2 3  5 4  2 3 -2 -2
     1/3
    B 2 3  5 3  2 3 -1 -2
     -1/3*s
    B 2 3  4 3  1 3 -1 -2
     -4/3
    B 2 3  4 3  1 3 -2 -1
     -2/3
    B 2 3  4 3  2 2 -1 -2
     -1/3
    B 2 3  4 2  1 3 -1 -1
     2/3-2/3*t
    B 2 3  3 2  1 2 0 -2
     1/3
    B 2 3  3 2  1 2 -1 -1
     2/3
;
  B 2 3  5 4  1 4 -2 -2
   1
    B 2 3  5 4  2 3 -2 -2
     1/3
    B 2 3  5 3  1 4 -2 -1
     1-t-mh^2
    B 2 3  5 3  2 3 -2 -1
     -1/3*mh^2
    B 2 3  4 3  1 3 -1 -2
     -2/3
    B 2 3  4 3  1 3 -2 -1
     -2/3
    B 2 3  4 2  1 3 -1 -1
     2/3*mh^2-2/3*s
    B 2 3  4 2  1 3 -2 0
     -2/3+1/3*mh^2
    A 1 8  4 3  0 -1 -2 4
     1
    A 1 8  4 3  0 -2 -1 4
     -2
    A 1 8  4 3  0 -3 0 4
     1
    A 1 8  4 2  0 0 -2 4
     2-2*t-2*mh^2
    A 1 8  4 2  0 -1 -1 4
     -6+6*t+4*mh^2
    A 1 8  4 2  0 -2 0 4
     4-4*t-2*mh^2
    A 1 8  4 1  0 0 -1 4
     -4+8*t+4*mh^2-4*t^2-4*t*mh^2
    A 1 8  4 1  0 -1 0 4
     5-10*t-4*mh^2+5*t^2+4*t*mh^2
    A 1 8  4 0  0 0 0 4
     2-2*t^2*mh^2-6*t-2*t^3-2*mh^2+6*t^2+4*t*mh^2
    A 1 8  3 2  0 0 -2 3
     -5/3
    A 1 8  3 2  0 -1 -1 3
     14/3
    A 1 8  3 2  0 -2 0 3
     -3
    A 1 8  3 1  0 0 -1 3
     6-6*t-8/3*mh^2
    A 1 8  3 1  0 -1 0 3
     -22/3+22/3*t+8/3*mh^2
    A 1 8  3 0  0 0 0 3
     -13/3+26/3*t+8/3*mh^2-13/3*t^2-8/3*t*mh^2
    A 1 8  2 1  0 0 -1 2
     -2
    A 1 8  2 1  0 -1 0 2
     7/3
    A 1 8  2 0  0 0 0 2
     8/3-8/3*t-2/3*mh^2
    A 1 8  1 0  0 0 0 1
     -1/3
;
  B 2 3  5 4  1 4 -2 -2
   1
    B 2 3  5 4  1 4 -3 -1
     (-1+t)*s^(-1)
    B 2 3  5 3  1 4 -2 -1
     1-t-mh^2
    B 2 3  4 3  1 3 -1 -2
     -2/3
    B 2 3  4 3  1 3 -2 -1
     -1/3*(-4+4*t-s)*s^(-1)
    B 2 3  4 3  1 3 -3 0
     2/3*s^(-1)
    B 2 3  4 2  1 3 -1 -1
     2/3*mh^2-2/3*s
    B 2 3  4 2  1 3 -2 0
     1/3*(s*mh^2-mh^2-2*s+t*mh^2)*s^(-1)
    B 2 3  3 2  1 2 -1 -1
     -2/3
    B 2 3  3 2  1 2 -2 0
     -2/3*s^(-1)
    A 1 8  4 3  0 -1 -2 4
     1
    A 1 8  4 3  0 -2 -1 4
     -2
    A 1 8  4 3  0 -3 0 4
     1
    A 1 8  4 2  0 0 -2 4
     2-2*t-2*mh^2
    A 1 8  4 2  0 -1 -1 4
     -6+6*t+4*mh^2
    A 1 8  4 2  0 -2 0 4
     4-4*t-2*mh^2
    A 1 8  4 1  0 0 -1 4
     -4+8*t+4*mh^2-4*t^2-4*t*mh^2
    A 1 8  4 1  0 -1 0 4
     5-10*t-4*mh^2+5*t^2+4*t*mh^2
    A 1 8  4 0  0 0 0 4
     2-2*t^2*mh^2-6*t-2*t^3-2*mh^2+6*t^2+4*t*mh^2
    A 1 8  3 2  0 0 -2 3
     1/3*(-1+t-5*s)*s^(-1)
    A 1 8  3 2  0 -1 -1 3
     -2/3*(-1+t-7*s)*s^(-1)
    A 1 8  3 2  0 -2 0 3
     1/3*(-1+t-9*s)*s^(-1)
    A 1 8  3 1  0 0 -1 3
     -2/3*(-1+2*t+4*s*mh^2+9*t*s-t^2-9*s)*s^(-1)
    A 1 8  3 1  0 -1 0 3
     2/3*(-1+2*t+4*s*mh^2+11*t*s-t^2-11*s)*s^(-1)
    A 1 8  3 0  0 0 0 3
     1/3*s^(-1)*(-1+3*t+8*s*mh^2+26*t*s-8*t*s*mh^2+t^3-3*t^2-13*s-13*t^2*s)
    A 1 8  2 1  0 0 -1 2
     2/3*(-1+t-3*s)*s^(-1)
    A 1 8  2 1  0 -1 0 2
     -1/3*(-2+2*t-7*s)*s^(-1)
    A 1 8  2 0  0 0 0 2
     -2/3*(-1+2*t+s*mh^2+4*t*s-t^2-4*s)*s^(-1)
    A 1 8  1 0  0 0 0 1
     1/3*(-1+t-s)*s^(-1)
;
  B 2 3  5 4  1 4 -1 -3
   1
    B 2 3  5 4  2 3 -1 -3
     1/3
    B 2 3  5 3  2 3 0 -3
     -1/3*s
    B 2 3  4 3  1 3 0 -3
     -1
    B 2 3  4 3  1 3 -1 -2
     -1
    B 2 3  4 3  2 2 0 -3
     -1/3
    B 2 3  4 2  1 3 0 -2
     1-t
    B 2 3  3 2  1 2 0 -2
     1
;
  B 2 3  5 4  1 4 -1 -3
   1
    B 2 3  5 4  2 3 -1 -3
     1/3
    B 2 3  5 3  1 4 -1 -2
     1-t-mh^2
    B 2 3  5 3  2 3 -1 -2
     -1/3*mh^2
    B 2 3  4 3  1 3 0 -3
     -1/3
    B 2 3  4 3  1 3 -1 -2
     -1
    B 2 3  4 2  1 3 0 -2
     1/3*mh^2-1/3*s
    B 2 3  4 2  1 3 -1 -1
     -4/3+2/3*mh^2
    A 1 8  4 3  0 -2 -1 4
     -1
    A 1 8  4 3  0 -3 0 4
     1
    A 1 8  4 2  0 -1 -1 4
     -4+4*t+4*mh^2
    A 1 8  4 2  0 -2 0 4
     5-5*t-4*mh^2
    A 1 8  4 1  0 0 -1 4
     -4+8*t-4*mh^4+8*mh^2-4*t^2-8*t*mh^2
    A 1 8  4 1  0 -1 0 4
     8-16*t+4*mh^4-12*mh^2+8*t^2+12*t*mh^2
    A 1 8  4 0  0 0 0 4
     4-4*t*mh^4-8*t^2*mh^2-12*t+4*mh^4-4*t^3-8*mh^2+12*t^2+16*t*mh^2
    A 1 8  3 2  0 -1 -1 3
     10/3
    A 1 8  3 2  0 -2 0 3
     -4
    A 1 8  3 1  0 0 -1 3
     20/3-20/3*t-20/3*mh^2
    A 1 8  3 1  0 -1 0 3
     -38/3+38/3*t+28/3*mh^2
    A 1 8  3 0  0 0 0 3
     -28/3+56/3*t-8/3*mh^4+12*mh^2-28/3*t^2-12*t*mh^2
    A 1 8  2 1  0 0 -1 2
     -8/3
    A 1 8  2 1  0 -1 0 2
     14/3
    A 1 8  2 0  0 0 0 2
     20/3-20/3*t-4*mh^2
    A 1 8  1 0  0 0 0 1
     -4/3
;
  B 2 3  5 4  1 4 -1 -3
   1
    B 2 3  5 4  1 4 -2 -2
     (-1+t)*s^(-1)
    B 2 3  5 3  1 4 -1 -2
     1-t-mh^2
    B 2 3  4 3  1 3 0 -3
     -1/3
    B 2 3  4 3  1 3 -1 -2
     -1/3*(-5+5*t+s)*s^(-1)
    B 2 3  4 3  1 3 -2 -1
     4/3*s^(-1)
    B 2 3  4 2  1 3 0 -2
     1/3*mh^2-1/3*s
    B 2 3  4 2  1 3 -1 -1
     2/3*(s*mh^2-mh^2-2*s+t*mh^2)*s^(-1)
    B 2 3  3 2  1 2 0 -2
     -1/3
    B 2 3  3 2  1 2 -1 -1
     -4/3*s^(-1)
    A 1 8  4 3  0 -2 -1 4
     -1
    A 1 8  4 3  0 -3 0 4
     1
    A 1 8  4 2  0 -1 -1 4
     -4+4*t+4*mh^2
    A 1 8  4 2  0 -2 0 4
     5-5*t-4*mh^2
    A 1 8  4 1  0 0 -1 4
     -4+8*t-4*mh^4+8*mh^2-4*t^2-8*t*mh^2
    A 1 8  4 1  0 -1 0 4
     8-16*t+4*mh^4-12*mh^2+8*t^2+12*t*mh^2
    A 1 8  4 0  0 0 0 4
     4-4*t*mh^4-8*t^2*mh^2-12*t+4*mh^4-4*t^3-8*mh^2+12*t^2+16*t*mh^2
    A 1 8  3 2  0 -1 -1 3
     -2/3*(-1+t-5*s)*s^(-1)
    A 1 8  3 2  0 -2 0 3
     2/3*(-1+t-6*s)*s^(-1)
    A 1 8  3 1  0 0 -1 3
     -4/3*s^(-1)*(-1+2*t+5*s*mh^2+5*t*s+mh^2-t^2-5*s-t*mh^2)
    A 1 8  3 1  0 -1 0 3
     2/3*(-3+6*t+14*s*mh^2+19*t*s+2*mh^2-3*t^2-19*s-2*t*mh^2)*s^(-1)
    A 1 8  3 0  0 0 0 3
     4/3*(-1+t^2*mh^2+3*t+9*s*mh^2+14*t*s-9*t*s*mh^2+t^3-2*s*mh^4+mh^2-3*t^2-7*s-7*t^2*s-2*t*mh^2)*s^(-1)
    A 1 8  2 1  0 0 -1 2
     4/3*(-1+t-2*s)*s^(-1)
    A 1 8  2 1  0 -1 0 2
     -2/3*(-3+3*t-7*s)*s^(-1)
    A 1 8  2 0  0 0 0 2
     -4/3*(-2+4*t+3*s*mh^2+5*t*s+mh^2-2*t^2-5*s-t*mh^2)*s^(-1)
    A 1 8  1 0  0 0 0 1
     4/3*(-1+t-s)*s^(-1)
;
  B 2 3  5 4  1 4 0 -4
   1
    B 2 3  5 4  2 3 0 -4
     1/3
    B 2 3  5 3  1 4 0 -3
     1-t-mh^2
    B 2 3  5 3  2 3 0 -3
     -1/3*mh^2
    B 2 3  4 3  1 3 0 -3
     -4/3
    B 2 3  4 2  1 3 0 -2
     -2+mh^2
    A 1 8  4 3  0 -3 0 4
     1
    A 1 8  4 2  0 -2 0 4
     6-6*t-6*mh^2
    A 1 8  4 1  0 -1 0 4
     12-24*t+12*mh^4-24*mh^2+12*t^2+24*t*mh^2
    A 1 8  4 0  0 0 0 4
     8-24*t*mh^4-24*t^2*mh^2-24*t+24*mh^4-8*mh^6-8*t^3-24*mh^2+24*t^2+48*t*mh^2
    A 1 8  3 2  0 -2 0 3
     -5
    A 1 8  3 1  0 -1 0 3
     -20+20*t+20*mh^2
    A 1 8  3 0  0 0 0 3
     -20+40*t-20*mh^4+40*mh^2-20*t^2-40*t*mh^2
    A 1 8  2 1  0 -1 0 2
     8
    A 1 8  2 0  0 0 0 2
     16-16*t-16*mh^2
    A 1 8  1 0  0 0 0 1
     -4
;
  B 2 3  5 4  1 4 0 -4
   1
    B 2 3  5 4  1 4 -1 -3
     (-1+t)*s^(-1)
    B 2 3  5 3  1 4 0 -3
     1-t-mh^2
    B 2 3  4 3  1 3 0 -3
     -(-2+2*t+s)*s^(-1)
    B 2 3  4 3  1 3 -1 -2
     2*s^(-1)
    B 2 3  4 2  1 3 0 -2
     (s*mh^2-mh^2-2*s+t*mh^2)*s^(-1)
    B 2 3  3 2  1 2 0 -2
     -2*s^(-1)
    A 1 8  4 3  0 -3 0 4
     1
    A 1 8  4 2  0 -2 0 4
     6-6*t-6*mh^2
    A 1 8  4 1  0 -1 0 4
     12-24*t+12*mh^4-24*mh^2+12*t^2+24*t*mh^2
    A 1 8  4 0  0 0 0 4
     8-24*t*mh^4-24*t^2*mh^2-24*t+24*mh^4-8*mh^6-8*t^3-24*mh^2+24*t^2+48*t*mh^2
    A 1 8  3 2  0 -2 0 3
     (-1+t-5*s)*s^(-1)
    A 1 8  3 1  0 -1 0 3
     4*s^(-1)*(-1+2*t+5*s*mh^2+5*t*s+mh^2-t^2-5*s-t*mh^2)
    A 1 8  3 0  0 0 0 3
     4*(-1+t*mh^4+2*t^2*mh^2+3*t+10*s*mh^2+10*t*s-mh^4-10*t*s*mh^2+t^3-5*s*mh^4+2*mh^2-3*t^2-5*s-5*t^2*s-4*t*mh^2)*s^(-1)
    A 1 8  2 1  0 -1 0 2
     -4*(-1+t-2*s)*s^(-1)
    A 1 8  2 0  0 0 0 2
     -8*(-1+2*t+2*s*mh^2+2*t*s+mh^2-t^2-2*s-t*mh^2)*s^(-1)
    A 1 8  1 0  0 0 0 1
     4*(-1+t-s)*s^(-1)
;
