  A 1 1  1 1  1 -1 0 0
   1
;
  A 1 1  1 1  1 0 -1 0
   1
    A 1 1  1 0  1 0 0 0
     -s
;
  A 1 1  1 1  1 0 0 -1
   1
    A 1 1  1 0  1 0 0 0
     -2+mh^2
;
  A 1 1  1 2  1 -2 0 0
   1
;
  A 1 1  1 2  1 -1 -1 0
   1
    A 1 1  1 0  1 0 0 0
     -2*s*d^(-1)
;
  A 1 1  1 2  1 -1 0 -1
   1
    A 1 1  1 0  1 0 0 0
     2*d^(-1)*(-1+t)
;
  A 1 1  1 2  1 0 -2 0
   1
    A 1 1  1 0  1 0 0 0
     -(4*s+s^2*d)*d^(-1)
;
  A 1 1  1 2  1 0 -1 -1
   1
    A 1 1  1 0  1 0 0 0
     -(2*s*d+2*s-s*d*mh^2)*d^(-1)
;
  A 1 1  1 2  1 0 0 -2
   1
    A 1 1  1 0  1 0 0 0
     d^(-1)*(-4+4*d*mh^2-4*d-d*mh^4)
;
  A 1 1  1 3  1 -3 0 0
   1
;
  A 1 1  1 3  1 -2 -1 0
   1
;
  A 1 1  1 3  1 -2 0 -1
   1
;
  A 1 1  1 3  1 -1 -2 0
   1
    A 1 1  1 0  1 0 0 0
     -4*s^2*d^(-1)
;
  A 1 1  1 3  1 -1 -1 -1
   1
    A 1 1  1 0  1 0 0 0
     2*s*(-3+t+mh^2)*d^(-1)
;
  A 1 1  1 3  1 -1 0 -2
   1
    A 1 1  1 0  1 0 0 0
     -4*(2+t*mh^2-2*t-mh^2)*d^(-1)
;
  A 1 1  1 3  1 0 -3 0
   1
    A 1 1  1 0  1 0 0 0
     -d^(-1)*(12*s^2+s^3*d)
;
  A 1 1  1 3  1 0 -2 -1
   1
    A 1 1  1 0  1 0 0 0
     (s^2*d*mh^2-4*s^2-8*s+4*s*mh^2-2*s^2*d)*d^(-1)
;
  A 1 1  1 3  1 0 -1 -2
   1
    A 1 1  1 0  1 0 0 0
     -(4*s*d+s*d*mh^4+12*s-4*s*d*mh^2-4*s*mh^2)*d^(-1)
;
  A 1 1  1 3  1 0 0 -3
   1
    A 1 1  1 0  1 0 0 0
     (-24+12*d*mh^2-8*d+d*mh^6+12*mh^2-6*d*mh^4)*d^(-1)
;
  A 1 1  2 0  2 0 0 0
   1
    A 1 1  1 0  1 0 0 0
     1-1/2*d
;
  A 1 1  2 1  2 -1 0 0
   1
    A 1 1  1 0  1 0 0 0
     -1
;
  A 1 1  2 1  2 0 -1 0
   1
    A 1 1  1 0  1 0 0 0
     -1-1/2*s*d+s
;
  A 1 1  2 1  2 0 0 -1
   1
    A 1 1  1 0  1 0 0 0
     1+1/2*d*mh^2-d-mh^2
;
  A 1 1  2 2  2 -2 0 0
   1
;
  A 1 1  2 2  2 -1 -1 0
   1
    A 1 1  1 0  1 0 0 0
     -2*s
;
  A 1 1  2 2  2 -1 0 -1
   1
    A 1 1  1 0  1 0 0 0
     -3+t+mh^2
;
  A 1 1  2 2  2 0 -2 0
   1
    A 1 1  1 0  1 0 0 0
     s^2-4*s-1/2*s^2*d
;
  A 1 1  2 2  2 0 -1 -1
   1
    A 1 1  1 0  1 0 0 0
     -2-s*d+1/2*s*d*mh^2-s*mh^2+mh^2
;
  A 1 1  2 2  2 0 0 -2
   1
    A 1 1  1 0  1 0 0 0
     -2+mh^4+2*d*mh^2-2*d-2*mh^2-1/2*d*mh^4
;
  A 1 1  2 3  2 -3 0 0
   1
;
  A 1 1  2 3  2 -2 -1 0
   1
    A 1 1  1 0  1 0 0 0
     -4*s*d^(-1)
;
  A 1 1  2 3  2 -2 0 -1
   1
    A 1 1  1 0  1 0 0 0
     4*d^(-1)*(-1+t)
;
  A 1 1  2 3  2 -1 -2 0
   1
    A 1 1  1 0  1 0 0 0
     -(8*s+3*s^2*d)*d^(-1)
;
  A 1 1  2 3  2 -1 -1 -1
   1
    A 1 1  1 0  1 0 0 0
     -(2+5*s*d-2*t+4*s-2*s*d*mh^2-t*s*d)*d^(-1)
;
  A 1 1  2 3  2 -1 0 -2
   1
    A 1 1  1 0  1 0 0 0
     (-8+4*t+6*d*mh^2-2*t*d*mh^2+4*t*d-8*d-d*mh^4)*d^(-1)
;
  A 1 1  2 3  2 0 -3 0
   1
    A 1 1  1 0  1 0 0 0
     -1/2*(24*s-2*s^3*d+18*s^2*d+s^3*d^2)*d^(-1)
;
  A 1 1  2 3  2 0 -2 -1
   1
    A 1 1  1 0  1 0 0 0
     -1/2*(16*s*d+2*s^2*d*mh^2+16*s-8*s*d*mh^2+2*s^2*d^2-s^2*d^2*mh^2+2*s^2*d)*d^(-1)
;
  A 1 1  2 3  2 0 -1 -2
   1
    A 1 1  1 0  1 0 0 0
     -1/2*(8+12*s*d-8*d*mh^2-2*s*d*mh^4+4*s*d^2-4*s*d^2*mh^2+8*s+s*d^2*mh^4+8*d+2*d*mh^4)*d^(-1)
;
  A 1 1  2 3  2 0 0 -3
   1
    A 1 1  1 0  1 0 0 0
     -1/2*d^(-1)*(24+6*d^2*mh^4-d^2*mh^6+8*d^2-12*d*mh^2+32*d+2*d*mh^6-12*d^2*mh^2-6*d*mh^4)
;
  A 1 1  2 4  2 -4 0 0
   1
    A 1 1  1 3  1 -3 0 0
     -4
;
  A 1 1  2 4  2 -3 -1 0
   1
    A 1 1  1 3  1 -2 -1 0
     -3
    A 1 1  1 3  1 -3 0 0
     -1
    A 1 1  1 2  1 -2 0 0
     -s
;
  A 1 1  2 4  2 -3 -1 0
   1
    A 1 1  2 4  2 -4 0 0
     -1
    A 1 1  2 3  2 -3 0 0
     -s
    A 1 1  1 3  1 -2 -1 0
     -3
    A 1 1  1 3  1 -3 0 0
     3
;
  A 1 1  2 4  2 -3 0 -1
   1
    A 1 1  1 3  1 -2 0 -1
     -3
    A 1 1  1 3  1 -3 0 0
     -1
    A 1 1  1 2  1 -2 0 0
     -1+t
;
  A 1 1  2 4  2 -3 0 -1
   1
    A 1 1  2 3  2 -3 0 0
     -2+mh^2
    A 1 1  1 3  1 -2 0 -1
     -3
    A 1 1  1 3  1 -3 0 0
     -1
    A 1 1  1 2  1 -2 0 0
     3+3*t-3*mh^2
;
  A 1 1  2 4  2 -2 -2 0
   1
    A 1 1  1 3  1 -1 -2 0
     -2
    A 1 1  1 3  1 -2 -1 0
     -2
    A 1 1  1 2  1 -1 -1 0
     -2*s
;
  A 1 1  2 4  2 -2 -2 0
   1
    A 1 1  2 4  2 -3 -1 0
     -1
    A 1 1  2 3  2 -2 -1 0
     -s
    A 1 1  1 3  1 -1 -2 0
     -2
    A 1 1  1 3  1 -2 -1 0
     1
    A 1 1  1 3  1 -3 0 0
     1
;
  A 1 1  2 4  2 -2 -1 -1
   1
    A 1 1  1 3  1 -1 -1 -1
     -2
    A 1 1  1 3  1 -2 0 -1
     -1
    A 1 1  1 3  1 -2 -1 0
     -1
    A 1 1  1 2  1 -1 0 -1
     -s
    A 1 1  1 2  1 -1 -1 0
     -1+t
;
  A 1 1  2 4  2 -2 -1 -1
   1
    A 1 1  2 3  2 -2 -1 0
     -2+mh^2
    A 1 1  1 3  1 -1 -1 -1
     -2
    A 1 1  1 3  1 -2 0 -1
     -1
    A 1 1  1 3  1 -2 -1 0
     -1
    A 1 1  1 2  1 -1 -1 0
     2+2*t-2*mh^2
    A 1 1  1 2  1 -2 0 0
     2-s-mh^2
;
  A 1 1  2 4  2 -2 -1 -1
   1
    A 1 1  2 4  2 -3 0 -1
     -1
    A 1 1  2 3  2 -2 0 -1
     -s
    A 1 1  1 3  1 -1 -1 -1
     -2
    A 1 1  1 3  1 -2 0 -1
     2
    A 1 1  1 3  1 -2 -1 0
     -1
    A 1 1  1 3  1 -3 0 0
     1
    A 1 1  1 2  1 -2 0 0
     1-t
;
  A 1 1  2 4  2 -2 0 -2
   1
    A 1 1  1 3  1 -1 0 -2
     -2
    A 1 1  1 3  1 -2 0 -1
     -2
    A 1 1  1 2  1 -1 0 -1
     -2+2*t
;
  A 1 1  2 4  2 -2 0 -2
   1
    A 1 1  2 3  2 -2 0 -1
     -2+mh^2
    A 1 1  1 3  1 -1 0 -2
     -2
    A 1 1  1 3  1 -2 0 -1
     -2
    A 1 1  1 2  1 -1 0 -1
     2+2*t-2*mh^2
    A 1 1  1 2  1 -2 0 0
     -mh^2
;
  A 1 1  2 4  2 -1 -3 0
   1
    A 1 1  1 3  1 0 -3 0
     -1
    A 1 1  1 3  1 -1 -2 0
     -3
    A 1 1  1 2  1 0 -2 0
     -3*s
;
  A 1 1  2 4  2 -1 -3 0
   1
    A 1 1  2 4  2 -2 -2 0
     -1
    A 1 1  2 3  2 -1 -2 0
     -s
    A 1 1  1 3  1 0 -3 0
     -1
    A 1 1  1 3  1 -1 -2 0
     -1
    A 1 1  1 3  1 -2 -1 0
     2
;
  A 1 1  2 4  2 -1 -2 -1
   1
    A 1 1  1 3  1 0 -2 -1
     -1
    A 1 1  1 3  1 -1 -1 -1
     -2
    A 1 1  1 3  1 -1 -2 0
     -1
    A 1 1  1 2  1 0 -1 -1
     -2*s
    A 1 1  1 2  1 0 -2 0
     -1+t
;
  A 1 1  2 4  2 -1 -2 -1
   1
    A 1 1  2 3  2 -1 -2 0
     -2+mh^2
    A 1 1  1 3  1 0 -2 -1
     -1
    A 1 1  1 3  1 -1 -1 -1
     -2
    A 1 1  1 3  1 -1 -2 0
     -1
    A 1 1  1 2  1 0 -2 0
     1+t-mh^2
    A 1 1  1 2  1 -1 -1 0
     4-2*s-2*mh^2
;
  A 1 1  2 4  2 -1 -2 -1
   1
    A 1 1  2 4  2 -2 -1 -1
     -1
    A 1 1  2 3  2 -1 -1 -1
     -s
    A 1 1  1 3  1 0 -2 -1
     -1
    A 1 1  1 3  1 -1 -2 0
     -1
    A 1 1  1 3  1 -2 0 -1
     1
    A 1 1  1 3  1 -2 -1 0
     1
    A 1 1  1 2  1 -1 -1 0
     1-t
;
  A 1 1  2 4  2 -1 -1 -2
   1
    A 1 1  1 3  1 0 -1 -2
     -1
    A 1 1  1 3  1 -1 0 -2
     -1
    A 1 1  1 3  1 -1 -1 -1
     -2
    A 1 1  1 2  1 0 0 -2
     -s
    A 1 1  1 2  1 0 -1 -1
     -2+2*t
;
  A 1 1  2 4  2 -1 -1 -2
   1
    A 1 1  2 3  2 -1 -1 -1
     -2+mh^2
    A 1 1  1 3  1 0 -1 -2
     -1
    A 1 1  1 3  1 -1 0 -2
     -1
    A 1 1  1 3  1 -1 -1 -1
     -2
    A 1 1  1 2  1 0 -1 -1
     1+t-mh^2
    A 1 1  1 2  1 -1 0 -1
     2-s-mh^2
    A 1 1  1 2  1 -1 -1 0
     -mh^2
;
  A 1 1  2 4  2 -1 -1 -2
   1
    A 1 1  2 4  2 -2 0 -2
     -1
    A 1 1  2 3  2 -1 0 -2
     -s
    A 1 1  1 3  1 0 -1 -2
     -1
    A 1 1  1 3  1 -1 0 -2
     1
    A 1 1  1 3  1 -1 -1 -1
     -2
    A 1 1  1 3  1 -2 0 -1
     2
    A 1 1  1 2  1 -1 0 -1
     2-2*t
;
  A 1 1  2 4  2 -1 0 -3
   1
    A 1 1  1 3  1 0 0 -3
     -1
    A 1 1  1 3  1 -1 0 -2
     -3
    A 1 1  1 2  1 0 0 -2
     -3+3*t
;
  A 1 1  2 4  2 -1 0 -3
   1
    A 1 1  2 3  2 -1 0 -2
     -2+mh^2
    A 1 1  1 3  1 0 0 -3
     -1
    A 1 1  1 3  1 -1 0 -2
     -3
    A 1 1  1 2  1 0 0 -2
     1+t-mh^2
    A 1 1  1 2  1 -1 0 -1
     -2*mh^2
;
  A 1 1  2 4  2 0 -4 0
   1
    A 1 1  2 4  2 -1 -3 0
     -1
    A 1 1  2 3  2 0 -3 0
     -s
    A 1 1  1 3  1 0 -3 0
     -3
    A 1 1  1 3  1 -1 -2 0
     3
;
  A 1 1  2 4  2 0 -3 -1
   1
    A 1 1  2 3  2 0 -3 0
     -2+mh^2
    A 1 1  1 3  1 0 -2 -1
     -3
    A 1 1  1 3  1 0 -3 0
     -1
    A 1 1  1 2  1 0 -2 0
     6-3*s-3*mh^2
;
  A 1 1  2 4  2 0 -3 -1
   1
    A 1 1  2 4  2 -1 -2 -1
     -1
    A 1 1  2 3  2 0 -2 -1
     -s
    A 1 1  1 3  1 0 -2 -1
     -2
    A 1 1  1 3  1 0 -3 0
     -1
    A 1 1  1 3  1 -1 -1 -1
     2
    A 1 1  1 3  1 -1 -2 0
     1
    A 1 1  1 2  1 0 -2 0
     1-t
;
  A 1 1  2 4  2 0 -2 -2
   1
    A 1 1  2 3  2 0 -2 -1
     -2+mh^2
    A 1 1  1 3  1 0 -1 -2
     -2
    A 1 1  1 3  1 0 -2 -1
     -2
    A 1 1  1 2  1 0 -1 -1
     4-2*s-2*mh^2
    A 1 1  1 2  1 0 -2 0
     -mh^2
;
  A 1 1  2 4  2 0 -2 -2
   1
    A 1 1  2 4  2 -1 -1 -2
     -1
    A 1 1  2 3  2 0 -1 -2
     -s
    A 1 1  1 3  1 0 -1 -2
     -1
    A 1 1  1 3  1 0 -2 -1
     -2
    A 1 1  1 3  1 -1 0 -2
     1
    A 1 1  1 3  1 -1 -1 -1
     2
    A 1 1  1 2  1 0 -1 -1
     2-2*t
;
  A 1 1  2 4  2 0 -1 -3
   1
    A 1 1  2 3  2 0 -1 -2
     -2+mh^2
    A 1 1  1 3  1 0 0 -3
     -1
    A 1 1  1 3  1 0 -1 -2
     -3
    A 1 1  1 2  1 0 0 -2
     2-s-mh^2
    A 1 1  1 2  1 0 -1 -1
     -2*mh^2
;
  A 1 1  2 4  2 0 -1 -3
   1
    A 1 1  2 4  2 -1 0 -3
     -1
    A 1 1  2 3  2 0 0 -3
     -s
    A 1 1  1 3  1 0 -1 -2
     -3
    A 1 1  1 3  1 -1 0 -2
     3
    A 1 1  1 2  1 0 0 -2
     3-3*t
;
  A 1 1  2 4  2 0 0 -4
   1
    A 1 1  2 3  2 0 0 -3
     -2+mh^2
    A 1 1  1 3  1 0 0 -3
     -4
    A 1 1  1 2  1 0 0 -2
     -3*mh^2
;
  A 1 1  3 0  3 0 0 0
   1
    A 1 1  1 0  1 0 0 0
     -1/8*(-2+d)*(-4+d)
;
  A 1 1  3 1  3 -1 0 0
   1
    A 1 1  1 0  1 0 0 0
     1-1/2*d
;
  A 1 1  3 1  3 0 -1 0
   1
    A 1 1  1 0  1 0 0 0
     1+3/4*s*d-1/8*s*d^2-s-1/2*d
;
  A 1 1  3 1  3 0 0 -1
   1
    A 1 1  1 0  1 0 0 0
     -1-1/4*d^2-3/4*d*mh^2+d+mh^2+1/8*d^2*mh^2
;
  A 1 1  3 2  3 -2 0 0
   1
    A 1 1  1 0  1 0 0 0
     -1
;
  A 1 1  3 2  3 -1 -1 0
   1
    A 1 1  1 0  1 0 0 0
     -1-3/4*s*d+3/2*s
;
  A 1 1  3 2  3 -1 0 -1
   1
    A 1 1  1 0  1 0 0 0
     3/2-1/2*t+1/2*d*mh^2+1/4*t*d-5/4*d-mh^2
;
  A 1 1  3 2  3 0 -2 0
   1
    A 1 1  1 0  1 0 0 0
     -1-3/2*s*d-s^2+3*s-1/8*s^2*d^2+3/4*s^2*d
;
  A 1 1  3 2  3 0 -1 -1
   1
    A 1 1  1 0  1 0 0 0
     1+3/4*s*d+1/2*d*mh^2-1/4*s*d^2+1/8*s*d^2*mh^2-1/2*s-3/4*s*d*mh^2+s*mh^2-d-mh^2
;
  A 1 1  3 2  3 0 0 -2
   1
    A 1 1  1 0  1 0 0 0
     -1/8*d^2*mh^4-mh^4-1/2*d^2-2*d*mh^2+1/2*d+2*mh^2+1/2*d^2*mh^2+3/4*d*mh^4
;
  A 1 1  3 3  3 -3 0 0
   1
;
  A 1 1  3 3  3 -2 -1 0
   1
    A 1 1  1 0  1 0 0 0
     -3*s
;
  A 1 1  3 3  3 -2 0 -1
   1
    A 1 1  1 0  1 0 0 0
     -4+2*t+mh^2
;
  A 1 1  3 3  3 -1 -2 0
   1
    A 1 1  1 0  1 0 0 0
     2*s^2-6*s-s^2*d
;
  A 1 1  3 3  3 -1 -1 -1
   1
    A 1 1  1 0  1 0 0 0
     -3-7/4*s*d+t+1/2*s+3/4*s*d*mh^2+1/4*t*s*d-3/2*s*mh^2+mh^2-1/2*t*s
;
  A 1 1  3 3  3 -1 0 -2
   1
    A 1 1  1 0  1 0 0 0
     -2+mh^4+t*mh^2+5/2*d*mh^2-1/2*t*d*mh^2+t*d-3*d-3*mh^2-1/2*d*mh^4
;
  A 1 1  3 3  3 0 -3 0
   1
    A 1 1  1 0  1 0 0 0
     -s^3+6*s^2-9*s+3/4*s^3*d-3*s^2*d-1/8*s^3*d^2
;
  A 1 1  3 3  3 0 -2 -1
   1
    A 1 1  1 0  1 0 0 0
     -2-3*s*d+s^2*mh^2-3/4*s^2*d*mh^2+3/2*s*d*mh^2-3*s*mh^2-1/4*s^2*d^2+1/8*s^2*d^2*mh^2+mh^2+1/2*s^2*d
;
  A 1 1  3 3  3 0 -1 -2
   1
    A 1 1  1 0  1 0 0 0
     -2+mh^4-1/2*s*d+2*d*mh^2+3/4*s*d*mh^4-1/2*s*d^2+1/2*s*d^2*mh^2-s*mh^4-3/2*s*d*mh^2-1/8*s*d^2*mh^4+s*mh^2-2*d-2*mh^2-1/2*d*mh^4
;
  A 1 1  3 3  3 0 0 -3
   1
    A 1 1  1 0  1 0 0 0
     -2-3/4*d^2*mh^4-3*mh^4+1/8*d^2*mh^6-d^2+mh^6-3/2*d*mh^2-3*d-3/4*d*mh^6+3/2*d^2*mh^2+3*d*mh^4
;
  A 1 1  3 4  3 -4 0 0
   1
    A 1 1  2 3  2 -3 0 0
     -5/2
    A 1 1  1 2  1 -2 0 0
     3/2
;
  A 1 1  3 4  3 -3 -1 0
   1
    A 1 1  2 3  2 -2 -1 0
     -2
    A 1 1  2 3  2 -3 0 0
     -1/2
    A 1 1  2 2  2 -2 0 0
     -1/2*s
    A 1 1  1 2  1 -1 -1 0
     1
    A 1 1  1 2  1 -2 0 0
     1/2
;
  A 1 1  3 4  3 -3 -1 0
   1
    A 1 1  3 4  3 -4 0 0
     -1
    A 1 1  3 3  3 -3 0 0
     -s
    A 1 1  2 3  2 -2 -1 0
     -3/2
    A 1 1  2 3  2 -3 0 0
     3/2
;
  A 1 1  3 4  3 -3 0 -1
   1
    A 1 1  2 3  2 -2 0 -1
     -2
    A 1 1  2 3  2 -3 0 0
     -1/2
    A 1 1  2 2  2 -2 0 0
     -1/2+1/2*t
    A 1 1  1 2  1 -1 0 -1
     1
    A 1 1  1 2  1 -2 0 0
     1/2
;
  A 1 1  3 4  3 -3 0 -1
   1
    A 1 1  3 3  3 -3 0 0
     -2+mh^2
    A 1 1  2 3  2 -2 0 -1
     -3/2
    A 1 1  2 3  2 -3 0 0
     -1
    A 1 1  2 2  2 -2 0 0
     3/2+3/2*t-3/2*mh^2
    A 1 1  1 2  1 -2 0 0
     3/2
;
  A 1 1  3 4  3 -2 -2 0
   1
    A 1 1  2 3  2 -1 -2 0
     -3/2
    A 1 1  2 3  2 -2 -1 0
     -1
    A 1 1  2 2  2 -1 -1 0
     -s
    A 1 1  1 2  1 0 -2 0
     1/2
    A 1 1  1 2  1 -1 -1 0
     1
;
  A 1 1  3 4  3 -2 -2 0
   1
    A 1 1  3 4  3 -3 -1 0
     -1
    A 1 1  3 3  3 -2 -1 0
     -s
    A 1 1  2 3  2 -1 -2 0
     -1
    A 1 1  2 3  2 -2 -1 0
     1/2
    A 1 1  2 3  2 -3 0 0
     1/2
;
  A 1 1  3 4  3 -2 -1 -1
   1
    A 1 1  2 3  2 -1 -1 -1
     -3/2
    A 1 1  2 3  2 -2 0 -1
     -1/2
    A 1 1  2 3  2 -2 -1 0
     -1/2
    A 1 1  2 2  2 -1 0 -1
     -1/2*s
    A 1 1  2 2  2 -1 -1 0
     -1/2+1/2*t
    A 1 1  1 2  1 0 -1 -1
     1/2
    A 1 1  1 2  1 -1 0 -1
     1/2
    A 1 1  1 2  1 -1 -1 0
     1/2
;
  A 1 1  3 4  3 -2 -1 -1
   1
    A 1 1  3 3  3 -2 -1 0
     -2+mh^2
    A 1 1  2 3  2 -1 -1 -1
     -1
    A 1 1  2 3  2 -2 0 -1
     -1/2
    A 1 1  2 3  2 -2 -1 0
     -1
    A 1 1  2 2  2 -1 -1 0
     1+t-mh^2
    A 1 1  2 2  2 -2 0 0
     1-1/2*s-1/2*mh^2
    A 1 1  1 2  1 -1 -1 0
     1
    A 1 1  1 2  1 -2 0 0
     1/2
;
  A 1 1  3 4  3 -2 -1 -1
   1
    A 1 1  3 4  3 -3 0 -1
     -1
    A 1 1  3 3  3 -2 0 -1
     -s
    A 1 1  2 3  2 -1 -1 -1
     -1
    A 1 1  2 3  2 -2 0 -1
     1
    A 1 1  2 3  2 -2 -1 0
     -1/2
    A 1 1  2 3  2 -3 0 0
     1/2
    A 1 1  2 2  2 -2 0 0
     1/2-1/2*t
;
  A 1 1  3 4  3 -2 0 -2
   1
    A 1 1  2 3  2 -1 0 -2
     -3/2
    A 1 1  2 3  2 -2 0 -1
     -1
    A 1 1  2 2  2 -1 0 -1
     -1+t
    A 1 1  1 2  1 0 0 -2
     1/2
    A 1 1  1 2  1 -1 0 -1
     1
;
  A 1 1  3 4  3 -2 0 -2
   1
    A 1 1  3 3  3 -2 0 -1
     -2+mh^2
    A 1 1  2 3  2 -1 0 -2
     -1
    A 1 1  2 3  2 -2 0 -1
     -3/2
    A 1 1  2 2  2 -1 0 -1
     1+t-mh^2
    A 1 1  2 2  2 -2 0 0
     -1/2*mh^2
    A 1 1  1 2  1 -1 0 -1
     1
    A 1 1  1 2  1 -2 0 0
     1/2
;
  A 1 1  3 4  3 -1 -3 0
   1
    A 1 1  2 3  2 0 -3 0
     -1
    A 1 1  2 3  2 -1 -2 0
     -3/2
    A 1 1  2 2  2 0 -2 0
     -3/2*s
    A 1 1  1 2  1 0 -2 0
     3/2
;
  A 1 1  3 4  3 -1 -3 0
   1
    A 1 1  3 4  3 -2 -2 0
     -1
    A 1 1  3 3  3 -1 -2 0
     -s
    A 1 1  2 3  2 0 -3 0
     -1/2
    A 1 1  2 3  2 -1 -2 0
     -1/2
    A 1 1  2 3  2 -2 -1 0
     1
;
  A 1 1  3 4  3 -1 -2 -1
   1
    A 1 1  2 3  2 0 -2 -1
     -1
    A 1 1  2 3  2 -1 -1 -1
     -1
    A 1 1  2 3  2 -1 -2 0
     -1/2
    A 1 1  2 2  2 0 -1 -1
     -s
    A 1 1  2 2  2 0 -2 0
     -1/2+1/2*t
    A 1 1  1 2  1 0 -1 -1
     1
    A 1 1  1 2  1 0 -2 0
     1/2
;
  A 1 1  3 4  3 -1 -2 -1
   1
    A 1 1  3 3  3 -1 -2 0
     -2+mh^2
    A 1 1  2 3  2 0 -2 -1
     -1/2
    A 1 1  2 3  2 -1 -1 -1
     -1
    A 1 1  2 3  2 -1 -2 0
     -1
    A 1 1  2 2  2 0 -2 0
     1/2+1/2*t-1/2*mh^2
    A 1 1  2 2  2 -1 -1 0
     2-s-mh^2
    A 1 1  1 2  1 0 -2 0
     1/2
    A 1 1  1 2  1 -1 -1 0
     1
;
  A 1 1  3 4  3 -1 -2 -1
   1
    A 1 1  3 4  3 -2 -1 -1
     -1
    A 1 1  3 3  3 -1 -1 -1
     -s
    A 1 1  2 3  2 0 -2 -1
     -1/2
    A 1 1  2 3  2 -1 -2 0
     -1/2
    A 1 1  2 3  2 -2 0 -1
     1/2
    A 1 1  2 3  2 -2 -1 0
     1/2
    A 1 1  2 2  2 -1 -1 0
     1/2-1/2*t
;
  A 1 1  3 4  3 -1 -1 -2
   1
    A 1 1  2 3  2 0 -1 -2
     -1
    A 1 1  2 3  2 -1 0 -2
     -1/2
    A 1 1  2 3  2 -1 -1 -1
     -1
    A 1 1  2 2  2 0 0 -2
     -1/2*s
    A 1 1  2 2  2 0 -1 -1
     -1+t
    A 1 1  1 2  1 0 0 -2
     1/2
    A 1 1  1 2  1 0 -1 -1
     1
;
  A 1 1  3 4  3 -1 -1 -2
   1
    A 1 1  3 3  3 -1 -1 -1
     -2+mh^2
    A 1 1  2 3  2 0 -1 -2
     -1/2
    A 1 1  2 3  2 -1 0 -2
     -1/2
    A 1 1  2 3  2 -1 -1 -1
     -3/2
    A 1 1  2 2  2 0 -1 -1
     1/2+1/2*t-1/2*mh^2
    A 1 1  2 2  2 -1 0 -1
     1-1/2*s-1/2*mh^2
    A 1 1  2 2  2 -1 -1 0
     -1/2*mh^2
    A 1 1  1 2  1 0 -1 -1
     1/2
    A 1 1  1 2  1 -1 0 -1
     1/2
    A 1 1  1 2  1 -1 -1 0
     1/2
;
  A 1 1  3 4  3 -1 -1 -2
   1
    A 1 1  3 4  3 -2 0 -2
     -1
    A 1 1  3 3  3 -1 0 -2
     -s
    A 1 1  2 3  2 0 -1 -2
     -1/2
    A 1 1  2 3  2 -1 0 -2
     1/2
    A 1 1  2 3  2 -1 -1 -1
     -1
    A 1 1  2 3  2 -2 0 -1
     1
    A 1 1  2 2  2 -1 0 -1
     1-t
;
  A 1 1  3 4  3 -1 0 -3
   1
    A 1 1  2 3  2 0 0 -3
     -1
    A 1 1  2 3  2 -1 0 -2
     -3/2
    A 1 1  2 2  2 0 0 -2
     -3/2+3/2*t
    A 1 1  1 2  1 0 0 -2
     3/2
;
  A 1 1  3 4  3 -1 0 -3
   1
    A 1 1  3 3  3 -1 0 -2
     -2+mh^2
    A 1 1  2 3  2 0 0 -3
     -1/2
    A 1 1  2 3  2 -1 0 -2
     -2
    A 1 1  2 2  2 0 0 -2
     1/2+1/2*t-1/2*mh^2
    A 1 1  2 2  2 -1 0 -1
     -mh^2
    A 1 1  1 2  1 0 0 -2
     1/2
    A 1 1  1 2  1 -1 0 -1
     1
;
  A 1 1  3 4  3 0 -4 0
   1
    A 1 1  3 4  3 -1 -3 0
     -1
    A 1 1  3 3  3 0 -3 0
     -s
    A 1 1  2 3  2 0 -3 0
     -3/2
    A 1 1  2 3  2 -1 -2 0
     3/2
;
  A 1 1  3 4  3 0 -3 -1
   1
    A 1 1  3 3  3 0 -3 0
     -2+mh^2
    A 1 1  2 3  2 0 -2 -1
     -3/2
    A 1 1  2 3  2 0 -3 0
     -1
    A 1 1  2 2  2 0 -2 0
     3-3/2*s-3/2*mh^2
    A 1 1  1 2  1 0 -2 0
     3/2
;
  A 1 1  3 4  3 0 -3 -1
   1
    A 1 1  3 4  3 -1 -2 -1
     -1
    A 1 1  3 3  3 0 -2 -1
     -s
    A 1 1  2 3  2 0 -2 -1
     -1
    A 1 1  2 3  2 0 -3 0
     -1/2
    A 1 1  2 3  2 -1 -1 -1
     1
    A 1 1  2 3  2 -1 -2 0
     1/2
    A 1 1  2 2  2 0 -2 0
     1/2-1/2*t
;
  A 1 1  3 4  3 0 -2 -2
   1
    A 1 1  3 3  3 0 -2 -1
     -2+mh^2
    A 1 1  2 3  2 0 -1 -2
     -1
    A 1 1  2 3  2 0 -2 -1
     -3/2
    A 1 1  2 2  2 0 -1 -1
     2-s-mh^2
    A 1 1  2 2  2 0 -2 0
     -1/2*mh^2
    A 1 1  1 2  1 0 -1 -1
     1
    A 1 1  1 2  1 0 -2 0
     1/2
;
  A 1 1  3 4  3 0 -2 -2
   1
    A 1 1  3 4  3 -1 -1 -2
     -1
    A 1 1  3 3  3 0 -1 -2
     -s
    A 1 1  2 3  2 0 -1 -2
     -1/2
    A 1 1  2 3  2 0 -2 -1
     -1
    A 1 1  2 3  2 -1 0 -2
     1/2
    A 1 1  2 3  2 -1 -1 -1
     1
    A 1 1  2 2  2 0 -1 -1
     1-t
;
  A 1 1  3 4  3 0 -1 -3
   1
    A 1 1  3 3  3 0 -1 -2
     -2+mh^2
    A 1 1  2 3  2 0 0 -3
     -1/2
    A 1 1  2 3  2 0 -1 -2
     -2
    A 1 1  2 2  2 0 0 -2
     1-1/2*s-1/2*mh^2
    A 1 1  2 2  2 0 -1 -1
     -mh^2
    A 1 1  1 2  1 0 0 -2
     1/2
    A 1 1  1 2  1 0 -1 -1
     1
;
  A 1 1  3 4  3 0 -1 -3
   1
    A 1 1  3 4  3 -1 0 -3
     -1
    A 1 1  3 3  3 0 0 -3
     -s
    A 1 1  2 3  2 0 -1 -2
     -3/2
    A 1 1  2 3  2 -1 0 -2
     3/2
    A 1 1  2 2  2 0 0 -2
     3/2-3/2*t
;
  A 1 1  3 4  3 0 0 -4
   1
    A 1 1  3 3  3 0 0 -3
     -2+mh^2
    A 1 1  2 3  2 0 0 -3
     -5/2
    A 1 1  2 2  2 0 0 -2
     -3/2*mh^2
    A 1 1  1 2  1 0 0 -2
     3/2
;
  A 1 1  4 0  4 0 0 0
   1
    A 1 1  1 0  1 0 0 0
     -1/48*(-2+d)*(-6+d)*(-4+d)
;
  A 1 1  4 1  4 -1 0 0
   1
    A 1 1  1 0  1 0 0 0
     -1/8*(-2+d)*(-4+d)
;
  A 1 1  4 1  4 0 -1 0
   1
    A 1 1  1 0  1 0 0 0
     -1-11/12*s*d-1/8*d^2+1/4*s*d^2-1/48*s*d^3+s+3/4*d
;
  A 1 1  4 1  4 0 0 -1
   1
    A 1 1  1 0  1 0 0 0
     1-1/24*d^3+3/8*d^2+11/12*d*mh^2+1/48*d^3*mh^2-13/12*d-mh^2-1/4*d^2*mh^2
;
  A 1 1  4 2  4 -2 0 0
   1
    A 1 1  1 0  1 0 0 0
     1-1/2*d
;
  A 1 1  4 2  4 -1 -1 0
   1
    A 1 1  1 0  1 0 0 0
     1+s*d-1/6*s*d^2-4/3*s-1/2*d
;
  A 1 1  4 2  4 -1 0 -1
   1
    A 1 1  1 0  1 0 0 0
     -4/3+1/3*t-7/24*d^2-3/4*d*mh^2-1/4*t*d+5/4*d+mh^2+1/8*d^2*mh^2+1/24*t*d^2
;
  A 1 1  4 2  4 0 -2 0
   1
    A 1 1  1 0  1 0 0 0
     1+2*s*d-1/3*s*d^2+s^2-1/48*s^2*d^3-8/3*s-1/2*d+1/4*s^2*d^2-11/12*s^2*d
;
  A 1 1  4 2  4 0 -1 -1
   1
    A 1 1  1 0  1 0 0 0
     -1+1/48*s*d^3*mh^2-5/6*s*d-1/4*d^2-3/4*d*mh^2+1/3*s*d^2-1/4*s*d^2*mh^2-1/24*s*d^3+2/3*s+11/12*s*d*mh^2-s*mh^2+d+mh^2+1/8*d^2*mh^2
;
  A 1 1  4 2  4 0 0 -2
   1
    A 1 1  1 0  1 0 0 0
     1/3+1/4*d^2*mh^4+mh^4-1/12*d^3+5/12*d^2+13/6*d*mh^2-1/48*d^3*mh^4+1/12*d^3*mh^2-2/3*d-2*mh^2-3/4*d^2*mh^2-11/12*d*mh^4
;
  A 1 1  4 3  4 -3 0 0
   1
    A 1 1  1 0  1 0 0 0
     -1
;
  A 1 1  4 3  4 -2 -1 0
   1
    A 1 1  1 0  1 0 0 0
     -1-s*d+2*s
;
  A 1 1  4 3  4 -2 0 -1
   1
    A 1 1  1 0  1 0 0 0
     2-t+1/2*d*mh^2+1/2*t*d-3/2*d-mh^2
;
  A 1 1  4 3  4 -1 -2 0
   1
    A 1 1  1 0  1 0 0 0
     -1-2*s*d-5/3*s^2+4*s-5/24*s^2*d^2+5/4*s^2*d
;
  A 1 1  4 3  4 -1 -1 -1
   1
    A 1 1  1 0  1 0 0 0
     3/2+5/4*s*d-1/2*t+1/2*d*mh^2-3/8*s*d^2+1/6*s*d^2*mh^2-s-s*d*mh^2-1/4*t*s*d+1/4*t*d+4/3*s*mh^2-5/4*d-mh^2+1/24*t*s*d^2+1/3*t*s
;
  A 1 1  4 3  4 -1 0 -2
   1
    A 1 1  1 0  1 0 0 0
     -1/3-1/8*d^2*mh^4-mh^4-2/3*t*mh^2+1/3*t-2/3*d^2-5/2*d*mh^2-1/12*t*d^2*mh^2+1/2*t*d*mh^2-1/2*t*d+d+8/3*mh^2+7/12*d^2*mh^2+1/6*t*d^2+3/4*d*mh^4
;
  A 1 1  4 3  4 0 -3 0
   1
    A 1 1  1 0  1 0 0 0
     -1-3*s*d+s^3-5*s^2+6*s-11/12*s^3*d-5/8*s^2*d^2-1/48*s^3*d^3+15/4*s^2*d+1/4*s^3*d^2
;
  A 1 1  4 3  4 0 -2 -1
   1
    A 1 1  1 0  1 0 0 0
     1+2*s*d+1/2*d*mh^2-s^2*mh^2+11/12*s^2*d*mh^2-2/3*s*d^2+1/3*s*d^2*mh^2+1/3*s^2-1/24*s^2*d^3-4/3*s-2*s*d*mh^2+8/3*s*mh^2-d+7/24*s^2*d^2-1/4*s^2*d^2*mh^2-mh^2-7/12*s^2*d+1/48*s^2*d^3*mh^2
;
  A 1 1  4 3  4 0 -1 -2
   1
    A 1 1  1 0  1 0 0 0
     -1/8*d^2*mh^4-mh^4+1/12*s*d^3*mh^2-1/6*s*d-1/2*d^2-2*d*mh^2-11/12*s*d*mh^4+1/4*s*d^2-2/3*s*d^2*mh^2-1/12*s*d^3+s*mh^4+5/3*s*d*mh^2+1/4*s*d^2*mh^4-4/3*s*mh^2+1/2*d+2*mh^2+1/2*d^2*mh^2+3/4*d*mh^4-1/48*s*d^3*mh^4
;
  A 1 1  4 3  4 0 0 -3
   1
    A 1 1  1 0  1 0 0 0
     9/8*d^2*mh^4+3*mh^4-1/6*d^3-1/4*d^2*mh^6-mh^6+2*d*mh^2-1/8*d^3*mh^4+1/48*d^3*mh^6+1/4*d^3*mh^2+1/6*d+11/12*d*mh^6-mh^2-5/4*d^2*mh^2-13/4*d*mh^4
;
  A 1 1  4 4  4 -4 0 0
   1
    A 1 1  3 3  3 -3 0 0
     -2
    A 1 1  2 2  2 -2 0 0
     1
;
  A 1 1  4 4  4 -3 -1 0
   1
    A 1 1  3 3  3 -2 -1 0
     -5/3
    A 1 1  3 3  3 -3 0 0
     -1/3
    A 1 1  3 2  3 -2 0 0
     -1/3*s
    A 1 1  2 2  2 -1 -1 0
     2/3
    A 1 1  2 2  2 -2 0 0
     1/3
;
  A 1 1  4 4  4 -3 -1 0
   1
    A 1 1  4 4  4 -4 0 0
     -1
    A 1 1  4 3  4 -3 0 0
     -s
    A 1 1  3 3  3 -2 -1 0
     -1
    A 1 1  3 3  3 -3 0 0
     1
;
  A 1 1  4 4  4 -3 0 -1
   1
    A 1 1  3 3  3 -2 0 -1
     -5/3
    A 1 1  3 3  3 -3 0 0
     -1/3
    A 1 1  3 2  3 -2 0 0
     -1/3+1/3*t
    A 1 1  2 2  2 -1 0 -1
     2/3
    A 1 1  2 2  2 -2 0 0
     1/3
;
  A 1 1  4 4  4 -3 0 -1
   1
    A 1 1  4 3  4 -3 0 0
     -2+mh^2
    A 1 1  3 3  3 -2 0 -1
     -1
    A 1 1  3 3  3 -3 0 0
     -1
    A 1 1  3 2  3 -2 0 0
     1+t-mh^2
    A 1 1  2 2  2 -2 0 0
     1
;
  A 1 1  4 4  4 -2 -2 0
   1
    A 1 1  3 3  3 -1 -2 0
     -4/3
    A 1 1  3 3  3 -2 -1 0
     -2/3
    A 1 1  3 2  3 -1 -1 0
     -2/3*s
    A 1 1  2 2  2 0 -2 0
     1/3
    A 1 1  2 2  2 -1 -1 0
     2/3
;
  A 1 1  4 4  4 -2 -2 0
   1
    A 1 1  4 4  4 -3 -1 0
     -1
    A 1 1  4 3  4 -2 -1 0
     -s
    A 1 1  3 3  3 -1 -2 0
     -2/3
    A 1 1  3 3  3 -2 -1 0
     1/3
    A 1 1  3 3  3 -3 0 0
     1/3
;
  A 1 1  4 4  4 -2 -1 -1
   1
    A 1 1  3 3  3 -1 -1 -1
     -4/3
    A 1 1  3 3  3 -2 0 -1
     -1/3
    A 1 1  3 3  3 -2 -1 0
     -1/3
    A 1 1  3 2  3 -1 0 -1
     -1/3*s
    A 1 1  3 2  3 -1 -1 0
     -1/3+1/3*t
    A 1 1  2 2  2 0 -1 -1
     1/3
    A 1 1  2 2  2 -1 0 -1
     1/3
    A 1 1  2 2  2 -1 -1 0
     1/3
;
  A 1 1  4 4  4 -2 -1 -1
   1
    A 1 1  4 3  4 -2 -1 0
     -2+mh^2
    A 1 1  3 3  3 -1 -1 -1
     -2/3
    A 1 1  3 3  3 -2 0 -1
     -1/3
    A 1 1  3 3  3 -2 -1 0
     -1
    A 1 1  3 2  3 -1 -1 0
     2/3+2/3*t-2/3*mh^2
    A 1 1  3 2  3 -2 0 0
     2/3-1/3*s-1/3*mh^2
    A 1 1  2 2  2 -1 -1 0
     2/3
    A 1 1  2 2  2 -2 0 0
     1/3
;
  A 1 1  4 4  4 -2 -1 -1
   1
    A 1 1  4 4  4 -3 0 -1
     -1
    A 1 1  4 3  4 -2 0 -1
     -s
    A 1 1  3 3  3 -1 -1 -1
     -2/3
    A 1 1  3 3  3 -2 0 -1
     2/3
    A 1 1  3 3  3 -2 -1 0
     -1/3
    A 1 1  3 3  3 -3 0 0
     1/3
    A 1 1  3 2  3 -2 0 0
     1/3-1/3*t
;
  A 1 1  4 4  4 -2 0 -2
   1
    A 1 1  3 3  3 -1 0 -2
     -4/3
    A 1 1  3 3  3 -2 0 -1
     -2/3
    A 1 1  3 2  3 -1 0 -1
     -2/3+2/3*t
    A 1 1  2 2  2 0 0 -2
     1/3
    A 1 1  2 2  2 -1 0 -1
     2/3
;
  A 1 1  4 4  4 -2 0 -2
   1
    A 1 1  4 3  4 -2 0 -1
     -2+mh^2
    A 1 1  3 3  3 -1 0 -2
     -2/3
    A 1 1  3 3  3 -2 0 -1
     -4/3
    A 1 1  3 2  3 -1 0 -1
     2/3+2/3*t-2/3*mh^2
    A 1 1  3 2  3 -2 0 0
     -1/3*mh^2
    A 1 1  2 2  2 -1 0 -1
     2/3
    A 1 1  2 2  2 -2 0 0
     1/3
;
  A 1 1  4 4  4 -1 -3 0
   1
    A 1 1  3 3  3 0 -3 0
     -1
    A 1 1  3 3  3 -1 -2 0
     -1
    A 1 1  3 2  3 0 -2 0
     -s
    A 1 1  2 2  2 0 -2 0
     1
;
  A 1 1  4 4  4 -1 -3 0
   1
    A 1 1  4 4  4 -2 -2 0
     -1
    A 1 1  4 3  4 -1 -2 0
     -s
    A 1 1  3 3  3 0 -3 0
     -1/3
    A 1 1  3 3  3 -1 -2 0
     -1/3
    A 1 1  3 3  3 -2 -1 0
     2/3
;
  A 1 1  4 4  4 -1 -2 -1
   1
    A 1 1  3 3  3 0 -2 -1
     -1
    A 1 1  3 3  3 -1 -1 -1
     -2/3
    A 1 1  3 3  3 -1 -2 0
     -1/3
    A 1 1  3 2  3 0 -1 -1
     -2/3*s
    A 1 1  3 2  3 0 -2 0
     -1/3+1/3*t
    A 1 1  2 2  2 0 -1 -1
     2/3
    A 1 1  2 2  2 0 -2 0
     1/3
;
  A 1 1  4 4  4 -1 -2 -1
   1
    A 1 1  4 3  4 -1 -2 0
     -2+mh^2
    A 1 1  3 3  3 0 -2 -1
     -1/3
    A 1 1  3 3  3 -1 -1 -1
     -2/3
    A 1 1  3 3  3 -1 -2 0
     -1
    A 1 1  3 2  3 0 -2 0
     1/3+1/3*t-1/3*mh^2
    A 1 1  3 2  3 -1 -1 0
     4/3-2/3*s-2/3*mh^2
    A 1 1  2 2  2 0 -2 0
     1/3
    A 1 1  2 2  2 -1 -1 0
     2/3
;
  A 1 1  4 4  4 -1 -2 -1
   1
    A 1 1  4 4  4 -2 -1 -1
     -1
    A 1 1  4 3  4 -1 -1 -1
     -s
    A 1 1  3 3  3 0 -2 -1
     -1/3
    A 1 1  3 3  3 -1 -2 0
     -1/3
    A 1 1  3 3  3 -2 0 -1
     1/3
    A 1 1  3 3  3 -2 -1 0
     1/3
    A 1 1  3 2  3 -1 -1 0
     1/3-1/3*t
;
  A 1 1  4 4  4 -1 -1 -2
   1
    A 1 1  3 3  3 0 -1 -2
     -1
    A 1 1  3 3  3 -1 0 -2
     -1/3
    A 1 1  3 3  3 -1 -1 -1
     -2/3
    A 1 1  3 2  3 0 0 -2
     -1/3*s
    A 1 1  3 2  3 0 -1 -1
     -2/3+2/3*t
    A 1 1  2 2  2 0 0 -2
     1/3
    A 1 1  2 2  2 0 -1 -1
     2/3
;
  A 1 1  4 4  4 -1 -1 -2
   1
    A 1 1  4 3  4 -1 -1 -1
     -2+mh^2
    A 1 1  3 3  3 0 -1 -2
     -1/3
    A 1 1  3 3  3 -1 0 -2
     -1/3
    A 1 1  3 3  3 -1 -1 -1
     -4/3
    A 1 1  3 2  3 0 -1 -1
     1/3+1/3*t-1/3*mh^2
    A 1 1  3 2  3 -1 0 -1
     2/3-1/3*s-1/3*mh^2
    A 1 1  3 2  3 -1 -1 0
     -1/3*mh^2
    A 1 1  2 2  2 0 -1 -1
     1/3
    A 1 1  2 2  2 -1 0 -1
     1/3
    A 1 1  2 2  2 -1 -1 0
     1/3
;
  A 1 1  4 4  4 -1 -1 -2
   1
    A 1 1  4 4  4 -2 0 -2
     -1
    A 1 1  4 3  4 -1 0 -2
     -s
    A 1 1  3 3  3 0 -1 -2
     -1/3
    A 1 1  3 3  3 -1 0 -2
     1/3
    A 1 1  3 3  3 -1 -1 -1
     -2/3
    A 1 1  3 3  3 -2 0 -1
     2/3
    A 1 1  3 2  3 -1 0 -1
     2/3-2/3*t
;
  A 1 1  4 4  4 -1 0 -3
   1
    A 1 1  3 3  3 0 0 -3
     -1
    A 1 1  3 3  3 -1 0 -2
     -1
    A 1 1  3 2  3 0 0 -2
     -1+t
    A 1 1  2 2  2 0 0 -2
     1
;
  A 1 1  4 4  4 -1 0 -3
   1
    A 1 1  4 3  4 -1 0 -2
     -2+mh^2
    A 1 1  3 3  3 0 0 -3
     -1/3
    A 1 1  3 3  3 -1 0 -2
     -5/3
    A 1 1  3 2  3 0 0 -2
     1/3+1/3*t-1/3*mh^2
    A 1 1  3 2  3 -1 0 -1
     -2/3*mh^2
    A 1 1  2 2  2 0 0 -2
     1/3
    A 1 1  2 2  2 -1 0 -1
     2/3
;
  A 1 1  4 4  4 0 -4 0
   1
    A 1 1  4 4  4 -1 -3 0
     -1
    A 1 1  4 3  4 0 -3 0
     -s
    A 1 1  3 3  3 0 -3 0
     -1
    A 1 1  3 3  3 -1 -2 0
     1
;
  A 1 1  4 4  4 0 -3 -1
   1
    A 1 1  4 3  4 0 -3 0
     -2+mh^2
    A 1 1  3 3  3 0 -2 -1
     -1
    A 1 1  3 3  3 0 -3 0
     -1
    A 1 1  3 2  3 0 -2 0
     2-s-mh^2
    A 1 1  2 2  2 0 -2 0
     1
;
  A 1 1  4 4  4 0 -3 -1
   1
    A 1 1  4 4  4 -1 -2 -1
     -1
    A 1 1  4 3  4 0 -2 -1
     -s
    A 1 1  3 3  3 0 -2 -1
     -2/3
    A 1 1  3 3  3 0 -3 0
     -1/3
    A 1 1  3 3  3 -1 -1 -1
     2/3
    A 1 1  3 3  3 -1 -2 0
     1/3
    A 1 1  3 2  3 0 -2 0
     1/3-1/3*t
;
  A 1 1  4 4  4 0 -2 -2
   1
    A 1 1  4 3  4 0 -2 -1
     -2+mh^2
    A 1 1  3 3  3 0 -1 -2
     -2/3
    A 1 1  3 3  3 0 -2 -1
     -4/3
    A 1 1  3 2  3 0 -1 -1
     4/3-2/3*s-2/3*mh^2
    A 1 1  3 2  3 0 -2 0
     -1/3*mh^2
    A 1 1  2 2  2 0 -1 -1
     2/3
    A 1 1  2 2  2 0 -2 0
     1/3
;
  A 1 1  4 4  4 0 -2 -2
   1
    A 1 1  4 4  4 -1 -1 -2
     -1
    A 1 1  4 3  4 0 -1 -2
     -s
    A 1 1  3 3  3 0 -1 -2
     -1/3
    A 1 1  3 3  3 0 -2 -1
     -2/3
    A 1 1  3 3  3 -1 0 -2
     1/3
    A 1 1  3 3  3 -1 -1 -1
     2/3
    A 1 1  3 2  3 0 -1 -1
     2/3-2/3*t
;
  A 1 1  4 4  4 0 -1 -3
   1
    A 1 1  4 3  4 0 -1 -2
     -2+mh^2
    A 1 1  3 3  3 0 0 -3
     -1/3
    A 1 1  3 3  3 0 -1 -2
     -5/3
    A 1 1  3 2  3 0 0 -2
     2/3-1/3*s-1/3*mh^2
    A 1 1  3 2  3 0 -1 -1
     -2/3*mh^2
    A 1 1  2 2  2 0 0 -2
     1/3
    A 1 1  2 2  2 0 -1 -1
     2/3
;
  A 1 1  4 4  4 0 -1 -3
   1
    A 1 1  4 4  4 -1 0 -3
     -1
    A 1 1  4 3  4 0 0 -3
     -s
    A 1 1  3 3  3 0 -1 -2
     -1
    A 1 1  3 3  3 -1 0 -2
     1
    A 1 1  3 2  3 0 0 -2
     1-t
;
  A 1 1  4 4  4 0 0 -4
   1
    A 1 1  4 3  4 0 0 -3
     -2+mh^2
    A 1 1  3 3  3 0 0 -3
     -2
    A 1 1  3 2  3 0 0 -2
     -mh^2
    A 1 1  2 2  2 0 0 -2
     1
;
  A 1 1  5 0  5 0 0 0
   1
    A 1 1  4 0  4 0 0 0
     1-1/8*d
;
  A 1 1  5 1  5 -1 0 0
   1
    A 1 1  4 0  4 0 0 0
     -1
;
  A 1 1  5 1  5 -1 0 0
   1
    A 1 1  4 1  4 -1 0 0
     7/8-1/8*d
    A 1 1  4 0  4 0 0 0
     -1/4
    A 1 1  3 0  3 0 0 0
     -1/8
;
  A 1 1  5 1  5 0 -1 0
   1
    A 1 1  4 1  4 0 -1 0
     7/8-1/8*d
    A 1 1  4 0  4 0 0 0
     -1/4+1/8*s
    A 1 1  3 0  3 0 0 0
     -1/8
;
  A 1 1  5 1  5 0 -1 0
   1
    A 1 1  5 1  5 -1 0 0
     -1
    A 1 1  5 0  5 0 0 0
     -s
;
  A 1 1  5 1  5 0 0 -1
   1
    A 1 1  4 1  4 0 0 -1
     7/8-1/8*d
    A 1 1  4 0  4 0 0 0
     -1/8*mh^2
    A 1 1  3 0  3 0 0 0
     -1/8
;
  A 1 1  5 1  5 0 0 -1
   1
    A 1 1  5 0  5 0 0 0
     -2+mh^2
    A 1 1  4 0  4 0 0 0
     -1
;
  A 1 1  5 2  5 -2 0 0
   1
    A 1 1  4 1  4 -1 0 0
     -5/4
    A 1 1  3 0  3 0 0 0
     1/4
;
  A 1 1  5 2  5 -2 0 0
   1
    A 1 1  4 2  4 -2 0 0
     3/4-1/8*d
    A 1 1  4 1  4 -1 0 0
     -1/2
    A 1 1  3 1  3 -1 0 0
     -1/4
;
  A 1 1  5 2  5 -1 -1 0
   1
    A 1 1  4 1  4 0 -1 0
     -1
    A 1 1  4 1  4 -1 0 0
     -1/4
    A 1 1  4 0  4 0 0 0
     -1/4*s
    A 1 1  3 0  3 0 0 0
     1/4
;
  A 1 1  5 2  5 -1 -1 0
   1
    A 1 1  4 2  4 -1 -1 0
     3/4-1/8*d
    A 1 1  4 1  4 0 -1 0
     -1/4
    A 1 1  4 1  4 -1 0 0
     -1/4+1/8*s
    A 1 1  3 1  3 0 -1 0
     -1/8
    A 1 1  3 1  3 -1 0 0
     -1/8
;
  A 1 1  5 2  5 -1 -1 0
   1
    A 1 1  5 2  5 -2 0 0
     -1
    A 1 1  5 1  5 -1 0 0
     -s
    A 1 1  4 1  4 0 -1 0
     -1/4
    A 1 1  4 1  4 -1 0 0
     1/4
;
  A 1 1  5 2  5 -1 0 -1
   1
    A 1 1  4 1  4 0 0 -1
     -1
    A 1 1  4 1  4 -1 0 0
     -1/4
    A 1 1  4 0  4 0 0 0
     -1/4+1/4*t
    A 1 1  3 0  3 0 0 0
     1/4
;
  A 1 1  5 2  5 -1 0 -1
   1
    A 1 1  4 2  4 -1 0 -1
     3/4-1/8*d
    A 1 1  4 1  4 0 0 -1
     -1/4
    A 1 1  4 1  4 -1 0 0
     -1/8*mh^2
    A 1 1  3 1  3 0 0 -1
     -1/8
    A 1 1  3 1  3 -1 0 0
     -1/8
;
  A 1 1  5 2  5 -1 0 -1
   1
    A 1 1  5 1  5 -1 0 0
     -2+mh^2
    A 1 1  4 1  4 0 0 -1
     -1/4
    A 1 1  4 1  4 -1 0 0
     -1
    A 1 1  4 0  4 0 0 0
     1/4+1/4*t-1/4*mh^2
    A 1 1  3 0  3 0 0 0
     1/4
;
  A 1 1  5 2  5 0 -2 0
   1
    A 1 1  4 2  4 0 -2 0
     3/4-1/8*d
    A 1 1  4 1  4 0 -1 0
     -1/2+1/4*s
    A 1 1  3 1  3 0 -1 0
     -1/4
;
  A 1 1  5 2  5 0 -2 0
   1
    A 1 1  5 2  5 -1 -1 0
     -1
    A 1 1  5 1  5 0 -1 0
     -s
    A 1 1  4 1  4 0 -1 0
     -1/4
    A 1 1  4 1  4 -1 0 0
     1/4
;
  A 1 1  5 2  5 0 -1 -1
   1
    A 1 1  4 2  4 0 -1 -1
     3/4-1/8*d
    A 1 1  4 1  4 0 0 -1
     -1/4+1/8*s
    A 1 1  4 1  4 0 -1 0
     -1/8*mh^2
    A 1 1  3 1  3 0 0 -1
     -1/8
    A 1 1  3 1  3 0 -1 0
     -1/8
;
  A 1 1  5 2  5 0 -1 -1
   1
    A 1 1  5 1  5 0 -1 0
     -2+mh^2
    A 1 1  4 1  4 0 0 -1
     -1/4
    A 1 1  4 1  4 0 -1 0
     -1
    A 1 1  4 0  4 0 0 0
     1/2-1/4*s-1/4*mh^2
    A 1 1  3 0  3 0 0 0
     1/4
;
  A 1 1  5 2  5 0 -1 -1
   1
    A 1 1  5 2  5 -1 0 -1
     -1
    A 1 1  5 1  5 0 0 -1
     -s
    A 1 1  4 1  4 0 -1 0
     -1/4
    A 1 1  4 1  4 -1 0 0
     1/4
    A 1 1  4 0  4 0 0 0
     1/4-1/4*t
;
  A 1 1  5 2  5 0 0 -2
   1
    A 1 1  4 2  4 0 0 -2
     3/4-1/8*d
    A 1 1  4 1  4 0 0 -1
     -1/4*mh^2
    A 1 1  3 1  3 0 0 -1
     -1/4
;
  A 1 1  5 2  5 0 0 -2
   1
    A 1 1  5 1  5 0 0 -1
     -2+mh^2
    A 1 1  4 1  4 0 0 -1
     -5/4
    A 1 1  4 0  4 0 0 0
     -1/4*mh^2
    A 1 1  3 0  3 0 0 0
     1/4
;
  A 1 1  5 3  5 -3 0 0
   1
    A 1 1  4 2  4 -2 0 0
     -3/2
    A 1 1  3 1  3 -1 0 0
     1/2
;
  A 1 1  5 3  5 -3 0 0
   1
    A 1 1  4 3  4 -3 0 0
     5/8-1/8*d
    A 1 1  4 2  4 -2 0 0
     -3/4
    A 1 1  3 2  3 -2 0 0
     -3/8
;
  A 1 1  5 3  5 -2 -1 0
   1
    A 1 1  4 2  4 -1 -1 0
     -5/4
    A 1 1  4 2  4 -2 0 0
     -1/4
    A 1 1  4 1  4 -1 0 0
     -1/4*s
    A 1 1  3 1  3 0 -1 0
     1/4
    A 1 1  3 1  3 -1 0 0
     1/4
;
  A 1 1  5 3  5 -2 -1 0
   1
    A 1 1  4 3  4 -2 -1 0
     5/8-1/8*d
    A 1 1  4 2  4 -1 -1 0
     -1/2
    A 1 1  4 2  4 -2 0 0
     -1/4+1/8*s
    A 1 1  3 2  3 -1 -1 0
     -1/4
    A 1 1  3 2  3 -2 0 0
     -1/8
;
  A 1 1  5 3  5 -2 -1 0
   1
    A 1 1  5 3  5 -3 0 0
     -1
    A 1 1  5 2  5 -2 0 0
     -s
    A 1 1  4 2  4 -1 -1 0
     -1/2
    A 1 1  4 2  4 -2 0 0
     1/2
;
  A 1 1  5 3  5 -2 0 -1
   1
    A 1 1  4 2  4 -1 0 -1
     -5/4
    A 1 1  4 2  4 -2 0 0
     -1/4
    A 1 1  4 1  4 -1 0 0
     -1/4+1/4*t
    A 1 1  3 1  3 0 0 -1
     1/4
    A 1 1  3 1  3 -1 0 0
     1/4
;
  A 1 1  5 3  5 -2 0 -1
   1
    A 1 1  4 3  4 -2 0 -1
     5/8-1/8*d
    A 1 1  4 2  4 -1 0 -1
     -1/2
    A 1 1  4 2  4 -2 0 0
     -1/8*mh^2
    A 1 1  3 2  3 -1 0 -1
     -1/4
    A 1 1  3 2  3 -2 0 0
     -1/8
;
  A 1 1  5 3  5 -2 0 -1
   1
    A 1 1  5 2  5 -2 0 0
     -2+mh^2
    A 1 1  4 2  4 -1 0 -1
     -1/2
    A 1 1  4 2  4 -2 0 0
     -1
    A 1 1  4 1  4 -1 0 0
     1/2+1/2*t-1/2*mh^2
    A 1 1  3 1  3 -1 0 0
     1/2
;
  A 1 1  5 3  5 -1 -2 0
   1
    A 1 1  4 2  4 0 -2 0
     -1
    A 1 1  4 2  4 -1 -1 0
     -1/2
    A 1 1  4 1  4 0 -1 0
     -1/2*s
    A 1 1  3 1  3 0 -1 0
     1/2
;
  A 1 1  5 3  5 -1 -2 0
   1
    A 1 1  4 3  4 -1 -2 0
     5/8-1/8*d
    A 1 1  4 2  4 0 -2 0
     -1/4
    A 1 1  4 2  4 -1 -1 0
     -1/2+1/4*s
    A 1 1  3 2  3 0 -2 0
     -1/8
    A 1 1  3 2  3 -1 -1 0
     -1/4
;
  A 1 1  5 3  5 -1 -2 0
   1
    A 1 1  5 3  5 -2 -1 0
     -1
    A 1 1  5 2  5 -1 -1 0
     -s
    A 1 1  4 2  4 0 -2 0
     -1/4
    A 1 1  4 2  4 -2 0 0
     1/4
;
  A 1 1  5 3  5 -1 -1 -1
   1
    A 1 1  4 2  4 0 -1 -1
     -1
    A 1 1  4 2  4 -1 0 -1
     -1/4
    A 1 1  4 2  4 -1 -1 0
     -1/4
    A 1 1  4 1  4 0 0 -1
     -1/4*s
    A 1 1  4 1  4 0 -1 0
     -1/4+1/4*t
    A 1 1  3 1  3 0 0 -1
     1/4
    A 1 1  3 1  3 0 -1 0
     1/4
;
  A 1 1  5 3  5 -1 -1 -1
   1
    A 1 1  4 3  4 -1 -1 -1
     5/8-1/8*d
    A 1 1  4 2  4 0 -1 -1
     -1/4
    A 1 1  4 2  4 -1 0 -1
     -1/4+1/8*s
    A 1 1  4 2  4 -1 -1 0
     -1/8*mh^2
    A 1 1  3 2  3 0 -1 -1
     -1/8
    A 1 1  3 2  3 -1 0 -1
     -1/8
    A 1 1  3 2  3 -1 -1 0
     -1/8
;
  A 1 1  5 3  5 -1 -1 -1
   1
    A 1 1  5 2  5 -1 -1 0
     -2+mh^2
    A 1 1  4 2  4 0 -1 -1
     -1/4
    A 1 1  4 2  4 -1 0 -1
     -1/4
    A 1 1  4 2  4 -1 -1 0
     -1
    A 1 1  4 1  4 0 -1 0
     1/4+1/4*t-1/4*mh^2
    A 1 1  4 1  4 -1 0 0
     1/2-1/4*s-1/4*mh^2
    A 1 1  3 1  3 0 -1 0
     1/4
    A 1 1  3 1  3 -1 0 0
     1/4
;
  A 1 1  5 3  5 -1 -1 -1
   1
    A 1 1  5 3  5 -2 0 -1
     -1
    A 1 1  5 2  5 -1 0 -1
     -s
    A 1 1  4 2  4 0 -1 -1
     -1/4
    A 1 1  4 2  4 -1 0 -1
     1/4
    A 1 1  4 2  4 -1 -1 0
     -1/4
    A 1 1  4 2  4 -2 0 0
     1/4
    A 1 1  4 1  4 -1 0 0
     1/4-1/4*t
;
  A 1 1  5 3  5 -1 0 -2
   1
    A 1 1  4 2  4 0 0 -2
     -1
    A 1 1  4 2  4 -1 0 -1
     -1/2
    A 1 1  4 1  4 0 0 -1
     -1/2+1/2*t
    A 1 1  3 1  3 0 0 -1
     1/2
;
  A 1 1  5 3  5 -1 0 -2
   1
    A 1 1  4 3  4 -1 0 -2
     5/8-1/8*d
    A 1 1  4 2  4 0 0 -2
     -1/4
    A 1 1  4 2  4 -1 0 -1
     -1/4*mh^2
    A 1 1  3 2  3 0 0 -2
     -1/8
    A 1 1  3 2  3 -1 0 -1
     -1/4
;
  A 1 1  5 3  5 -1 0 -2
   1
    A 1 1  5 2  5 -1 0 -1
     -2+mh^2
    A 1 1  4 2  4 0 0 -2
     -1/4
    A 1 1  4 2  4 -1 0 -1
     -5/4
    A 1 1  4 1  4 0 0 -1
     1/4+1/4*t-1/4*mh^2
    A 1 1  4 1  4 -1 0 0
     -1/4*mh^2
    A 1 1  3 1  3 0 0 -1
     1/4
    A 1 1  3 1  3 -1 0 0
     1/4
;
  A 1 1  5 3  5 0 -3 0
   1
    A 1 1  4 3  4 0 -3 0
     5/8-1/8*d
    A 1 1  4 2  4 0 -2 0
     -3/4+3/8*s
    A 1 1  3 2  3 0 -2 0
     -3/8
;
  A 1 1  5 3  5 0 -3 0
   1
    A 1 1  5 3  5 -1 -2 0
     -1
    A 1 1  5 2  5 0 -2 0
     -s
    A 1 1  4 2  4 0 -2 0
     -1/2
    A 1 1  4 2  4 -1 -1 0
     1/2
;
  A 1 1  5 3  5 0 -2 -1
   1
    A 1 1  4 3  4 0 -2 -1
     5/8-1/8*d
    A 1 1  4 2  4 0 -1 -1
     -1/2+1/4*s
    A 1 1  4 2  4 0 -2 0
     -1/8*mh^2
    A 1 1  3 2  3 0 -1 -1
     -1/4
    A 1 1  3 2  3 0 -2 0
     -1/8
;
  A 1 1  5 3  5 0 -2 -1
   1
    A 1 1  5 2  5 0 -2 0
     -2+mh^2
    A 1 1  4 2  4 0 -1 -1
     -1/2
    A 1 1  4 2  4 0 -2 0
     -1
    A 1 1  4 1  4 0 -1 0
     1-1/2*s-1/2*mh^2
    A 1 1  3 1  3 0 -1 0
     1/2
;
  A 1 1  5 3  5 0 -2 -1
   1
    A 1 1  5 3  5 -1 -1 -1
     -1
    A 1 1  5 2  5 0 -1 -1
     -s
    A 1 1  4 2  4 0 -1 -1
     -1/4
    A 1 1  4 2  4 0 -2 0
     -1/4
    A 1 1  4 2  4 -1 0 -1
     1/4
    A 1 1  4 2  4 -1 -1 0
     1/4
    A 1 1  4 1  4 0 -1 0
     1/4-1/4*t
;
  A 1 1  5 3  5 0 -1 -2
   1
    A 1 1  4 3  4 0 -1 -2
     5/8-1/8*d
    A 1 1  4 2  4 0 0 -2
     -1/4+1/8*s
    A 1 1  4 2  4 0 -1 -1
     -1/4*mh^2
    A 1 1  3 2  3 0 0 -2
     -1/8
    A 1 1  3 2  3 0 -1 -1
     -1/4
;
  A 1 1  5 3  5 0 -1 -2
   1
    A 1 1  5 2  5 0 -1 -1
     -2+mh^2
    A 1 1  4 2  4 0 0 -2
     -1/4
    A 1 1  4 2  4 0 -1 -1
     -5/4
    A 1 1  4 1  4 0 0 -1
     1/2-1/4*s-1/4*mh^2
    A 1 1  4 1  4 0 -1 0
     -1/4*mh^2
    A 1 1  3 1  3 0 0 -1
     1/4
    A 1 1  3 1  3 0 -1 0
     1/4
;
  A 1 1  5 3  5 0 -1 -2
   1
    A 1 1  5 3  5 -1 0 -2
     -1
    A 1 1  5 2  5 0 0 -2
     -s
    A 1 1  4 2  4 0 -1 -1
     -1/2
    A 1 1  4 2  4 -1 0 -1
     1/2
    A 1 1  4 1  4 0 0 -1
     1/2-1/2*t
;
  A 1 1  5 3  5 0 0 -3
   1
    A 1 1  4 3  4 0 0 -3
     5/8-1/8*d
    A 1 1  4 2  4 0 0 -2
     -3/8*mh^2
    A 1 1  3 2  3 0 0 -2
     -3/8
;
  A 1 1  5 3  5 0 0 -3
   1
    A 1 1  5 2  5 0 0 -2
     -2+mh^2
    A 1 1  4 2  4 0 0 -2
     -3/2
    A 1 1  4 1  4 0 0 -1
     -1/2*mh^2
    A 1 1  3 1  3 0 0 -1
     1/2
;
  A 1 1  5 4  5 -4 0 0
   1
    A 1 1  4 3  4 -3 0 0
     -7/4
    A 1 1  3 2  3 -2 0 0
     3/4
;
  A 1 1  5 4  5 -3 -1 0
   1
    A 1 1  4 3  4 -2 -1 0
     -3/2
    A 1 1  4 3  4 -3 0 0
     -1/4
    A 1 1  4 2  4 -2 0 0
     -1/4*s
    A 1 1  3 2  3 -1 -1 0
     1/2
    A 1 1  3 2  3 -2 0 0
     1/4
;
  A 1 1  5 4  5 -3 -1 0
   1
    A 1 1  5 4  5 -4 0 0
     -1
    A 1 1  5 3  5 -3 0 0
     -s
    A 1 1  4 3  4 -2 -1 0
     -3/4
    A 1 1  4 3  4 -3 0 0
     3/4
;
  A 1 1  5 4  5 -3 0 -1
   1
    A 1 1  4 3  4 -2 0 -1
     -3/2
    A 1 1  4 3  4 -3 0 0
     -1/4
    A 1 1  4 2  4 -2 0 0
     -1/4+1/4*t
    A 1 1  3 2  3 -1 0 -1
     1/2
    A 1 1  3 2  3 -2 0 0
     1/4
;
  A 1 1  5 4  5 -3 0 -1
   1
    A 1 1  5 3  5 -3 0 0
     -2+mh^2
    A 1 1  4 3  4 -2 0 -1
     -3/4
    A 1 1  4 3  4 -3 0 0
     -1
    A 1 1  4 2  4 -2 0 0
     3/4+3/4*t-3/4*mh^2
    A 1 1  3 2  3 -2 0 0
     3/4
;
  A 1 1  5 4  5 -2 -2 0
   1
    A 1 1  4 3  4 -1 -2 0
     -5/4
    A 1 1  4 3  4 -2 -1 0
     -1/2
    A 1 1  4 2  4 -1 -1 0
     -1/2*s
    A 1 1  3 2  3 0 -2 0
     1/4
    A 1 1  3 2  3 -1 -1 0
     1/2
;
  A 1 1  5 4  5 -2 -2 0
   1
    A 1 1  5 4  5 -3 -1 0
     -1
    A 1 1  5 3  5 -2 -1 0
     -s
    A 1 1  4 3  4 -1 -2 0
     -1/2
    A 1 1  4 3  4 -2 -1 0
     1/4
    A 1 1  4 3  4 -3 0 0
     1/4
;
  A 1 1  5 4  5 -2 -1 -1
   1
    A 1 1  4 3  4 -1 -1 -1
     -5/4
    A 1 1  4 3  4 -2 0 -1
     -1/4
    A 1 1  4 3  4 -2 -1 0
     -1/4
    A 1 1  4 2  4 -1 0 -1
     -1/4*s
    A 1 1  4 2  4 -1 -1 0
     -1/4+1/4*t
    A 1 1  3 2  3 0 -1 -1
     1/4
    A 1 1  3 2  3 -1 0 -1
     1/4
    A 1 1  3 2  3 -1 -1 0
     1/4
;
  A 1 1  5 4  5 -2 -1 -1
   1
    A 1 1  5 3  5 -2 -1 0
     -2+mh^2
    A 1 1  4 3  4 -1 -1 -1
     -1/2
    A 1 1  4 3  4 -2 0 -1
     -1/4
    A 1 1  4 3  4 -2 -1 0
     -1
    A 1 1  4 2  4 -1 -1 0
     1/2+1/2*t-1/2*mh^2
    A 1 1  4 2  4 -2 0 0
     1/2-1/4*s-1/4*mh^2
    A 1 1  3 2  3 -1 -1 0
     1/2
    A 1 1  3 2  3 -2 0 0
     1/4
;
  A 1 1  5 4  5 -2 -1 -1
   1
    A 1 1  5 4  5 -3 0 -1
     -1
    A 1 1  5 3  5 -2 0 -1
     -s
    A 1 1  4 3  4 -1 -1 -1
     -1/2
    A 1 1  4 3  4 -2 0 -1
     1/2
    A 1 1  4 3  4 -2 -1 0
     -1/4
    A 1 1  4 3  4 -3 0 0
     1/4
    A 1 1  4 2  4 -2 0 0
     1/4-1/4*t
;
  A 1 1  5 4  5 -2 0 -2
   1
    A 1 1  4 3  4 -1 0 -2
     -5/4
    A 1 1  4 3  4 -2 0 -1
     -1/2
    A 1 1  4 2  4 -1 0 -1
     -1/2+1/2*t
    A 1 1  3 2  3 0 0 -2
     1/4
    A 1 1  3 2  3 -1 0 -1
     1/2
;
  A 1 1  5 4  5 -2 0 -2
   1
    A 1 1  5 3  5 -2 0 -1
     -2+mh^2
    A 1 1  4 3  4 -1 0 -2
     -1/2
    A 1 1  4 3  4 -2 0 -1
     -5/4
    A 1 1  4 2  4 -1 0 -1
     1/2+1/2*t-1/2*mh^2
    A 1 1  4 2  4 -2 0 0
     -1/4*mh^2
    A 1 1  3 2  3 -1 0 -1
     1/2
    A 1 1  3 2  3 -2 0 0
     1/4
;
  A 1 1  5 4  5 -1 -3 0
   1
    A 1 1  4 3  4 0 -3 0
     -1
    A 1 1  4 3  4 -1 -2 0
     -3/4
    A 1 1  4 2  4 0 -2 0
     -3/4*s
    A 1 1  3 2  3 0 -2 0
     3/4
;
  A 1 1  5 4  5 -1 -3 0
   1
    A 1 1  5 4  5 -2 -2 0
     -1
    A 1 1  5 3  5 -1 -2 0
     -s
    A 1 1  4 3  4 0 -3 0
     -1/4
    A 1 1  4 3  4 -1 -2 0
     -1/4
    A 1 1  4 3  4 -2 -1 0
     1/2
;
  A 1 1  5 4  5 -1 -2 -1
   1
    A 1 1  4 3  4 0 -2 -1
     -1
    A 1 1  4 3  4 -1 -1 -1
     -1/2
    A 1 1  4 3  4 -1 -2 0
     -1/4
    A 1 1  4 2  4 0 -1 -1
     -1/2*s
    A 1 1  4 2  4 0 -2 0
     -1/4+1/4*t
    A 1 1  3 2  3 0 -1 -1
     1/2
    A 1 1  3 2  3 0 -2 0
     1/4
;
  A 1 1  5 4  5 -1 -2 -1
   1
    A 1 1  5 3  5 -1 -2 0
     -2+mh^2
    A 1 1  4 3  4 0 -2 -1
     -1/4
    A 1 1  4 3  4 -1 -1 -1
     -1/2
    A 1 1  4 3  4 -1 -2 0
     -1
    A 1 1  4 2  4 0 -2 0
     1/4+1/4*t-1/4*mh^2
    A 1 1  4 2  4 -1 -1 0
     1-1/2*s-1/2*mh^2
    A 1 1  3 2  3 0 -2 0
     1/4
    A 1 1  3 2  3 -1 -1 0
     1/2
;
  A 1 1  5 4  5 -1 -2 -1
   1
    A 1 1  5 4  5 -2 -1 -1
     -1
    A 1 1  5 3  5 -1 -1 -1
     -s
    A 1 1  4 3  4 0 -2 -1
     -1/4
    A 1 1  4 3  4 -1 -2 0
     -1/4
    A 1 1  4 3  4 -2 0 -1
     1/4
    A 1 1  4 3  4 -2 -1 0
     1/4
    A 1 1  4 2  4 -1 -1 0
     1/4-1/4*t
;
  A 1 1  5 4  5 -1 -1 -2
   1
    A 1 1  4 3  4 0 -1 -2
     -1
    A 1 1  4 3  4 -1 0 -2
     -1/4
    A 1 1  4 3  4 -1 -1 -1
     -1/2
    A 1 1  4 2  4 0 0 -2
     -1/4*s
    A 1 1  4 2  4 0 -1 -1
     -1/2+1/2*t
    A 1 1  3 2  3 0 0 -2
     1/4
    A 1 1  3 2  3 0 -1 -1
     1/2
;
  A 1 1  5 4  5 -1 -1 -2
   1
    A 1 1  5 3  5 -1 -1 -1
     -2+mh^2
    A 1 1  4 3  4 0 -1 -2
     -1/4
    A 1 1  4 3  4 -1 0 -2
     -1/4
    A 1 1  4 3  4 -1 -1 -1
     -5/4
    A 1 1  4 2  4 0 -1 -1
     1/4+1/4*t-1/4*mh^2
    A 1 1  4 2  4 -1 0 -1
     1/2-1/4*s-1/4*mh^2
    A 1 1  4 2  4 -1 -1 0
     -1/4*mh^2
    A 1 1  3 2  3 0 -1 -1
     1/4
    A 1 1  3 2  3 -1 0 -1
     1/4
    A 1 1  3 2  3 -1 -1 0
     1/4
;
  A 1 1  5 4  5 -1 -1 -2
   1
    A 1 1  5 4  5 -2 0 -2
     -1
    A 1 1  5 3  5 -1 0 -2
     -s
    A 1 1  4 3  4 0 -1 -2
     -1/4
    A 1 1  4 3  4 -1 0 -2
     1/4
    A 1 1  4 3  4 -1 -1 -1
     -1/2
    A 1 1  4 3  4 -2 0 -1
     1/2
    A 1 1  4 2  4 -1 0 -1
     1/2-1/2*t
;
  A 1 1  5 4  5 -1 0 -3
   1
    A 1 1  4 3  4 0 0 -3
     -1
    A 1 1  4 3  4 -1 0 -2
     -3/4
    A 1 1  4 2  4 0 0 -2
     -3/4+3/4*t
    A 1 1  3 2  3 0 0 -2
     3/4
;
  A 1 1  5 4  5 -1 0 -3
   1
    A 1 1  5 3  5 -1 0 -2
     -2+mh^2
    A 1 1  4 3  4 0 0 -3
     -1/4
    A 1 1  4 3  4 -1 0 -2
     -3/2
    A 1 1  4 2  4 0 0 -2
     1/4+1/4*t-1/4*mh^2
    A 1 1  4 2  4 -1 0 -1
     -1/2*mh^2
    A 1 1  3 2  3 0 0 -2
     1/4
    A 1 1  3 2  3 -1 0 -1
     1/2
;
  A 1 1  5 4  5 0 -4 0
   1
    A 1 1  5 4  5 -1 -3 0
     -1
    A 1 1  5 3  5 0 -3 0
     -s
    A 1 1  4 3  4 0 -3 0
     -3/4
    A 1 1  4 3  4 -1 -2 0
     3/4
;
  A 1 1  5 4  5 0 -3 -1
   1
    A 1 1  5 3  5 0 -3 0
     -2+mh^2
    A 1 1  4 3  4 0 -2 -1
     -3/4
    A 1 1  4 3  4 0 -3 0
     -1
    A 1 1  4 2  4 0 -2 0
     3/2-3/4*s-3/4*mh^2
    A 1 1  3 2  3 0 -2 0
     3/4
;
  A 1 1  5 4  5 0 -3 -1
   1
    A 1 1  5 4  5 -1 -2 -1
     -1
    A 1 1  5 3  5 0 -2 -1
     -s
    A 1 1  4 3  4 0 -2 -1
     -1/2
    A 1 1  4 3  4 0 -3 0
     -1/4
    A 1 1  4 3  4 -1 -1 -1
     1/2
    A 1 1  4 3  4 -1 -2 0
     1/4
    A 1 1  4 2  4 0 -2 0
     1/4-1/4*t
;
  A 1 1  5 4  5 0 -2 -2
   1
    A 1 1  5 3  5 0 -2 -1
     -2+mh^2
    A 1 1  4 3  4 0 -1 -2
     -1/2
    A 1 1  4 3  4 0 -2 -1
     -5/4
    A 1 1  4 2  4 0 -1 -1
     1-1/2*s-1/2*mh^2
    A 1 1  4 2  4 0 -2 0
     -1/4*mh^2
    A 1 1  3 2  3 0 -1 -1
     1/2
    A 1 1  3 2  3 0 -2 0
     1/4
;
  A 1 1  5 4  5 0 -2 -2
   1
    A 1 1  5 4  5 -1 -1 -2
     -1
    A 1 1  5 3  5 0 -1 -2
     -s
    A 1 1  4 3  4 0 -1 -2
     -1/4
    A 1 1  4 3  4 0 -2 -1
     -1/2
    A 1 1  4 3  4 -1 0 -2
     1/4
    A 1 1  4 3  4 -1 -1 -1
     1/2
    A 1 1  4 2  4 0 -1 -1
     1/2-1/2*t
;
  A 1 1  5 4  5 0 -1 -3
   1
    A 1 1  5 3  5 0 -1 -2
     -2+mh^2
    A 1 1  4 3  4 0 0 -3
     -1/4
    A 1 1  4 3  4 0 -1 -2
     -3/2
    A 1 1  4 2  4 0 0 -2
     1/2-1/4*s-1/4*mh^2
    A 1 1  4 2  4 0 -1 -1
     -1/2*mh^2
    A 1 1  3 2  3 0 0 -2
     1/4
    A 1 1  3 2  3 0 -1 -1
     1/2
;
  A 1 1  5 4  5 0 -1 -3
   1
    A 1 1  5 4  5 -1 0 -3
     -1
    A 1 1  5 3  5 0 0 -3
     -s
    A 1 1  4 3  4 0 -1 -2
     -3/4
    A 1 1  4 3  4 -1 0 -2
     3/4
    A 1 1  4 2  4 0 0 -2
     3/4-3/4*t
;
  A 1 1  5 4  5 0 0 -4
   1
    A 1 1  5 3  5 0 0 -3
     -2+mh^2
    A 1 1  4 3  4 0 0 -3
     -7/4
    A 1 1  4 2  4 0 0 -2
     -3/4*mh^2
    A 1 1  3 2  3 0 0 -2
     3/4
;
