  A 3 13  4 0  1 0 2 1
   1
    A 3 13  4 0  2 0 1 1
     -1
;
  A 3 13  4 0  1 0 2 1
   1
    A 3 13  4 0  2 0 1 1
     -1
;
  A 3 13  4 1  1 -1 2 1
   1
    A 3 13  4 1  2 -1 1 1
     -1
;
  A 3 13  4 1  1 -1 2 1
   1
    A 3 13  4 1  2 -1 1 1
     -1
;
  A 3 13  4 2  1 -2 2 1
   1
    A 3 13  4 2  2 -2 1 1
     -1
;
  A 3 13  4 2  1 -2 2 1
   1
    A 3 13  4 2  2 -2 1 1
     -1
;
  A 3 13  4 3  1 -3 2 1
   1
    A 3 13  4 3  2 -3 1 1
     -1
;
  A 3 13  4 3  1 -3 2 1
   1
    A 3 13  4 3  2 -3 1 1
     -1
;
