  A 3 13  4 1  1 -1 1 2
   1
    A 3 13  4 1  1 -1 2 1
     2
    A 3 13  4 0  1 0 1 2
     1-t
    A 3 13  4 0  1 0 2 1
     s
    A 3 13  3 0  1 0 1 1
     -1
    A 2 9  3 0  1 0 0 2
     -1
    A 2 9  3 0  2 0 0 1
     -1
;
  A 3 13  4 1  1 -1 1 2
   1
    A 3 13  4 1  1 -1 2 1
     1/2*s
    A 3 13  4 0  1 0 1 2
     1+1/2*t*mh^2-t-1/2*mh^2
    A 3 13  4 0  1 0 2 1
     s-1/2*s*mh^2
    A 3 13  3 0  1 0 1 1
     -1/2+1/2*t
    A 2 9  3 0  1 0 0 2
     -1/2-1/2*t
    A 2 5  3 0  1 0 2 0
     -1/2*s
;
  A 3 13  4 1  1 -1 1 2
   1
    A 3 13  4 1  1 -1 2 1
     1/2*s
    A 3 13  4 0  1 0 1 2
     1+1/2*t*mh^2-t+1/2*s*mh^2-1/2*mh^2
    A 3 13  4 0  1 0 2 1
     1/2*(-2+s+mh^2)*s
    A 3 13  3 0  1 0 1 1
     -1/2+1/2*t
    A 2 9  3 0  1 0 0 2
     -1/2-1/2*t-1/2*s
    A 2 9  3 0  2 0 0 1
     -1/2*s
    A 2 5  3 0  1 0 2 0
     1/2*s
;
  A 3 13  4 2  1 -2 1 2
   1
    A 3 13  4 2  1 -2 2 1
     2
    A 3 13  4 1  1 -1 1 2
     1-t
    A 3 13  4 1  1 -1 2 1
     s
    A 3 13  3 1  1 -1 1 1
     -2
    A 2 9  3 1  1 -1 0 2
     -1
    A 2 9  3 1  2 -1 0 1
     -1
    A 2 9  2 0  1 0 0 1
     1
;
  A 3 13  4 2  1 -2 1 2
   1
    A 3 13  4 2  1 -2 2 1
     1/2*s
    A 3 13  4 1  1 -1 1 2
     1+1/2*t*mh^2-t-1/2*mh^2
    A 3 13  4 1  1 -1 2 1
     s-1/2*s*mh^2
    A 3 13  3 1  1 -1 1 1
     -1+t
    A 2 9  3 1  1 -1 0 2
     -1/2-1/2*t
    A 2 9  2 0  1 0 0 1
     1/2-1/2*t
    A 2 5  3 1  1 -1 2 0
     -1/2*s
;
  A 3 13  4 2  1 -2 1 2
   1
    A 3 13  4 2  1 -2 2 1
     1/2*s
    A 3 13  4 1  1 -1 1 2
     1+1/2*t*mh^2-t+1/2*s*mh^2-1/2*mh^2
    A 3 13  4 1  1 -1 2 1
     1/2*(-2+s+mh^2)*s
    A 3 13  3 1  1 -1 1 1
     -1+t
    A 3 13  3 0  1 0 1 1
     1/2*(1+t-mh^2)*s
    A 2 9  3 1  1 -1 0 2
     -1/2-1/2*t-1/2*s
    A 2 9  3 1  2 -1 0 1
     -1/2*s
    A 2 9  2 0  1 0 0 1
     1/2-1/2*t+1/2*s
    A 2 5  3 1  1 -1 2 0
     1/2*s
    A 2 5  2 0  1 0 1 0
     -1/2*s
;
  A 3 13  4 3  1 -3 1 2
   1
    A 3 13  4 3  1 -3 2 1
     2
    A 3 13  4 2  1 -2 1 2
     1-t
    A 3 13  4 2  1 -2 2 1
     s
    A 3 13  3 2  1 -2 1 1
     -3
    A 2 9  3 2  1 -2 0 2
     -1
    A 2 9  3 2  2 -2 0 1
     -1
    A 2 9  2 1  1 -1 0 1
     2
;
  A 3 13  4 3  1 -3 1 2
   1
    A 3 13  4 3  1 -3 2 1
     1/2*s
    A 3 13  4 2  1 -2 1 2
     1+1/2*t*mh^2-t-1/2*mh^2
    A 3 13  4 2  1 -2 2 1
     s-1/2*s*mh^2
    A 3 13  3 2  1 -2 1 1
     -3/2+3/2*t
    A 2 9  3 2  1 -2 0 2
     -1/2-1/2*t
    A 2 9  2 1  1 -1 0 1
     1-t
    A 2 5  3 2  1 -2 2 0
     -1/2*s
;
  A 3 13  4 3  1 -3 1 2
   1
    A 3 13  4 3  1 -3 2 1
     1/2*s
    A 3 13  4 2  1 -2 1 2
     1+1/2*t*mh^2-t+1/2*s*mh^2-1/2*mh^2
    A 3 13  4 2  1 -2 2 1
     1/2*(-2+s+mh^2)*s
    A 3 13  3 2  1 -2 1 1
     -3/2+3/2*t
    A 3 13  3 1  1 -1 1 1
     (1+t-mh^2)*s
    A 2 9  3 2  1 -2 0 2
     -1/2-1/2*t-1/2*s
    A 2 9  3 2  2 -2 0 1
     -1/2*s
    A 2 9  2 1  1 -1 0 1
     1-t+s
    A 2 5  3 2  1 -2 2 0
     1/2*s
    A 2 5  2 1  1 -1 1 0
     -s
;
  A 3 13  4 4  1 -4 1 2
   1
    A 3 13  4 4  1 -4 2 1
     2
    A 3 13  4 3  1 -3 1 2
     1-t
    A 3 13  4 3  1 -3 2 1
     s
    A 3 13  3 3  1 -3 1 1
     -4
    A 2 9  3 3  1 -3 0 2
     -1
    A 2 9  3 3  2 -3 0 1
     -1
    A 2 9  2 2  1 -2 0 1
     3
;
  A 3 13  4 4  1 -4 1 2
   1
    A 3 13  4 4  1 -4 2 1
     1/2*s
    A 3 13  4 3  1 -3 1 2
     1+1/2*t*mh^2-t-1/2*mh^2
    A 3 13  4 3  1 -3 2 1
     s-1/2*s*mh^2
    A 3 13  3 3  1 -3 1 1
     -2+2*t
    A 2 9  3 3  1 -3 0 2
     -1/2-1/2*t
    A 2 9  2 2  1 -2 0 1
     3/2-3/2*t
    A 2 5  3 3  1 -3 2 0
     -1/2*s
;
  A 3 13  4 4  1 -4 1 2
   1
    A 3 13  4 4  1 -4 2 1
     1/2*s
    A 3 13  4 3  1 -3 1 2
     1+1/2*t*mh^2-t+1/2*s*mh^2-1/2*mh^2
    A 3 13  4 3  1 -3 2 1
     1/2*(-2+s+mh^2)*s
    A 3 13  3 3  1 -3 1 1
     -2+2*t
    A 3 13  3 2  1 -2 1 1
     3/2*(1+t-mh^2)*s
    A 2 9  3 3  1 -3 0 2
     -1/2-1/2*t-1/2*s
    A 2 9  3 3  2 -3 0 1
     -1/2*s
    A 2 9  2 2  1 -2 0 1
     3/2-3/2*t+3/2*s
    A 2 5  3 3  1 -3 2 0
     1/2*s
    A 2 5  2 2  1 -2 1 0
     -3/2*s
;
  A 3 13  5 1  2 -1 1 2
   1
    A 3 13  5 1  2 -1 2 1
     2
    A 3 13  5 0  2 0 1 2
     1-t
    A 3 13  5 0  2 0 2 1
     s
    A 3 13  4 0  1 0 1 2
     -s^(-1)*(-1+t+s)
    A 3 13  4 0  1 0 2 1
     -1
    A 3 13  4 0  2 0 1 1
     -1
    A 2 9  4 0  2 0 0 2
     s^(-1)*(-1+t)
;
  A 3 13  5 1  2 -1 1 2
   1
    A 3 13  5 1  2 -1 2 1
     1/2*s
    A 3 13  5 0  2 0 1 2
     1+1/2*t*mh^2-t-1/2*mh^2
    A 3 13  5 0  2 0 2 1
     s-1/2*s*mh^2
    A 3 13  4 0  1 0 1 2
     -1/2-1/2*t
    A 3 13  4 0  2 0 1 1
     -1/2+1/2*t
    A 2 5  4 0  2 0 2 0
     -1/2*s
;
  A 3 13  5 1  2 -1 1 2
   1
    A 3 13  5 1  2 -1 2 1
     1/2*s
    A 3 13  5 0  2 0 1 2
     1+1/2*t*mh^2-t+1/2*s*mh^2-1/2*mh^2
    A 3 13  5 0  2 0 2 1
     1/2*(-2+s+mh^2)*s
    A 3 13  4 0  1 0 1 2
     1/2-1/2*t-1/2*s
    A 3 13  4 0  1 0 2 1
     -1/2*s
    A 3 13  4 0  2 0 1 1
     -1/2+1/2*t
    A 2 9  4 0  2 0 0 2
     -1
    A 2 5  4 0  2 0 2 0
     1/2*s
;
  A 3 13  5 1  1 -1 2 2
   1
    A 3 13  5 1  1 -1 3 1
     4
    A 3 13  5 0  1 0 2 2
     1-t
    A 3 13  5 0  1 0 3 1
     2*s
    A 3 13  4 0  1 0 1 2
     s^(-1)*(-1+t)
    A 3 13  4 0  1 0 2 1
     -2
    A 2 9  4 0  2 0 0 2
     -s^(-1)*(-1+t+s)
    A 2 9  4 0  3 0 0 1
     -2
;
  A 3 13  5 1  1 -1 2 2
   1
    A 3 13  5 1  1 -1 3 1
     s
    A 3 13  5 0  1 0 2 2
     1+1/2*t*mh^2-t-1/2*mh^2
    A 3 13  5 0  1 0 3 1
     2*s-s*mh^2
    A 3 13  4 0  1 0 2 1
     -1/2+1/2*t
    A 2 9  4 0  2 0 0 2
     -1/2-1/2*t
    A 2 5  4 0  1 0 3 0
     -s
;
  A 3 13  5 1  1 -1 2 2
   1
    A 3 13  5 1  1 -1 3 1
     s
    A 3 13  5 0  1 0 2 2
     1+1/2*t*mh^2-t+1/2*s*mh^2-1/2*mh^2
    A 3 13  5 0  1 0 3 1
     (-2+s+mh^2)*s
    A 3 13  4 0  1 0 1 2
     -1
    A 3 13  4 0  1 0 2 1
     -1/2+1/2*t-1/2*s
    A 2 9  4 0  2 0 0 2
     1/2-1/2*t-1/2*s
    A 2 9  4 0  3 0 0 1
     -s
    A 2 5  4 0  1 0 3 0
     s
;
  A 3 13  5 1  1 -1 1 3
   1
    A 3 13  5 1  1 -1 2 2
     1
    A 3 13  5 0  1 0 1 3
     1-t
    A 3 13  5 0  1 0 2 2
     1/2*s
    A 3 13  4 0  1 0 1 2
     -1/2
    A 2 9  4 0  1 0 0 3
     -1
    A 2 9  4 0  2 0 0 2
     -1/2
;
  A 3 13  5 1  1 -1 1 3
   1
    A 3 13  5 1  1 -1 2 2
     1/4*s
    A 3 13  5 0  1 0 1 3
     1+1/2*t*mh^2-t-1/2*mh^2
    A 3 13  5 0  1 0 2 2
     1/2*s-1/4*s*mh^2
    A 3 13  4 0  1 0 1 2
     -1/2+1/2*t
    A 3 13  4 0  1 0 2 1
     -1/4*s
    A 2 9  4 0  1 0 0 3
     -1/2-1/2*t
;
  A 3 13  5 1  1 -1 1 3
   1
    A 3 13  5 1  1 -1 2 2
     1/4*s
    A 3 13  5 0  1 0 1 3
     1+1/2*t*mh^2-t+1/2*s*mh^2-1/2*mh^2
    A 3 13  5 0  1 0 2 2
     1/4*(-2+s+mh^2)*s
    A 3 13  4 0  1 0 1 2
     -1/2+1/2*t+1/4*s
    A 3 13  4 0  1 0 2 1
     1/4*s
    A 2 9  4 0  1 0 0 3
     -1/2-1/2*t-1/2*s
    A 2 9  4 0  2 0 0 2
     -1/4*s
;
  A 3 13  5 2  2 -2 1 2
   1
    A 3 13  5 2  2 -2 2 1
     2
    A 3 13  5 1  2 -1 1 2
     1-t
    A 3 13  5 1  2 -1 2 1
     s
    A 3 13  4 1  1 -1 1 2
     -s^(-1)*(-1+t+s)
    A 3 13  4 1  1 -1 2 1
     -1
    A 3 13  4 1  2 -1 1 1
     -2
    A 3 13  3 0  1 0 1 1
     1
    A 2 9  4 1  2 -1 0 2
     s^(-1)*(-1+t)
;
  A 3 13  5 2  2 -2 1 2
   1
    A 3 13  5 2  2 -2 2 1
     1/2*s
    A 3 13  5 1  2 -1 1 2
     1+1/2*t*mh^2-t-1/2*mh^2
    A 3 13  5 1  2 -1 2 1
     s-1/2*s*mh^2
    A 3 13  4 1  1 -1 1 2
     -1/2-1/2*t
    A 3 13  4 1  2 -1 1 1
     -1+t
    A 3 13  3 0  1 0 1 1
     1/2-1/2*t
    A 2 5  4 1  2 -1 2 0
     -1/2*s
;
  A 3 13  5 2  2 -2 1 2
   1
    A 3 13  5 2  2 -2 2 1
     1/2*s
    A 3 13  5 1  2 -1 1 2
     1+1/2*t*mh^2-t+1/2*s*mh^2-1/2*mh^2
    A 3 13  5 1  2 -1 2 1
     1/2*(-2+s+mh^2)*s
    A 3 13  4 1  1 -1 1 2
     1/2-1/2*t-1/2*s
    A 3 13  4 1  1 -1 2 1
     -1/2*s
    A 3 13  4 1  2 -1 1 1
     -1+t
    A 3 13  4 0  2 0 1 1
     1/2*(1+t-mh^2)*s
    A 3 13  3 0  1 0 1 1
     1/2*s
    A 2 9  4 1  2 -1 0 2
     -1
    A 2 9  3 0  2 0 0 1
     1/2-1/2*t
    A 2 5  4 1  2 -1 2 0
     1/2*s
    A 2 5  3 0  2 0 1 0
     -1/2*s
;
  A 3 13  5 2  1 -2 2 2
   1
    A 3 13  5 2  1 -2 3 1
     4
    A 3 13  5 1  1 -1 2 2
     1-t
    A 3 13  5 1  1 -1 3 1
     2*s
    A 3 13  4 1  1 -1 1 2
     s^(-1)*(-1+t)
    A 3 13  4 1  1 -1 2 1
     -3
    A 2 9  4 1  2 -1 0 2
     -s^(-1)*(-1+t+s)
    A 2 9  4 1  3 -1 0 1
     -2
    A 2 9  3 0  2 0 0 1
     1
;
  A 3 13  5 2  1 -2 2 2
   1
    A 3 13  5 2  1 -2 3 1
     s
    A 3 13  5 1  1 -1 2 2
     1+1/2*t*mh^2-t-1/2*mh^2
    A 3 13  5 1  1 -1 3 1
     2*s-s*mh^2
    A 3 13  4 1  1 -1 2 1
     -1+t
    A 2 9  4 1  2 -1 0 2
     -1/2-1/2*t
    A 2 9  3 0  2 0 0 1
     1/2-1/2*t
    A 2 5  4 1  1 -1 3 0
     -s
;
  A 3 13  5 2  1 -2 2 2
   1
    A 3 13  5 2  1 -2 3 1
     s
    A 3 13  5 1  1 -1 2 2
     1+1/2*t*mh^2-t+1/2*s*mh^2-1/2*mh^2
    A 3 13  5 1  1 -1 3 1
     (-2+s+mh^2)*s
    A 3 13  4 1  1 -1 1 2
     -1
    A 3 13  4 1  1 -1 2 1
     -1+t-1/2*s
    A 3 13  4 0  1 0 2 1
     1/2*(1+t-mh^2)*s
    A 3 13  3 0  1 0 1 1
     1/2-1/2*t
    A 2 9  4 1  2 -1 0 2
     1/2-1/2*t-1/2*s
    A 2 9  4 1  3 -1 0 1
     -s
    A 2 9  3 0  2 0 0 1
     1/2*s
    A 2 5  4 1  1 -1 3 0
     s
    A 2 5  3 0  1 0 2 0
     -1/2*s
;
  A 3 13  5 2  1 -2 1 3
   1
    A 3 13  5 2  1 -2 2 2
     1
    A 3 13  5 1  1 -1 1 3
     1-t
    A 3 13  5 1  1 -1 2 2
     1/2*s
    A 3 13  4 1  1 -1 1 2
     -1
    A 2 9  4 1  1 -1 0 3
     -1
    A 2 9  4 1  2 -1 0 2
     -1/2
    A 2 9  3 0  1 0 0 2
     1/2
;
  A 3 13  5 2  1 -2 1 3
   1
    A 3 13  5 2  1 -2 2 2
     1/4*s
    A 3 13  5 1  1 -1 1 3
     1+1/2*t*mh^2-t-1/2*mh^2
    A 3 13  5 1  1 -1 2 2
     1/2*s-1/4*s*mh^2
    A 3 13  4 1  1 -1 1 2
     -3/4+3/4*t
    A 3 13  4 1  1 -1 2 1
     -1/4*s
    A 2 9  4 1  1 -1 0 3
     -1/2-1/2*t
    A 2 9  3 0  1 0 0 2
     1/4-1/4*t
;
  A 3 13  5 2  1 -2 1 3
   1
    A 3 13  5 2  1 -2 2 2
     1/4*s
    A 3 13  5 1  1 -1 1 3
     1+1/2*t*mh^2-t+1/2*s*mh^2-1/2*mh^2
    A 3 13  5 1  1 -1 2 2
     1/4*(-2+s+mh^2)*s
    A 3 13  4 1  1 -1 1 2
     -3/4+3/4*t+1/4*s
    A 3 13  4 1  1 -1 2 1
     1/4*s
    A 3 13  4 0  1 0 1 2
     1/4*(1+t-mh^2)*s
    A 3 13  3 0  1 0 1 1
     -1/4*s
    A 2 9  4 1  1 -1 0 3
     -1/2-1/2*t-1/2*s
    A 2 9  4 1  2 -1 0 2
     -1/4*s
    A 2 9  3 0  1 0 0 2
     1/4-1/4*t+1/4*s
;
  A 3 13  5 3  2 -3 1 2
   1
    A 3 13  5 3  2 -3 2 1
     2
    A 3 13  5 2  2 -2 1 2
     1-t
    A 3 13  5 2  2 -2 2 1
     s
    A 3 13  4 2  1 -2 1 2
     -s^(-1)*(-1+t+s)
    A 3 13  4 2  1 -2 2 1
     -1
    A 3 13  4 2  2 -2 1 1
     -3
    A 3 13  3 1  1 -1 1 1
     2
    A 2 9  4 2  2 -2 0 2
     s^(-1)*(-1+t)
;
  A 3 13  5 3  2 -3 1 2
   1
    A 3 13  5 3  2 -3 2 1
     1/2*s
    A 3 13  5 2  2 -2 1 2
     1+1/2*t*mh^2-t-1/2*mh^2
    A 3 13  5 2  2 -2 2 1
     s-1/2*s*mh^2
    A 3 13  4 2  1 -2 1 2
     -1/2-1/2*t
    A 3 13  4 2  2 -2 1 1
     -3/2+3/2*t
    A 3 13  3 1  1 -1 1 1
     1-t
    A 2 5  4 2  2 -2 2 0
     -1/2*s
;
  A 3 13  5 3  2 -3 1 2
   1
    A 3 13  5 3  2 -3 2 1
     1/2*s
    A 3 13  5 2  2 -2 1 2
     1+1/2*t*mh^2-t+1/2*s*mh^2-1/2*mh^2
    A 3 13  5 2  2 -2 2 1
     1/2*(-2+s+mh^2)*s
    A 3 13  4 2  1 -2 1 2
     1/2-1/2*t-1/2*s
    A 3 13  4 2  1 -2 2 1
     -1/2*s
    A 3 13  4 2  2 -2 1 1
     -3/2+3/2*t
    A 3 13  4 1  2 -1 1 1
     (1+t-mh^2)*s
    A 3 13  3 1  1 -1 1 1
     s
    A 2 9  4 2  2 -2 0 2
     -1
    A 2 9  3 1  2 -1 0 1
     1-t
    A 2 5  4 2  2 -2 2 0
     1/2*s
    A 2 5  3 1  2 -1 1 0
     -s
;
  A 3 13  5 3  1 -3 2 2
   1
    A 3 13  5 3  1 -3 3 1
     4
    A 3 13  5 2  1 -2 2 2
     1-t
    A 3 13  5 2  1 -2 3 1
     2*s
    A 3 13  4 2  1 -2 1 2
     s^(-1)*(-1+t)
    A 3 13  4 2  1 -2 2 1
     -4
    A 2 9  4 2  2 -2 0 2
     -s^(-1)*(-1+t+s)
    A 2 9  4 2  3 -2 0 1
     -2
    A 2 9  3 1  2 -1 0 1
     2
;
  A 3 13  5 3  1 -3 2 2
   1
    A 3 13  5 3  1 -3 3 1
     s
    A 3 13  5 2  1 -2 2 2
     1+1/2*t*mh^2-t-1/2*mh^2
    A 3 13  5 2  1 -2 3 1
     2*s-s*mh^2
    A 3 13  4 2  1 -2 2 1
     -3/2+3/2*t
    A 2 9  4 2  2 -2 0 2
     -1/2-1/2*t
    A 2 9  3 1  2 -1 0 1
     1-t
    A 2 5  4 2  1 -2 3 0
     -s
;
  A 3 13  5 3  1 -3 2 2
   1
    A 3 13  5 3  1 -3 3 1
     s
    A 3 13  5 2  1 -2 2 2
     1+1/2*t*mh^2-t+1/2*s*mh^2-1/2*mh^2
    A 3 13  5 2  1 -2 3 1
     (-2+s+mh^2)*s
    A 3 13  4 2  1 -2 1 2
     -1
    A 3 13  4 2  1 -2 2 1
     -3/2+3/2*t-1/2*s
    A 3 13  4 1  1 -1 2 1
     (1+t-mh^2)*s
    A 3 13  3 1  1 -1 1 1
     1-t
    A 2 9  4 2  2 -2 0 2
     1/2-1/2*t-1/2*s
    A 2 9  4 2  3 -2 0 1
     -s
    A 2 9  3 1  2 -1 0 1
     s
    A 2 5  4 2  1 -2 3 0
     s
    A 2 5  3 1  1 -1 2 0
     -s
;
  A 3 13  5 3  1 -3 1 3
   1
    A 3 13  5 3  1 -3 2 2
     1
    A 3 13  5 2  1 -2 1 3
     1-t
    A 3 13  5 2  1 -2 2 2
     1/2*s
    A 3 13  4 2  1 -2 1 2
     -3/2
    A 2 9  4 2  1 -2 0 3
     -1
    A 2 9  4 2  2 -2 0 2
     -1/2
    A 2 9  3 1  1 -1 0 2
     1
;
  A 3 13  5 3  1 -3 1 3
   1
    A 3 13  5 3  1 -3 2 2
     1/4*s
    A 3 13  5 2  1 -2 1 3
     1+1/2*t*mh^2-t-1/2*mh^2
    A 3 13  5 2  1 -2 2 2
     1/2*s-1/4*s*mh^2
    A 3 13  4 2  1 -2 1 2
     -1+t
    A 3 13  4 2  1 -2 2 1
     -1/4*s
    A 2 9  4 2  1 -2 0 3
     -1/2-1/2*t
    A 2 9  3 1  1 -1 0 2
     1/2-1/2*t
;
  A 3 13  5 3  1 -3 1 3
   1
    A 3 13  5 3  1 -3 2 2
     1/4*s
    A 3 13  5 2  1 -2 1 3
     1+1/2*t*mh^2-t+1/2*s*mh^2-1/2*mh^2
    A 3 13  5 2  1 -2 2 2
     1/4*(-2+s+mh^2)*s
    A 3 13  4 2  1 -2 1 2
     -1+t+1/4*s
    A 3 13  4 2  1 -2 2 1
     1/4*s
    A 3 13  4 1  1 -1 1 2
     1/2*(1+t-mh^2)*s
    A 3 13  3 1  1 -1 1 1
     -1/2*s
    A 2 9  4 2  1 -2 0 3
     -1/2-1/2*t-1/2*s
    A 2 9  4 2  2 -2 0 2
     -1/4*s
    A 2 9  3 1  1 -1 0 2
     1/2-1/2*t+1/2*s
;
  A 3 13  5 4  2 -4 1 2
   1
    A 3 13  5 4  2 -4 2 1
     2
    A 3 13  5 3  2 -3 1 2
     1-t
    A 3 13  5 3  2 -3 2 1
     s
    A 3 13  4 3  1 -3 1 2
     -s^(-1)*(-1+t+s)
    A 3 13  4 3  1 -3 2 1
     -1
    A 3 13  4 3  2 -3 1 1
     -4
    A 3 13  3 2  1 -2 1 1
     3
    A 2 9  4 3  2 -3 0 2
     s^(-1)*(-1+t)
;
  A 3 13  5 4  2 -4 1 2
   1
    A 3 13  5 4  2 -4 2 1
     1/2*s
    A 3 13  5 3  2 -3 1 2
     1+1/2*t*mh^2-t-1/2*mh^2
    A 3 13  5 3  2 -3 2 1
     s-1/2*s*mh^2
    A 3 13  4 3  1 -3 1 2
     -1/2-1/2*t
    A 3 13  4 3  2 -3 1 1
     -2+2*t
    A 3 13  3 2  1 -2 1 1
     3/2-3/2*t
    A 2 5  4 3  2 -3 2 0
     -1/2*s
;
  A 3 13  5 4  2 -4 1 2
   1
    A 3 13  5 4  2 -4 2 1
     1/2*s
    A 3 13  5 3  2 -3 1 2
     1+1/2*t*mh^2-t+1/2*s*mh^2-1/2*mh^2
    A 3 13  5 3  2 -3 2 1
     1/2*(-2+s+mh^2)*s
    A 3 13  4 3  1 -3 1 2
     1/2-1/2*t-1/2*s
    A 3 13  4 3  1 -3 2 1
     -1/2*s
    A 3 13  4 3  2 -3 1 1
     -2+2*t
    A 3 13  4 2  2 -2 1 1
     3/2*(1+t-mh^2)*s
    A 3 13  3 2  1 -2 1 1
     3/2*s
    A 2 9  4 3  2 -3 0 2
     -1
    A 2 9  3 2  2 -2 0 1
     3/2-3/2*t
    A 2 5  4 3  2 -3 2 0
     1/2*s
    A 2 5  3 2  2 -2 1 0
     -3/2*s
;
  A 3 13  5 4  1 -4 2 2
   1
    A 3 13  5 4  1 -4 3 1
     4
    A 3 13  5 3  1 -3 2 2
     1-t
    A 3 13  5 3  1 -3 3 1
     2*s
    A 3 13  4 3  1 -3 1 2
     s^(-1)*(-1+t)
    A 3 13  4 3  1 -3 2 1
     -5
    A 2 9  4 3  2 -3 0 2
     -s^(-1)*(-1+t+s)
    A 2 9  4 3  3 -3 0 1
     -2
    A 2 9  3 2  2 -2 0 1
     3
;
  A 3 13  5 4  1 -4 2 2
   1
    A 3 13  5 4  1 -4 3 1
     s
    A 3 13  5 3  1 -3 2 2
     1+1/2*t*mh^2-t-1/2*mh^2
    A 3 13  5 3  1 -3 3 1
     2*s-s*mh^2
    A 3 13  4 3  1 -3 2 1
     -2+2*t
    A 2 9  4 3  2 -3 0 2
     -1/2-1/2*t
    A 2 9  3 2  2 -2 0 1
     3/2-3/2*t
    A 2 5  4 3  1 -3 3 0
     -s
;
  A 3 13  5 4  1 -4 2 2
   1
    A 3 13  5 4  1 -4 3 1
     s
    A 3 13  5 3  1 -3 2 2
     1+1/2*t*mh^2-t+1/2*s*mh^2-1/2*mh^2
    A 3 13  5 3  1 -3 3 1
     (-2+s+mh^2)*s
    A 3 13  4 3  1 -3 1 2
     -1
    A 3 13  4 3  1 -3 2 1
     -2+2*t-1/2*s
    A 3 13  4 2  1 -2 2 1
     3/2*(1+t-mh^2)*s
    A 3 13  3 2  1 -2 1 1
     3/2-3/2*t
    A 2 9  4 3  2 -3 0 2
     1/2-1/2*t-1/2*s
    A 2 9  4 3  3 -3 0 1
     -s
    A 2 9  3 2  2 -2 0 1
     3/2*s
    A 2 5  4 3  1 -3 3 0
     s
    A 2 5  3 2  1 -2 2 0
     -3/2*s
;
  A 3 13  5 4  1 -4 1 3
   1
    A 3 13  5 4  1 -4 2 2
     1
    A 3 13  5 3  1 -3 1 3
     1-t
    A 3 13  5 3  1 -3 2 2
     1/2*s
    A 3 13  4 3  1 -3 1 2
     -2
    A 2 9  4 3  1 -3 0 3
     -1
    A 2 9  4 3  2 -3 0 2
     -1/2
    A 2 9  3 2  1 -2 0 2
     3/2
;
  A 3 13  5 4  1 -4 1 3
   1
    A 3 13  5 4  1 -4 2 2
     1/4*s
    A 3 13  5 3  1 -3 1 3
     1+1/2*t*mh^2-t-1/2*mh^2
    A 3 13  5 3  1 -3 2 2
     1/2*s-1/4*s*mh^2
    A 3 13  4 3  1 -3 1 2
     -5/4+5/4*t
    A 3 13  4 3  1 -3 2 1
     -1/4*s
    A 2 9  4 3  1 -3 0 3
     -1/2-1/2*t
    A 2 9  3 2  1 -2 0 2
     3/4-3/4*t
;
  A 3 13  5 4  1 -4 1 3
   1
    A 3 13  5 4  1 -4 2 2
     1/4*s
    A 3 13  5 3  1 -3 1 3
     1+1/2*t*mh^2-t+1/2*s*mh^2-1/2*mh^2
    A 3 13  5 3  1 -3 2 2
     1/4*(-2+s+mh^2)*s
    A 3 13  4 3  1 -3 1 2
     -5/4+5/4*t+1/4*s
    A 3 13  4 3  1 -3 2 1
     1/4*s
    A 3 13  4 2  1 -2 1 2
     3/4*(1+t-mh^2)*s
    A 3 13  3 2  1 -2 1 1
     -3/4*s
    A 2 9  4 3  1 -3 0 3
     -1/2-1/2*t-1/2*s
    A 2 9  4 3  2 -3 0 2
     -1/4*s
    A 2 9  3 2  1 -2 0 2
     3/4-3/4*t+3/4*s
;
