 -0.5000000000000000      0.45451783031400616    
 -1.0000000000000000      0.45310764039018691    
 -1.5000000000000000      0.45159618544597501    
 -2.0000000000000000      0.45002228315664655    
 -2.5000000000000000      0.44840780795972234    
 -3.0000000000000000      0.44677240149831554    
 -3.5000000000000000      0.44512858401931737    
 -4.0000000000000000      0.44348186350046747    
 -4.5000000000000000      0.44184110996585057    
 -5.0000000000000000      0.44020870464856032    
 -5.5000000000000000      0.43858983740421431    
 -6.0000000000000000      0.43698328722795681    
 -6.5000000000000000      0.43539291757114334    
 -7.0000000000000000      0.43381880711406589    
 -7.5000000000000000      0.43226132654041615    
 -8.0000000000000000      0.43072249769560955    
 -8.5000000000000000      0.42920020811068326    
 -9.0000000000000000      0.42769653543830210    
 -9.5000000000000000      0.42620869756547974    
 -10.000000000000000      0.42473870105261457    
 -10.500000000000000      0.42328921169206135    
 -11.000000000000000      0.42185677030492574    
 -11.500000000000000      0.42044289260361744    
 -12.000000000000000      0.41904327356691695    
 -12.500000000000000      0.41766055977808613    
 -13.000000000000000      0.41629347701472779    
 -13.500000000000000      0.41494174048703269    
 -14.000000000000000      0.41360686285145398    
 -14.500000000000000      0.41228860088984914    
 -15.000000000000000      0.41098388955979936    
 -15.500000000000000      0.40969564517597090    
 -16.000000000000000      0.40842138404242617    
 -16.500000000000000      0.40716266960674585    
 -17.000000000000000      0.40591869259356505    
 -17.500000000000000      0.40468802129661368    
 -18.000000000000000      0.40347127233184487    
 -18.500000000000000      0.40226697171377068    
 -19.000000000000000      0.40107606650449717    
 -19.500000000000000      0.39989670532172944    
 -20.000000000000000      0.39873105831025818    
 -20.500000000000000      0.39757616264900269    
 -21.000000000000000      0.39643518717843295    
 -21.500000000000000      0.39530648522271322    
 -22.000000000000000      0.39419026926504641    
 -22.500000000000000      0.39308493078910261    
 -23.000000000000000      0.39199242469585088    
 -23.500000000000000      0.39090933459041349    
 -24.000000000000000      0.38983741134956795    
 -24.500000000000000      0.38877554464301866    
