  Wbox 2 5  2 1  1 -1 1 0
   1
    Wbox 2 5  2 0  1 0 1 0
     1/2*s
;
  Wbox 2 5  2 1  1 0 1 -1
   1
    Wbox 2 5  2 0  1 0 1 0
     -1+1/2*s+mW^2
;
  Wbox 2 5  2 2  1 -2 1 0
   1
    Wbox 2 5  2 0  1 0 1 0
     -1/4*(-1+d)^(-1)*s^2*d
;
  Wbox 2 5  2 2  1 -1 1 -1
   1
    Wbox 2 5  2 0  1 0 1 0
     1/4*(-1+d)^(-1)*(2*s*d-2*mW^2*s*d-2*s*t+2*mW^2*s-s^2*d)
;
  Wbox 2 5  2 2  1 0 1 -2
   1
    Wbox 2 5  2 0  1 0 1 0
     1/4*(-1+d)^(-1)*(4+4*s*d-4*mW^2*s*d+4*mW^4-4*d+8*mW^2*d-4*mW^4*d+4*mW^2*s-8*mW^2-s^2*d)
;
  Wbox 2 5  3 0  2 0 1 0
   1
    Wbox 2 5  2 0  1 0 1 0
     s^(-1)*(-3+d)
;
  Wbox 2 5  3 0  1 0 2 0
   1
    Wbox 2 5  2 0  1 0 1 0
     s^(-1)*(-3+d)
;
  Wbox 2 5  3 1  2 -1 1 0
   1
    Wbox 2 5  2 0  1 0 1 0
     1-1/2*d
;
  Wbox 2 5  3 1  2 0 1 -1
   1
    Wbox 2 5  2 0  1 0 1 0
     -1/2*s^(-1)*(6+s*d-2*s-2*d+2*mW^2*d-6*mW^2)
;
  Wbox 2 5  3 1  1 -1 2 0
   1
    Wbox 2 5  2 0  1 0 1 0
     1-1/2*d
;
  Wbox 2 5  3 1  1 0 2 -1
   1
    Wbox 2 5  2 0  1 0 1 0
     -1/2*s^(-1)*(6+s*d-2*s-2*d+2*mW^2*d-6*mW^2)
;
  Wbox 2 5  3 2  2 -2 1 0
   1
    Wbox 2 5  2 0  1 0 1 0
     1/4*s*d
;
  Wbox 2 5  3 2  2 -1 1 -1
   1
    Wbox 2 5  2 0  1 0 1 0
     1/2+1/4*s*d-1/2*d+1/2*mW^2*d+1/2*t-mW^2
;
  Wbox 2 5  3 2  2 0 1 -2
   1
    Wbox 2 5  2 0  1 0 1 0
     -1/4*(12+4*s*d-4*s-4*mW^2*s*d+12*mW^4-4*d+8*mW^2*d-4*mW^4*d+8*mW^2*s-24*mW^2-s^2*d)*s^(-1)
;
  Wbox 2 5  3 2  1 -2 2 0
   1
    Wbox 2 5  2 0  1 0 1 0
     1/4*s*d
;
  Wbox 2 5  3 2  1 -1 2 -1
   1
    Wbox 2 5  2 0  1 0 1 0
     1/2+1/4*s*d-1/2*d+1/2*mW^2*d+1/2*t-mW^2
;
  Wbox 2 5  3 2  1 0 2 -2
   1
    Wbox 2 5  2 0  1 0 1 0
     -1/4*(12+4*s*d-4*s-4*mW^2*s*d+12*mW^4-4*d+8*mW^2*d-4*mW^4*d+8*mW^2*s-24*mW^2-s^2*d)*s^(-1)
;
  Wbox 2 5  3 3  1 -3 2 0
   1
    Wbox 2 5  3 3  2 -3 1 0
     1
    Wbox 2 5  2 0  1 0 1 0
     -1/4*(-1+d)^(-1)*s^2*d*(2+d)
;
  Wbox 2 5  3 3  1 -2 2 -1
   1
    Wbox 2 5  3 3  2 -2 1 -1
     1
    Wbox 2 5  2 0  1 0 1 0
     1/4*(-1+d)^(-1)*(2*s*d+2*mW^2*s*d-2*mW^2*s*d^2+2*s*d^2-s^2*d^2-4*s*d*t-2*s^2*d)
;
  Wbox 2 5  3 3  1 -1 2 -2
   1
    Wbox 2 5  3 3  2 -1 1 -2
     1
    Wbox 2 5  2 0  1 0 1 0
     1/4*(-1+d)^(-1)*(4*s*d+8*mW^2*d^2-4*d^2+8*mW^2*t+4*mW^2*s*d-8*mW^4-4*mW^2*s*d^2+8*d*t+4*s*d^2+4*d-16*mW^2*d-8*mW^2*d*t-s^2*d^2-4*s*d*t-4*mW^4*d^2-8*t+12*mW^4*d+8*mW^2-2*s^2*d)
;
  Wbox 2 5  3 3  1 0 2 -3
   1
    Wbox 2 5  3 3  2 0 1 -3
     1
    Wbox 2 5  2 0  1 0 1 0
     -1/4*(-1+d)^(-1)*(-24+12*mW^4*s*d^2-12*s*d+24*mW^6+24*mW^2*d^2-8*d^2+48*mW^2*s*d-72*mW^4-24*mW^2*s*d^2+24*mW^4*s+12*s*d^2+32*d-96*mW^2*d-36*mW^4*s*d-6*s^2*d^2-32*mW^6*d+2*s^3*d+6*mW^2*s^2*d^2-24*mW^4*d^2+96*mW^4*d-6*mW^2*s^2*d+s^3*d^2-24*mW^2*s+72*mW^2-6*s^2*d+8*mW^6*d^2)*s^(-1)
;
  Wbox 2 5  4 0  3 0 1 0
   1
    Wbox 2 5  2 0  1 0 1 0
     -1/2*s^(-2)*(12+d^2-7*d)
;
  Wbox 2 5  4 0  2 0 2 0
   1
    Wbox 2 5  2 0  1 0 1 0
     -s^(-2)*(18+d^2-9*d)
;
  Wbox 2 5  4 0  1 0 3 0
   1
    Wbox 2 5  2 0  1 0 1 0
     -1/2*s^(-2)*(-4+d)*(-3+d)
;
  Wbox 2 5  4 1  3 -1 1 0
   1
    Wbox 2 5  2 0  1 0 1 0
     1/4*s^(-1)*(6+d^2-5*d)
;
  Wbox 2 5  4 1  3 0 1 -1
   1
    Wbox 2 5  2 0  1 0 1 0
     -1/4*s^(-2)*(24+5*s*d-2*mW^2*d^2+2*d^2-6*s-s*d^2-14*d+14*mW^2*d-24*mW^2)
;
  Wbox 2 5  4 1  2 -1 2 0
   1
    Wbox 2 5  2 0  1 0 1 0
     1/2*s^(-1)*(12+d^2-7*d)
;
  Wbox 2 5  4 1  2 0 2 -1
   1
    Wbox 2 5  2 0  1 0 1 0
     -1/2*(36+7*s*d-2*mW^2*d^2+2*d^2-12*s-s*d^2-18*d+18*mW^2*d-36*mW^2)*s^(-2)
;
  Wbox 2 5  4 1  1 -1 3 0
   1
    Wbox 2 5  2 0  1 0 1 0
     1/4*s^(-1)*(-3+d)*(-2+d)
;
  Wbox 2 5  4 1  1 0 3 -1
   1
    Wbox 2 5  2 0  1 0 1 0
     -1/4*s^(-2)*(24+5*s*d-2*mW^2*d^2+2*d^2-6*s-s*d^2-14*d+14*mW^2*d-24*mW^2)
;
  Wbox 2 5  4 2  3 -2 1 0
   1
    Wbox 2 5  2 0  1 0 1 0
     -1/8*d^2+1/4*d
;
  Wbox 2 5  4 2  3 -1 1 -1
   1
    Wbox 2 5  2 0  1 0 1 0
     1/8*s^(-1)*(8+2*s*d-2*mW^2*d^2+2*d^2-2*d*t-s*d^2-8*d+10*mW^2*d+4*t-12*mW^2)
;
  Wbox 2 5  4 2  3 0 1 -2
   1
    Wbox 2 5  2 0  1 0 1 0
     -1/8*s^(-2)*(48+16*s*d-8*mW^2*d^2+4*d^2-16*s-20*mW^2*s*d+48*mW^4+4*mW^2*s*d^2-4*s*d^2-28*d+56*mW^2*d+s^2*d^2+4*mW^4*d^2-28*mW^4*d+24*mW^2*s-96*mW^2-2*s^2*d)
;
  Wbox 2 5  4 2  2 -2 2 0
   1
    Wbox 2 5  2 0  1 0 1 0
     -1-1/4*d^2+d
;
  Wbox 2 5  4 2  2 -1 2 -1
   1
    Wbox 2 5  2 0  1 0 1 0
     1/4*s^(-1)*(16+4*s*d-2*mW^2*d^2+2*d^2-4*s-2*d*t-s*d^2-12*d+14*mW^2*d+8*t-24*mW^2)
;
  Wbox 2 5  4 2  2 0 2 -2
   1
    Wbox 2 5  2 0  1 0 1 0
     -1/4*s^(-2)*(72+24*s*d-8*mW^2*d^2+4*d^2-32*s-28*mW^2*s*d+72*mW^4+4*mW^2*s*d^2-4*s*d^2-36*d+72*mW^2*d+s^2*d^2+4*s^2+4*mW^4*d^2-36*mW^4*d+48*mW^2*s-144*mW^2-4*s^2*d)
;
  Wbox 2 5  4 2  1 -2 3 0
   1
    Wbox 2 5  2 0  1 0 1 0
     -1/8*d^2+1/4*d
;
  Wbox 2 5  4 2  1 -1 3 -1
   1
    Wbox 2 5  2 0  1 0 1 0
     1/8*s^(-1)*(8+2*s*d-2*mW^2*d^2+2*d^2-2*d*t-s*d^2-8*d+10*mW^2*d+4*t-12*mW^2)
;
  Wbox 2 5  4 2  1 0 3 -2
   1
    Wbox 2 5  2 0  1 0 1 0
     -1/8*s^(-2)*(48+16*s*d-8*mW^2*d^2+4*d^2-16*s-20*mW^2*s*d+48*mW^4+4*mW^2*s*d^2-4*s*d^2-28*d+56*mW^2*d+s^2*d^2+4*mW^4*d^2-28*mW^4*d+24*mW^2*s-96*mW^2-2*s^2*d)
;
  Wbox 2 5  4 3  2 -3 2 0
   1
    Wbox 2 5  4 3  3 -3 1 0
     2
    Wbox 2 5  4 2  3 -2 1 0
     2*s
    Wbox 2 5  3 2  2 -2 1 0
     -3
;
  Wbox 2 5  4 3  2 -3 2 0
   1
    Wbox 2 5  4 3  3 -3 1 0
     2
    Wbox 2 5  4 2  2 -2 2 0
     s
    Wbox 2 5  3 2  1 -2 2 0
     -1
    Wbox 2 5  3 2  2 -2 1 0
     -4
    Wbox 2 5  2 1  1 -1 1 0
     2
;
  Wbox 2 5  4 3  2 -2 2 -1
   1
    Wbox 2 5  4 3  3 -2 1 -1
     2
    Wbox 2 5  4 2  3 -1 1 -1
     2*s
    Wbox 2 5  3 2  2 -1 1 -1
     -2
    Wbox 2 5  3 2  2 -2 1 0
     -1
    Wbox 2 5  3 1  2 -1 1 0
     -1+t
;
  Wbox 2 5  4 3  2 -2 2 -1
   1
    Wbox 2 5  4 3  3 -2 1 -1
     2
    Wbox 2 5  4 2  2 -2 2 0
     -1+s+mW^2
    Wbox 2 5  4 2  3 -2 1 0
     -2+2*mW^2
    Wbox 2 5  3 2  1 -2 2 0
     -1
    Wbox 2 5  3 2  2 -1 1 -1
     -2
    Wbox 2 5  3 2  2 -2 1 0
     -2
    Wbox 2 5  3 1  2 -1 1 0
     2*t-2*mW^2
    Wbox 2 5  2 1  1 -1 1 0
     2
;
  Wbox 2 5  4 3  2 -2 2 -1
   1
    Wbox 2 5  4 3  3 -2 1 -1
     2
    Wbox 2 5  4 2  2 -1 2 -1
     s
    Wbox 2 5  3 2  1 -1 2 -1
     -1
    Wbox 2 5  3 2  2 -1 1 -1
     -3
    Wbox 2 5  3 2  2 -2 1 0
     -1
    Wbox 2 5  3 1  2 -1 1 0
     -1+t
    Wbox 2 5  2 1  1 0 1 -1
     1
    Wbox 2 5  2 1  1 -1 1 0
     1
;
  Wbox 2 5  4 3  2 -1 2 -2
   1
    Wbox 2 5  4 3  3 -1 1 -2
     2
    Wbox 2 5  4 2  3 0 1 -2
     2*s
    Wbox 2 5  3 2  2 0 1 -2
     -1
    Wbox 2 5  3 2  2 -1 1 -1
     -2
    Wbox 2 5  3 1  2 0 1 -1
     -2+2*t
;
  Wbox 2 5  4 3  2 -1 2 -2
   1
    Wbox 2 5  4 3  3 -1 1 -2
     2
    Wbox 2 5  4 2  2 -1 2 -1
     -1+s+mW^2
    Wbox 2 5  4 2  3 -1 1 -1
     -2+2*mW^2
    Wbox 2 5  3 2  1 -1 2 -1
     -1
    Wbox 2 5  3 2  2 0 1 -2
     -1
    Wbox 2 5  3 2  2 -1 1 -1
     -3
    Wbox 2 5  3 1  2 0 1 -1
     t-mW^2
    Wbox 2 5  3 1  2 -1 1 0
     -1-mW^2
    Wbox 2 5  2 1  1 0 1 -1
     1
    Wbox 2 5  2 1  1 -1 1 0
     1
;
  Wbox 2 5  4 3  2 -1 2 -2
   1
    Wbox 2 5  4 3  3 -1 1 -2
     2
    Wbox 2 5  4 2  2 0 2 -2
     s
    Wbox 2 5  3 2  1 0 2 -2
     -1
    Wbox 2 5  3 2  2 0 1 -2
     -2
    Wbox 2 5  3 2  2 -1 1 -1
     -2
    Wbox 2 5  3 1  2 0 1 -1
     -2+2*t
    Wbox 2 5  2 1  1 0 1 -1
     2
;
  Wbox 2 5  4 3  2 0 2 -3
   1
    Wbox 2 5  4 3  3 0 1 -3
     2
    Wbox 2 5  4 2  2 0 2 -2
     -1+s+mW^2
    Wbox 2 5  4 2  3 0 1 -2
     -2+2*mW^2
    Wbox 2 5  3 2  1 0 2 -2
     -1
    Wbox 2 5  3 2  2 0 1 -2
     -4
    Wbox 2 5  3 1  2 0 1 -1
     -2-2*mW^2
    Wbox 2 5  2 1  1 0 1 -1
     2
;
  Wbox 2 5  4 3  1 -3 3 0
   1
    Wbox 2 5  4 3  2 -3 2 0
     1/2
    Wbox 2 5  4 2  2 -2 2 0
     1/2*s
    Wbox 2 5  3 2  1 -2 2 0
     -2
    Wbox 2 5  3 2  2 -2 1 0
     -1/2
    Wbox 2 5  2 1  1 -1 1 0
     1
;
  Wbox 2 5  4 3  1 -3 3 0
   1
    Wbox 2 5  4 3  2 -3 2 0
     1/2
    Wbox 2 5  4 2  1 -2 3 0
     s
    Wbox 2 5  3 2  1 -2 2 0
     -3/2
;
  Wbox 2 5  4 3  1 -2 3 -1
   1
    Wbox 2 5  4 3  2 -2 2 -1
     1/2
    Wbox 2 5  4 2  2 -1 2 -1
     1/2*s
    Wbox 2 5  3 2  1 -1 2 -1
     -3/2
    Wbox 2 5  3 2  1 -2 2 0
     -1/2
    Wbox 2 5  3 2  2 -1 1 -1
     -1/2
    Wbox 2 5  3 1  1 -1 2 0
     -1/2+1/2*t
    Wbox 2 5  2 1  1 0 1 -1
     1/2
    Wbox 2 5  2 1  1 -1 1 0
     1/2
;
  Wbox 2 5  4 3  1 -2 3 -1
   1
    Wbox 2 5  4 3  2 -2 2 -1
     1/2
    Wbox 2 5  4 2  1 -2 3 0
     -1+s+mW^2
    Wbox 2 5  4 2  2 -2 2 0
     -1/2+1/2*mW^2
    Wbox 2 5  3 2  1 -1 2 -1
     -1
    Wbox 2 5  3 2  1 -2 2 0
     -1/2
    Wbox 2 5  3 1  1 -1 2 0
     t-mW^2
;
  Wbox 2 5  4 3  1 -2 3 -1
   1
    Wbox 2 5  4 3  2 -2 2 -1
     1/2
    Wbox 2 5  4 2  1 -1 3 -1
     s
    Wbox 2 5  3 2  1 -1 2 -1
     -1
    Wbox 2 5  3 2  1 -2 2 0
     -1/2
    Wbox 2 5  3 1  1 -1 2 0
     -1/2+1/2*t
;
  Wbox 2 5  4 3  1 -1 3 -2
   1
    Wbox 2 5  4 3  2 -1 2 -2
     1/2
    Wbox 2 5  4 2  2 0 2 -2
     1/2*s
    Wbox 2 5  3 2  1 0 2 -2
     -1
    Wbox 2 5  3 2  1 -1 2 -1
     -1
    Wbox 2 5  3 2  2 0 1 -2
     -1/2
    Wbox 2 5  3 1  1 0 2 -1
     -1+t
    Wbox 2 5  2 1  1 0 1 -1
     1
;
  Wbox 2 5  4 3  1 -1 3 -2
   1
    Wbox 2 5  4 3  2 -1 2 -2
     1/2
    Wbox 2 5  4 2  1 -1 3 -1
     -1+s+mW^2
    Wbox 2 5  4 2  2 -1 2 -1
     -1/2+1/2*mW^2
    Wbox 2 5  3 2  1 0 2 -2
     -1/2
    Wbox 2 5  3 2  1 -1 2 -1
     -1
    Wbox 2 5  3 1  1 0 2 -1
     1/2*t-1/2*mW^2
    Wbox 2 5  3 1  1 -1 2 0
     -1/2-1/2*mW^2
;
  Wbox 2 5  4 3  1 -1 3 -2
   1
    Wbox 2 5  4 3  2 -1 2 -2
     1/2
    Wbox 2 5  4 2  1 0 3 -2
     s
    Wbox 2 5  3 2  1 0 2 -2
     -1/2
    Wbox 2 5  3 2  1 -1 2 -1
     -1
    Wbox 2 5  3 1  1 0 2 -1
     -1+t
;
  Wbox 2 5  4 3  1 0 3 -3
   1
    Wbox 2 5  4 3  2 0 2 -3
     1/2
    Wbox 2 5  4 2  1 0 3 -2
     -1+s+mW^2
    Wbox 2 5  4 2  2 0 2 -2
     -1/2+1/2*mW^2
    Wbox 2 5  3 2  1 0 2 -2
     -3/2
    Wbox 2 5  3 1  1 0 2 -1
     -1-mW^2
;
  Wbox 2 5  5 0  3 0 2 0
   1
    Wbox 2 5  4 0  2 0 2 0
     -s^(-1)
    Wbox 2 5  4 0  3 0 1 0
     s^(-1)*(-7+d)
;
  Wbox 2 5  5 0  2 0 3 0
   1
    Wbox 2 5  4 0  1 0 3 0
     -s^(-1)
    Wbox 2 5  4 0  2 0 2 0
     1/2*s^(-1)*(-6+d)
;
  Wbox 2 5  5 0  1 0 4 0
   1
    Wbox 2 5  4 0  1 0 3 0
     1/3*s^(-1)*(-5+d)
;
  Wbox 2 5  5 1  3 -1 2 0
   1
    Wbox 2 5  4 1  2 -1 2 0
     -s^(-1)
    Wbox 2 5  4 1  3 -1 1 0
     s^(-1)*(-6+d)
    Wbox 2 5  3 0  2 0 1 0
     s^(-1)
;
  Wbox 2 5  5 1  3 -1 2 0
   1
    Wbox 2 5  5 1  4 -1 1 0
     3
    Wbox 2 5  5 0  4 0 1 0
     3*s
    Wbox 2 5  4 0  3 0 1 0
     -1
;
  Wbox 2 5  5 1  3 -1 2 0
   1
    Wbox 2 5  5 1  4 -1 1 0
     3
    Wbox 2 5  5 0  3 0 2 0
     s
    Wbox 2 5  4 0  2 0 2 0
     -1
    Wbox 2 5  4 0  3 0 1 0
     -3
;
  Wbox 2 5  5 1  3 0 2 -1
   1
    Wbox 2 5  4 1  2 0 2 -1
     -s^(-1)
    Wbox 2 5  4 1  3 0 1 -1
     s^(-1)*(-6+d)
    Wbox 2 5  4 0  3 0 1 0
     (-1+mW^2)*s^(-1)
    Wbox 2 5  3 0  2 0 1 0
     s^(-1)
;
  Wbox 2 5  5 1  3 0 2 -1
   1
    Wbox 2 5  5 1  4 0 1 -1
     3
    Wbox 2 5  5 0  3 0 2 0
     -1+s+mW^2
    Wbox 2 5  5 0  4 0 1 0
     -3+3*mW^2
    Wbox 2 5  4 0  2 0 2 0
     -1
    Wbox 2 5  4 0  3 0 1 0
     -3
;
  Wbox 2 5  5 1  2 -1 3 0
   1
    Wbox 2 5  4 1  1 -1 3 0
     -s^(-1)
    Wbox 2 5  4 1  2 -1 2 0
     1/2*s^(-1)*(-5+d)
    Wbox 2 5  3 0  1 0 2 0
     1/2*s^(-1)
;
  Wbox 2 5  5 1  2 -1 3 0
   1
    Wbox 2 5  5 1  3 -1 2 0
     1
    Wbox 2 5  5 0  3 0 2 0
     s
    Wbox 2 5  4 0  2 0 2 0
     -1
    Wbox 2 5  4 0  3 0 1 0
     -1
;
  Wbox 2 5  5 1  2 -1 3 0
   1
    Wbox 2 5  5 1  3 -1 2 0
     1
    Wbox 2 5  5 0  2 0 3 0
     s
    Wbox 2 5  4 0  1 0 3 0
     -1
    Wbox 2 5  4 0  2 0 2 0
     -1
;
  Wbox 2 5  5 1  2 0 3 -1
   1
    Wbox 2 5  4 1  1 0 3 -1
     -s^(-1)
    Wbox 2 5  4 1  2 0 2 -1
     1/2*s^(-1)*(-5+d)
    Wbox 2 5  4 0  2 0 2 0
     1/2*(-1+mW^2)*s^(-1)
    Wbox 2 5  3 0  1 0 2 0
     1/2*s^(-1)
;
  Wbox 2 5  5 1  2 0 3 -1
   1
    Wbox 2 5  5 1  3 0 2 -1
     1
    Wbox 2 5  5 0  2 0 3 0
     -1+s+mW^2
    Wbox 2 5  5 0  3 0 2 0
     -1+mW^2
    Wbox 2 5  4 0  1 0 3 0
     -1
    Wbox 2 5  4 0  2 0 2 0
     -1
;
  Wbox 2 5  5 1  1 -1 4 0
   1
    Wbox 2 5  4 1  1 -1 3 0
     1/3*s^(-1)*(-4+d)
;
  Wbox 2 5  5 1  1 -1 4 0
   1
    Wbox 2 5  5 1  2 -1 3 0
     1/3
    Wbox 2 5  5 0  2 0 3 0
     1/3*s
    Wbox 2 5  4 0  1 0 3 0
     -1
    Wbox 2 5  4 0  2 0 2 0
     -1/3
;
  Wbox 2 5  5 1  1 -1 4 0
   1
    Wbox 2 5  5 1  2 -1 3 0
     1/3
    Wbox 2 5  5 0  1 0 4 0
     s
    Wbox 2 5  4 0  1 0 3 0
     -1/3
;
  Wbox 2 5  5 1  1 0 4 -1
   1
    Wbox 2 5  4 1  1 0 3 -1
     1/3*s^(-1)*(-4+d)
    Wbox 2 5  4 0  1 0 3 0
     1/3*(-1+mW^2)*s^(-1)
;
  Wbox 2 5  5 1  1 0 4 -1
   1
    Wbox 2 5  5 1  2 0 3 -1
     1/3
    Wbox 2 5  5 0  1 0 4 0
     -1+s+mW^2
    Wbox 2 5  5 0  2 0 3 0
     -1/3+1/3*mW^2
    Wbox 2 5  4 0  1 0 3 0
     -1/3
;
  Wbox 2 5  5 2  3 -2 2 0
   1
    Wbox 2 5  4 2  2 -2 2 0
     -s^(-1)
    Wbox 2 5  4 2  3 -2 1 0
     s^(-1)*(-5+d)
    Wbox 2 5  3 1  2 -1 1 0
     2*s^(-1)
;
  Wbox 2 5  5 2  3 -2 2 0
   1
    Wbox 2 5  5 2  4 -2 1 0
     3
    Wbox 2 5  5 1  4 -1 1 0
     3*s
    Wbox 2 5  4 1  3 -1 1 0
     -2
;
  Wbox 2 5  5 2  3 -2 2 0
   1
    Wbox 2 5  5 2  4 -2 1 0
     3
    Wbox 2 5  5 1  3 -1 2 0
     s
    Wbox 2 5  4 1  2 -1 2 0
     -1
    Wbox 2 5  4 1  3 -1 1 0
     -4
    Wbox 2 5  3 0  2 0 1 0
     1
;
  Wbox 2 5  5 2  3 -1 2 -1
   1
    Wbox 2 5  4 2  2 -1 2 -1
     -s^(-1)
    Wbox 2 5  4 2  3 -1 1 -1
     s^(-1)*(-5+d)
    Wbox 2 5  4 1  3 -1 1 0
     (-1+mW^2)*s^(-1)
    Wbox 2 5  3 1  2 0 1 -1
     s^(-1)
    Wbox 2 5  3 1  2 -1 1 0
     s^(-1)
;
  Wbox 2 5  5 2  3 -1 2 -1
   1
    Wbox 2 5  5 2  4 -1 1 -1
     3
    Wbox 2 5  5 1  4 0 1 -1
     3*s
    Wbox 2 5  4 1  3 0 1 -1
     -1
    Wbox 2 5  4 1  3 -1 1 0
     -1
    Wbox 2 5  4 0  3 0 1 0
     -1+t
;
  Wbox 2 5  5 2  3 -1 2 -1
   1
    Wbox 2 5  5 2  4 -1 1 -1
     3
    Wbox 2 5  5 1  3 -1 2 0
     -1+s+mW^2
    Wbox 2 5  5 1  4 -1 1 0
     -3+3*mW^2
    Wbox 2 5  4 1  2 -1 2 0
     -1
    Wbox 2 5  4 1  3 0 1 -1
     -1
    Wbox 2 5  4 1  3 -1 1 0
     -3
    Wbox 2 5  4 0  3 0 1 0
     t-mW^2
    Wbox 2 5  3 0  2 0 1 0
     1
;
  Wbox 2 5  5 2  3 -1 2 -1
   1
    Wbox 2 5  5 2  4 -1 1 -1
     3
    Wbox 2 5  5 1  3 0 2 -1
     s
    Wbox 2 5  4 1  2 0 2 -1
     -1
    Wbox 2 5  4 1  3 0 1 -1
     -3
    Wbox 2 5  4 1  3 -1 1 0
     -1
    Wbox 2 5  4 0  3 0 1 0
     -1+t
    Wbox 2 5  3 0  2 0 1 0
     1
;
  Wbox 2 5  5 2  3 0 2 -2
   1
    Wbox 2 5  4 2  2 0 2 -2
     -s^(-1)
    Wbox 2 5  4 2  3 0 1 -2
     s^(-1)*(-5+d)
    Wbox 2 5  4 1  3 0 1 -1
     2*(-1+mW^2)*s^(-1)
    Wbox 2 5  3 1  2 0 1 -1
     2*s^(-1)
;
  Wbox 2 5  5 2  3 0 2 -2
   1
    Wbox 2 5  5 2  4 0 1 -2
     3
    Wbox 2 5  5 1  3 0 2 -1
     -1+s+mW^2
    Wbox 2 5  5 1  4 0 1 -1
     -3+3*mW^2
    Wbox 2 5  4 1  2 0 2 -1
     -1
    Wbox 2 5  4 1  3 0 1 -1
     -4
    Wbox 2 5  4 0  3 0 1 0
     -1-mW^2
    Wbox 2 5  3 0  2 0 1 0
     1
;
  Wbox 2 5  5 2  2 -2 3 0
   1
    Wbox 2 5  4 2  1 -2 3 0
     -s^(-1)
    Wbox 2 5  4 2  2 -2 2 0
     1/2*s^(-1)*(-4+d)
    Wbox 2 5  3 1  1 -1 2 0
     s^(-1)
;
  Wbox 2 5  5 2  2 -2 3 0
   1
    Wbox 2 5  5 2  3 -2 2 0
     1
    Wbox 2 5  5 1  3 -1 2 0
     s
    Wbox 2 5  4 1  2 -1 2 0
     -3/2
    Wbox 2 5  4 1  3 -1 1 0
     -1
    Wbox 2 5  3 0  2 0 1 0
     1/2
;
  Wbox 2 5  5 2  2 -2 3 0
   1
    Wbox 2 5  5 2  3 -2 2 0
     1
    Wbox 2 5  5 1  2 -1 3 0
     s
    Wbox 2 5  4 1  1 -1 3 0
     -1
    Wbox 2 5  4 1  2 -1 2 0
     -3/2
    Wbox 2 5  3 0  1 0 2 0
     1/2
;
  Wbox 2 5  5 2  2 -1 3 -1
   1
    Wbox 2 5  4 2  1 -1 3 -1
     -s^(-1)
    Wbox 2 5  4 2  2 -1 2 -1
     1/2*s^(-1)*(-4+d)
    Wbox 2 5  4 1  2 -1 2 0
     1/2*(-1+mW^2)*s^(-1)
    Wbox 2 5  3 1  1 0 2 -1
     1/2*s^(-1)
    Wbox 2 5  3 1  1 -1 2 0
     1/2*s^(-1)
;
  Wbox 2 5  5 2  2 -1 3 -1
   1
    Wbox 2 5  5 2  3 -1 2 -1
     1
    Wbox 2 5  5 1  3 0 2 -1
     s
    Wbox 2 5  4 1  2 0 2 -1
     -1
    Wbox 2 5  4 1  2 -1 2 0
     -1/2
    Wbox 2 5  4 1  3 0 1 -1
     -1
    Wbox 2 5  4 0  2 0 2 0
     -1/2+1/2*t
    Wbox 2 5  3 0  2 0 1 0
     1/2
;
  Wbox 2 5  5 2  2 -1 3 -1
   1
    Wbox 2 5  5 2  3 -1 2 -1
     1
    Wbox 2 5  5 1  2 -1 3 0
     -1+s+mW^2
    Wbox 2 5  5 1  3 -1 2 0
     -1+mW^2
    Wbox 2 5  4 1  1 -1 3 0
     -1
    Wbox 2 5  4 1  2 0 2 -1
     -1/2
    Wbox 2 5  4 1  2 -1 2 0
     -1
    Wbox 2 5  4 0  2 0 2 0
     1/2*t-1/2*mW^2
    Wbox 2 5  3 0  1 0 2 0
     1/2
;
  Wbox 2 5  5 2  2 -1 3 -1
   1
    Wbox 2 5  5 2  3 -1 2 -1
     1
    Wbox 2 5  5 1  2 0 3 -1
     s
    Wbox 2 5  4 1  1 0 3 -1
     -1
    Wbox 2 5  4 1  2 0 2 -1
     -1
    Wbox 2 5  4 1  2 -1 2 0
     -1/2
    Wbox 2 5  4 0  2 0 2 0
     -1/2+1/2*t
    Wbox 2 5  3 0  1 0 2 0
     1/2
;
  Wbox 2 5  5 2  2 0 3 -2
   1
    Wbox 2 5  4 2  1 0 3 -2
     -s^(-1)
    Wbox 2 5  4 2  2 0 2 -2
     1/2*s^(-1)*(-4+d)
    Wbox 2 5  4 1  2 0 2 -1
     (-1+mW^2)*s^(-1)
    Wbox 2 5  3 1  1 0 2 -1
     s^(-1)
;
  Wbox 2 5  5 2  2 0 3 -2
   1
    Wbox 2 5  5 2  3 0 2 -2
     1
    Wbox 2 5  5 1  2 0 3 -1
     -1+s+mW^2
    Wbox 2 5  5 1  3 0 2 -1
     -1+mW^2
    Wbox 2 5  4 1  1 0 3 -1
     -1
    Wbox 2 5  4 1  2 0 2 -1
     -3/2
    Wbox 2 5  4 0  2 0 2 0
     -1/2-1/2*mW^2
    Wbox 2 5  3 0  1 0 2 0
     1/2
;
  Wbox 2 5  5 2  1 -2 4 0
   1
    Wbox 2 5  4 2  1 -2 3 0
     1/3*s^(-1)*(-3+d)
;
  Wbox 2 5  5 2  1 -2 4 0
   1
    Wbox 2 5  5 2  2 -2 3 0
     1/3
    Wbox 2 5  5 1  2 -1 3 0
     1/3*s
    Wbox 2 5  4 1  1 -1 3 0
     -4/3
    Wbox 2 5  4 1  2 -1 2 0
     -1/3
    Wbox 2 5  3 0  1 0 2 0
     1/3
;
  Wbox 2 5  5 2  1 -2 4 0
   1
    Wbox 2 5  5 2  2 -2 3 0
     1/3
    Wbox 2 5  5 1  1 -1 4 0
     s
    Wbox 2 5  4 1  1 -1 3 0
     -2/3
;
  Wbox 2 5  5 2  1 -1 4 -1
   1
    Wbox 2 5  4 2  1 -1 3 -1
     1/3*s^(-1)*(-3+d)
    Wbox 2 5  4 1  1 -1 3 0
     1/3*(-1+mW^2)*s^(-1)
;
  Wbox 2 5  5 2  1 -1 4 -1
   1
    Wbox 2 5  5 2  2 -1 3 -1
     1/3
    Wbox 2 5  5 1  2 0 3 -1
     1/3*s
    Wbox 2 5  4 1  1 0 3 -1
     -1
    Wbox 2 5  4 1  1 -1 3 0
     -1/3
    Wbox 2 5  4 1  2 0 2 -1
     -1/3
    Wbox 2 5  4 0  1 0 3 0
     -1/3+1/3*t
    Wbox 2 5  3 0  1 0 2 0
     1/3
;
  Wbox 2 5  5 2  1 -1 4 -1
   1
    Wbox 2 5  5 2  2 -1 3 -1
     1/3
    Wbox 2 5  5 1  1 -1 4 0
     -1+s+mW^2
    Wbox 2 5  5 1  2 -1 3 0
     -1/3+1/3*mW^2
    Wbox 2 5  4 1  1 0 3 -1
     -1/3
    Wbox 2 5  4 1  1 -1 3 0
     -1/3
    Wbox 2 5  4 0  1 0 3 0
     1/3*t-1/3*mW^2
;
  Wbox 2 5  5 2  1 -1 4 -1
   1
    Wbox 2 5  5 2  2 -1 3 -1
     1/3
    Wbox 2 5  5 1  1 0 4 -1
     s
    Wbox 2 5  4 1  1 0 3 -1
     -1/3
    Wbox 2 5  4 1  1 -1 3 0
     -1/3
    Wbox 2 5  4 0  1 0 3 0
     -1/3+1/3*t
;
  Wbox 2 5  5 2  1 0 4 -2
   1
    Wbox 2 5  4 2  1 0 3 -2
     1/3*s^(-1)*(-3+d)
    Wbox 2 5  4 1  1 0 3 -1
     2/3*(-1+mW^2)*s^(-1)
;
  Wbox 2 5  5 2  1 0 4 -2
   1
    Wbox 2 5  5 2  2 0 3 -2
     1/3
    Wbox 2 5  5 1  1 0 4 -1
     -1+s+mW^2
    Wbox 2 5  5 1  2 0 3 -1
     -1/3+1/3*mW^2
    Wbox 2 5  4 1  1 0 3 -1
     -2/3
    Wbox 2 5  4 0  1 0 3 0
     -1/3-1/3*mW^2
;
  Wbox 2 5  5 3  3 -3 2 0
   1
    Wbox 2 5  5 3  4 -3 1 0
     3
    Wbox 2 5  5 2  4 -2 1 0
     3*s
    Wbox 2 5  4 2  3 -2 1 0
     -3
;
  Wbox 2 5  5 3  3 -3 2 0
   1
    Wbox 2 5  5 3  4 -3 1 0
     3
    Wbox 2 5  5 2  3 -2 2 0
     s
    Wbox 2 5  4 2  2 -2 2 0
     -1
    Wbox 2 5  4 2  3 -2 1 0
     -5
    Wbox 2 5  3 1  2 -1 1 0
     2
;
  Wbox 2 5  5 3  3 -2 2 -1
   1
    Wbox 2 5  5 3  4 -2 1 -1
     3
    Wbox 2 5  5 2  4 -1 1 -1
     3*s
    Wbox 2 5  4 2  3 -1 1 -1
     -2
    Wbox 2 5  4 2  3 -2 1 0
     -1
    Wbox 2 5  4 1  3 -1 1 0
     -1+t
;
  Wbox 2 5  5 3  3 -2 2 -1
   1
    Wbox 2 5  5 3  4 -2 1 -1
     3
    Wbox 2 5  5 2  3 -2 2 0
     -1+s+mW^2
    Wbox 2 5  5 2  4 -2 1 0
     -3+3*mW^2
    Wbox 2 5  4 2  2 -2 2 0
     -1
    Wbox 2 5  4 2  3 -1 1 -1
     -2
    Wbox 2 5  4 2  3 -2 1 0
     -3
    Wbox 2 5  4 1  3 -1 1 0
     2*t-2*mW^2
    Wbox 2 5  3 1  2 -1 1 0
     2
;
  Wbox 2 5  5 3  3 -2 2 -1
   1
    Wbox 2 5  5 3  4 -2 1 -1
     3
    Wbox 2 5  5 2  3 -1 2 -1
     s
    Wbox 2 5  4 2  2 -1 2 -1
     -1
    Wbox 2 5  4 2  3 -1 1 -1
     -4
    Wbox 2 5  4 2  3 -2 1 0
     -1
    Wbox 2 5  4 1  3 -1 1 0
     -1+t
    Wbox 2 5  3 1  2 0 1 -1
     1
    Wbox 2 5  3 1  2 -1 1 0
     1
;
  Wbox 2 5  5 3  3 -1 2 -2
   1
    Wbox 2 5  5 3  4 -1 1 -2
     3
    Wbox 2 5  5 2  4 0 1 -2
     3*s
    Wbox 2 5  4 2  3 0 1 -2
     -1
    Wbox 2 5  4 2  3 -1 1 -1
     -2
    Wbox 2 5  4 1  3 0 1 -1
     -2+2*t
;
  Wbox 2 5  5 3  3 -1 2 -2
   1
    Wbox 2 5  5 3  4 -1 1 -2
     3
    Wbox 2 5  5 2  3 -1 2 -1
     -1+s+mW^2
    Wbox 2 5  5 2  4 -1 1 -1
     -3+3*mW^2
    Wbox 2 5  4 2  2 -1 2 -1
     -1
    Wbox 2 5  4 2  3 0 1 -2
     -1
    Wbox 2 5  4 2  3 -1 1 -1
     -4
    Wbox 2 5  4 1  3 0 1 -1
     t-mW^2
    Wbox 2 5  4 1  3 -1 1 0
     -1-mW^2
    Wbox 2 5  3 1  2 0 1 -1
     1
    Wbox 2 5  3 1  2 -1 1 0
     1
;
  Wbox 2 5  5 3  3 -1 2 -2
   1
    Wbox 2 5  5 3  4 -1 1 -2
     3
    Wbox 2 5  5 2  3 0 2 -2
     s
    Wbox 2 5  4 2  2 0 2 -2
     -1
    Wbox 2 5  4 2  3 0 1 -2
     -3
    Wbox 2 5  4 2  3 -1 1 -1
     -2
    Wbox 2 5  4 1  3 0 1 -1
     -2+2*t
    Wbox 2 5  3 1  2 0 1 -1
     2
;
  Wbox 2 5  5 3  3 0 2 -3
   1
    Wbox 2 5  5 3  4 0 1 -3
     3
    Wbox 2 5  5 2  3 0 2 -2
     -1+s+mW^2
    Wbox 2 5  5 2  4 0 1 -2
     -3+3*mW^2
    Wbox 2 5  4 2  2 0 2 -2
     -1
    Wbox 2 5  4 2  3 0 1 -2
     -5
    Wbox 2 5  4 1  3 0 1 -1
     -2-2*mW^2
    Wbox 2 5  3 1  2 0 1 -1
     2
;
  Wbox 2 5  5 3  2 -3 3 0
   1
    Wbox 2 5  5 3  3 -3 2 0
     1
    Wbox 2 5  5 2  3 -2 2 0
     s
    Wbox 2 5  4 2  2 -2 2 0
     -2
    Wbox 2 5  4 2  3 -2 1 0
     -1
    Wbox 2 5  3 1  2 -1 1 0
     1
;
  Wbox 2 5  5 3  2 -3 3 0
   1
    Wbox 2 5  5 3  3 -3 2 0
     1
    Wbox 2 5  5 2  2 -2 3 0
     s
    Wbox 2 5  4 2  1 -2 3 0
     -1
    Wbox 2 5  4 2  2 -2 2 0
     -2
    Wbox 2 5  3 1  1 -1 2 0
     1
;
  Wbox 2 5  5 3  2 -2 3 -1
   1
    Wbox 2 5  5 3  3 -2 2 -1
     1
    Wbox 2 5  5 2  3 -1 2 -1
     s
    Wbox 2 5  4 2  2 -1 2 -1
     -3/2
    Wbox 2 5  4 2  2 -2 2 0
     -1/2
    Wbox 2 5  4 2  3 -1 1 -1
     -1
    Wbox 2 5  4 1  2 -1 2 0
     -1/2+1/2*t
    Wbox 2 5  3 1  2 0 1 -1
     1/2
    Wbox 2 5  3 1  2 -1 1 0
     1/2
;
  Wbox 2 5  5 3  2 -2 3 -1
   1
    Wbox 2 5  5 3  3 -2 2 -1
     1
    Wbox 2 5  5 2  2 -2 3 0
     -1+s+mW^2
    Wbox 2 5  5 2  3 -2 2 0
     -1+mW^2
    Wbox 2 5  4 2  1 -2 3 0
     -1
    Wbox 2 5  4 2  2 -1 2 -1
     -1
    Wbox 2 5  4 2  2 -2 2 0
     -1
    Wbox 2 5  4 1  2 -1 2 0
     t-mW^2
    Wbox 2 5  3 1  1 -1 2 0
     1
;
  Wbox 2 5  5 3  2 -2 3 -1
   1
    Wbox 2 5  5 3  3 -2 2 -1
     1
    Wbox 2 5  5 2  2 -1 3 -1
     s
    Wbox 2 5  4 2  1 -1 3 -1
     -1
    Wbox 2 5  4 2  2 -1 2 -1
     -3/2
    Wbox 2 5  4 2  2 -2 2 0
     -1/2
    Wbox 2 5  4 1  2 -1 2 0
     -1/2+1/2*t
    Wbox 2 5  3 1  1 0 2 -1
     1/2
    Wbox 2 5  3 1  1 -1 2 0
     1/2
;
  Wbox 2 5  5 3  2 -1 3 -2
   1
    Wbox 2 5  5 3  3 -1 2 -2
     1
    Wbox 2 5  5 2  3 0 2 -2
     s
    Wbox 2 5  4 2  2 0 2 -2
     -1
    Wbox 2 5  4 2  2 -1 2 -1
     -1
    Wbox 2 5  4 2  3 0 1 -2
     -1
    Wbox 2 5  4 1  2 0 2 -1
     -1+t
    Wbox 2 5  3 1  2 0 1 -1
     1
;
  Wbox 2 5  5 3  2 -1 3 -2
   1
    Wbox 2 5  5 3  3 -1 2 -2
     1
    Wbox 2 5  5 2  2 -1 3 -1
     -1+s+mW^2
    Wbox 2 5  5 2  3 -1 2 -1
     -1+mW^2
    Wbox 2 5  4 2  1 -1 3 -1
     -1
    Wbox 2 5  4 2  2 0 2 -2
     -1/2
    Wbox 2 5  4 2  2 -1 2 -1
     -3/2
    Wbox 2 5  4 1  2 0 2 -1
     1/2*t-1/2*mW^2
    Wbox 2 5  4 1  2 -1 2 0
     -1/2-1/2*mW^2
    Wbox 2 5  3 1  1 0 2 -1
     1/2
    Wbox 2 5  3 1  1 -1 2 0
     1/2
;
  Wbox 2 5  5 3  2 -1 3 -2
   1
    Wbox 2 5  5 3  3 -1 2 -2
     1
    Wbox 2 5  5 2  2 0 3 -2
     s
    Wbox 2 5  4 2  1 0 3 -2
     -1
    Wbox 2 5  4 2  2 0 2 -2
     -1
    Wbox 2 5  4 2  2 -1 2 -1
     -1
    Wbox 2 5  4 1  2 0 2 -1
     -1+t
    Wbox 2 5  3 1  1 0 2 -1
     1
;
  Wbox 2 5  5 3  2 0 3 -3
   1
    Wbox 2 5  5 3  3 0 2 -3
     1
    Wbox 2 5  5 2  2 0 3 -2
     -1+s+mW^2
    Wbox 2 5  5 2  3 0 2 -2
     -1+mW^2
    Wbox 2 5  4 2  1 0 3 -2
     -1
    Wbox 2 5  4 2  2 0 2 -2
     -2
    Wbox 2 5  4 1  2 0 2 -1
     -1-mW^2
    Wbox 2 5  3 1  1 0 2 -1
     1
;
  Wbox 2 5  5 3  1 -3 4 0
   1
    Wbox 2 5  5 3  2 -3 3 0
     1/3
    Wbox 2 5  5 2  2 -2 3 0
     1/3*s
    Wbox 2 5  4 2  1 -2 3 0
     -5/3
    Wbox 2 5  4 2  2 -2 2 0
     -1/3
    Wbox 2 5  3 1  1 -1 2 0
     2/3
;
  Wbox 2 5  5 3  1 -3 4 0
   1
    Wbox 2 5  5 3  2 -3 3 0
     1/3
    Wbox 2 5  5 2  1 -2 4 0
     s
    Wbox 2 5  4 2  1 -2 3 0
     -1
;
  Wbox 2 5  5 3  1 -2 4 -1
   1
    Wbox 2 5  5 3  2 -2 3 -1
     1/3
    Wbox 2 5  5 2  2 -1 3 -1
     1/3*s
    Wbox 2 5  4 2  1 -1 3 -1
     -4/3
    Wbox 2 5  4 2  1 -2 3 0
     -1/3
    Wbox 2 5  4 2  2 -1 2 -1
     -1/3
    Wbox 2 5  4 1  1 -1 3 0
     -1/3+1/3*t
    Wbox 2 5  3 1  1 0 2 -1
     1/3
    Wbox 2 5  3 1  1 -1 2 0
     1/3
;
  Wbox 2 5  5 3  1 -2 4 -1
   1
    Wbox 2 5  5 3  2 -2 3 -1
     1/3
    Wbox 2 5  5 2  1 -2 4 0
     -1+s+mW^2
    Wbox 2 5  5 2  2 -2 3 0
     -1/3+1/3*mW^2
    Wbox 2 5  4 2  1 -1 3 -1
     -2/3
    Wbox 2 5  4 2  1 -2 3 0
     -1/3
    Wbox 2 5  4 1  1 -1 3 0
     2/3*t-2/3*mW^2
;
  Wbox 2 5  5 3  1 -2 4 -1
   1
    Wbox 2 5  5 3  2 -2 3 -1
     1/3
    Wbox 2 5  5 2  1 -1 4 -1
     s
    Wbox 2 5  4 2  1 -1 3 -1
     -2/3
    Wbox 2 5  4 2  1 -2 3 0
     -1/3
    Wbox 2 5  4 1  1 -1 3 0
     -1/3+1/3*t
;
  Wbox 2 5  5 3  1 -1 4 -2
   1
    Wbox 2 5  5 3  2 -1 3 -2
     1/3
    Wbox 2 5  5 2  2 0 3 -2
     1/3*s
    Wbox 2 5  4 2  1 0 3 -2
     -1
    Wbox 2 5  4 2  1 -1 3 -1
     -2/3
    Wbox 2 5  4 2  2 0 2 -2
     -1/3
    Wbox 2 5  4 1  1 0 3 -1
     -2/3+2/3*t
    Wbox 2 5  3 1  1 0 2 -1
     2/3
;
  Wbox 2 5  5 3  1 -1 4 -2
   1
    Wbox 2 5  5 3  2 -1 3 -2
     1/3
    Wbox 2 5  5 2  1 -1 4 -1
     -1+s+mW^2
    Wbox 2 5  5 2  2 -1 3 -1
     -1/3+1/3*mW^2
    Wbox 2 5  4 2  1 0 3 -2
     -1/3
    Wbox 2 5  4 2  1 -1 3 -1
     -2/3
    Wbox 2 5  4 1  1 0 3 -1
     1/3*t-1/3*mW^2
    Wbox 2 5  4 1  1 -1 3 0
     -1/3-1/3*mW^2
;
  Wbox 2 5  5 3  1 -1 4 -2
   1
    Wbox 2 5  5 3  2 -1 3 -2
     1/3
    Wbox 2 5  5 2  1 0 4 -2
     s
    Wbox 2 5  4 2  1 0 3 -2
     -1/3
    Wbox 2 5  4 2  1 -1 3 -1
     -2/3
    Wbox 2 5  4 1  1 0 3 -1
     -2/3+2/3*t
;
  Wbox 2 5  5 3  1 0 4 -3
   1
    Wbox 2 5  5 3  2 0 3 -3
     1/3
    Wbox 2 5  5 2  1 0 4 -2
     -1+s+mW^2
    Wbox 2 5  5 2  2 0 3 -2
     -1/3+1/3*mW^2
    Wbox 2 5  4 2  1 0 3 -2
     -1
    Wbox 2 5  4 1  1 0 3 -1
     -2/3-2/3*mW^2
;
