  Zbox 2 3  2 0  1 1 0 0
   1
    Zbox 1 1  1 0  1 0 0 0
     1-1/2*d
;
  Zbox 2 3  2 1  1 1 -1 0
   1
    Zbox 1 1  1 0  1 0 0 0
     -1-1/4*s*d+1/2*s
;
  Zbox 2 3  2 1  1 1 0 -1
   1
    Zbox 1 1  1 0  1 0 0 0
     1/2-mZ^2-1/4*d*t-3/4*d+1/2*t+1/2*mZ^2*d
;
  Zbox 2 3  2 2  1 1 -2 0
   1
    Zbox 1 1  1 0  1 0 0 0
     -1/6*s*(12+s*d-2*s)
;
  Zbox 2 3  2 2  1 1 -1 -1
   1
    Zbox 1 1  1 0  1 0 0 0
     -1-5/12*s*d-1/6*s+mZ^2+1/4*s*mZ^2*d+1/6*s*t-1/2*s*mZ^2-1/12*s*d*t-t
;
  Zbox 2 3  2 2  1 1 0 -2
   1
    Zbox 1 1  1 0  1 0 0 0
     -5/3-1/6*d*t^2-mZ^2-1/2*mZ^4*d-2/3*d*t+1/3*t^2-7/6*d+1/2*mZ^2*d*t-mZ^2*t-2/3*t+3/2*mZ^2*d+mZ^4
;
  Zbox 2 3  3 0  2 1 0 0
   1
    Zbox 1 1  1 0  1 0 0 0
     -1-1/8*d^2+3/4*d
;
  Zbox 2 3  3 0  1 2 0 0
   1
    Zbox 1 1  1 0  1 0 0 0
     -1-1/8*d^2+3/4*d
;
  Zbox 2 3  3 1  2 1 -1 0
   1
    Zbox 1 1  1 0  1 0 0 0
     1+1/2*s*d-2/3*s-1/12*s*d^2-1/2*d
;
  Zbox 2 3  3 1  2 1 0 -1
   1
    Zbox 1 1  1 0  1 0 0 0
     -2/3-5/24*d^2+mZ^2+1/4*d*t+3/4*d+1/8*mZ^2*d^2-1/24*d^2*t-1/3*t-3/4*mZ^2*d
;
  Zbox 2 3  3 1  1 2 -1 0
   1
    Zbox 1 1  1 0  1 0 0 0
     1+1/4*s*d-1/3*s-1/24*s*d^2-1/2*d
;
  Zbox 2 3  3 1  1 2 0 -1
   1
    Zbox 1 1  1 0  1 0 0 0
     -1/3-1/6*d^2+mZ^2+1/2*d*t+1/2*d+1/8*mZ^2*d^2-1/12*d^2*t-2/3*t-3/4*mZ^2*d
;
  Zbox 2 3  3 2  2 1 -2 0
   1
    Zbox 1 1  1 0  1 0 0 0
     -1-s*d+2*s-1/16*s^2*d^2-1/2*s^2+3/8*s^2*d
;
  Zbox 2 3  3 2  2 1 -1 -1
   1
    Zbox 1 1  1 0  1 0 0 0
     1/2+3/8*s*d-1/6*s-mZ^2-1/2*s*mZ^2*d+1/12*s*mZ^2*d^2-1/6*s*t-1/4*d*t-7/48*s*d^2-1/48*s*d^2*t-3/4*d+2/3*s*mZ^2+1/8*s*d*t+1/2*t+1/2*mZ^2*d
;
  Zbox 2 3  3 2  2 1 0 -2
   1
    Zbox 1 1  1 0  1 0 0 0
     1/6-17/48*d^2+1/8*d*t^2+4/3*mZ^2-1/8*mZ^4*d^2+3/4*mZ^4*d+1/4*d*t-1/6*t^2+1/8*d-1/2*mZ^2*d*t+1/12*mZ^2*d^2*t+5/12*mZ^2*d^2+2/3*mZ^2*t-1/8*d^2*t-1/48*d^2*t^2-3/2*mZ^2*d-mZ^4
;
  Zbox 2 3  3 2  1 2 -2 0
   1
    Zbox 1 1  1 0  1 0 0 0
     -1-1/2*s*d+s-1/48*s^2*d^2-1/6*s^2+1/8*s^2*d
;
  Zbox 2 3  3 2  1 2 -1 -1
   1
    Zbox 1 1  1 0  1 0 0 0
     1/8*s*d-mZ^2-1/4*s*mZ^2*d+1/24*s*mZ^2*d^2-1/6*s*t-1/2*d*t-1/16*s*d^2-1/48*s*d^2*t-1/2*d+1/3*s*mZ^2+1/8*s*d*t+t+1/2*mZ^2*d
;
  Zbox 2 3  3 2  1 2 0 -2
   1
    Zbox 1 1  1 0  1 0 0 0
     1/6-11/48*d^2+3/8*d*t^2+2/3*mZ^2-1/8*mZ^4*d^2+3/4*mZ^4*d+1/4*d*t-1/2*t^2-1/8*d-mZ^2*d*t+1/6*mZ^2*d^2*t+1/3*mZ^2*d^2+4/3*mZ^2*t-5/24*d^2*t-1/16*d^2*t^2+1/3*t-mZ^2*d-mZ^4
;
  Zbox 2 3  3 3  1 2 -3 0
   1
    Zbox 2 3  3 3  2 1 -3 0
     1
    Zbox 1 1  1 0  1 0 0 0
     -9*s-1/2*s^3+4*s^2+3/8*s^3*d-1/16*s^3*d^2-2*s^2*d
;
  Zbox 2 3  3 3  1 2 -2 -1
   1
    Zbox 2 3  3 3  2 1 -2 -1
     1
    Zbox 1 1  1 0  1 0 0 0
     -1-7/3*s*d-4/3*s+2*mZ^2+3/2*s*mZ^2*d+1/8*s^2*d*t+4/3*s*t-3*s*mZ^2-7/48*s^2*d^2-2/3*s*d*t+1/12*s^2*mZ^2*d^2+2/3*s^2*mZ^2+1/6*s^2-1/48*s^2*d^2*t-1/6*s^2*t-3*t+5/24*s^2*d-1/2*s^2*mZ^2*d
;
  Zbox 2 3  3 3  1 2 -1 -2
   1
    Zbox 2 3  3 3  2 1 -1 -2
     1
    Zbox 1 1  1 0  1 0 0 0
     -8/3-1/48*s*d^2*t^2-17/24*s*d-2/3*d*t^2-1/6*s*t^2-1/6*s-mZ^2+1/12*s*mZ^2*d^2*t-s*mZ^2*d+5/12*s*mZ^2*d^2-mZ^4*d+1/3*s*t-5/3*d*t-17/48*s*d^2-1/8*s*d^2*t+4/3*t^2-5/3*d+1/3*s*mZ^2+3/2*mZ^2*d*t+2/3*s*mZ^2*t+1/12*s*d*t+3/4*s*mZ^4*d-3*mZ^2*t-s*mZ^4-8/3*t-1/2*s*mZ^2*d*t+5/2*mZ^2*d-1/8*s*mZ^4*d^2+1/8*s*d*t^2+2*mZ^4
;
  Zbox 2 3  3 3  1 2 0 -3
   1
    Zbox 2 3  3 3  2 1 0 -3
     1
    Zbox 1 1  1 0  1 0 0 0
     -7/2-3/2*mZ^6*d-3*mZ^4*t+3/8*d*t^3-3/2*mZ^2*d*t^2-15/16*d^2-1/8*d*t^2-mZ^2+9/4*mZ^4*d*t-9/8*mZ^4*d^2+15/4*mZ^4*d-1/2*t^3-19/8*d*t+3/2*t^2-31/8*d-3/2*mZ^2*d*t+1/4*mZ^6*d^2+mZ^2*d^2*t+7/4*mZ^2*d^2-mZ^2*t-11/16*d^2*t-5/16*d^2*t^2-3/2*t-3/8*mZ^4*d^2*t+2*mZ^2*t^2+2*mZ^6-1/16*d^2*t^3-3*mZ^4+1/4*mZ^2*d^2*t^2
;
  Zbox 2 3  4 0  3 1 0 0
   1
    Zbox 1 1  1 0  1 0 0 0
     1-1/48*d^3+1/4*d^2-11/12*d
;
  Zbox 2 3  4 0  2 2 0 0
   1
    Zbox 1 1  1 0  1 0 0 0
     1-1/48*d^3+1/4*d^2-11/12*d
;
  Zbox 2 3  4 0  1 3 0 0
   1
    Zbox 1 1  1 0  1 0 0 0
     1-1/48*d^3+1/4*d^2-11/12*d
;
  Zbox 2 3  4 1  3 1 -1 0
   1
    Zbox 1 1  1 0  1 0 0 0
     -1-11/16*s*d-1/8*d^2+3/4*s-1/64*s*d^3+3/16*s*d^2+3/4*d
;
  Zbox 2 3  4 1  3 1 0 -1
   1
    Zbox 1 1  1 0  1 0 0 0
     3/4-7/192*d^3+5/16*d^2-mZ^2-11/48*d*t-41/48*d-1/4*mZ^2*d^2+1/16*d^2*t+1/48*mZ^2*d^3+1/4*t+11/12*mZ^2*d-1/192*d^3*t
;
  Zbox 2 3  4 1  2 2 -1 0
   1
    Zbox 1 1  1 0  1 0 0 0
     -1-11/24*s*d-1/8*d^2+1/2*s-1/96*s*d^3+1/8*s*d^2+3/4*d
;
  Zbox 2 3  4 1  2 2 0 -1
   1
    Zbox 1 1  1 0  1 0 0 0
     1/2-1/32*d^3+1/4*d^2-mZ^2-11/24*d*t-5/8*d-1/4*mZ^2*d^2+1/8*d^2*t+1/48*mZ^2*d^3+1/2*t+11/12*mZ^2*d-1/96*d^3*t
;
  Zbox 2 3  4 1  1 3 -1 0
   1
    Zbox 1 1  1 0  1 0 0 0
     -1-11/48*s*d-1/8*d^2+1/4*s-1/192*s*d^3+1/16*s*d^2+3/4*d
;
  Zbox 2 3  4 1  1 3 0 -1
   1
    Zbox 1 1  1 0  1 0 0 0
     1/4-5/192*d^3+3/16*d^2-mZ^2-11/16*d*t-19/48*d-1/4*mZ^2*d^2+3/16*d^2*t+1/48*mZ^2*d^3+3/4*t+11/12*mZ^2*d-1/64*d^3*t
;
  Zbox 2 3  4 2  3 1 -1 -1
   1
    Zbox 2 3  4 2  3 1 -2 0
     s^(-1)*(-1+t)
    Zbox 1 1  1 0  1 0 0 0
     -1/192*s^(-1)*(192+144*s*d-256*s+144*s*mZ^2*d-24*s*mZ^2*d^2+132*s^2*d*t+448*s*t+96*d*t-8*s*d^2+56*s*d^2*t-96*d-192*s*mZ^2-12*s^2*d^2-336*s*d*t+36*s^2*mZ^2*d^2+144*s^2*mZ^2+48*s^2-3*s^2*mZ^2*d^3+3*s^2*d^3-36*s^2*d^2*t-144*s^2*t-192*t+3*s^2*d^3*t-12*s^2*d-132*s^2*mZ^2*d)
;
  Zbox 2 3  4 2  3 1 0 -2
   1
    Zbox 2 3  4 2  3 1 -2 0
     -s^(-2)*(1+t^2-2*t)
    Zbox 1 1  1 0  1 0 0 0
     -1/96*s^(-2)*(96+2*s^2*mZ^4*d^3-24*s*d^2*t^2+144*s*d-48*d*t^2-192*s*t^2-192*s-24*s^2*mZ^4*d^2-44*s^2*d*t^2+128*s^2*d*t-44*s^2*mZ^2*d*t+384*s*t+96*d*t+88*s^2*mZ^4*d-96*s^2*mZ^4-24*s*d^2+48*s*d^2*t+96*t^2-48*d-12*s^2*d^2-288*s*d*t-s^2*d^3*t^2+60*s^2*mZ^2*d^2+144*s^2*mZ^2+48*s^2-7*s^2*mZ^2*d^3+5*s^2*d^3-40*s^2*d^2*t-128*s^2*t+12*s^2*mZ^2*d^2*t+48*s^2*mZ^2*t+48*s^2*t^2-192*t+12*s^2*d^2*t^2-s^2*mZ^2*d^3*t+4*s^2*d^3*t+144*s*d*t^2-20*s^2*d-164*s^2*mZ^2*d)
;
  Zbox 2 3  4 2  2 2 -2 0
   1
    Zbox 2 3  4 2  3 1 -2 0
     2
    Zbox 1 1  1 0  1 0 0 0
     3+4*s*d-16/3*s-2/3*s*d^2-3/2*d+3/8*s^2*d^2+3/2*s^2-1/32*s^2*d^3-11/8*s^2*d
;
  Zbox 2 3  4 2  2 2 -1 -1
   1
    Zbox 2 3  4 2  3 1 -2 0
     -2*s^(-1)*(-1+t)
    Zbox 1 1  1 0  1 0 0 0
     1/96*(192+336*s*d-416*s-72*s*mZ^2*d+12*s*mZ^2*d^2+88*s^2*d*t+320*s*t+96*d*t-64*s*d^2+40*s*d^2*t-96*d+96*s*mZ^2+40*s^2*d^2-240*s*d*t-12*s^2*mZ^2*d^2-48*s^2*mZ^2+128*s^2+s^2*mZ^2*d^3-4*s^2*d^3-24*s^2*d^2*t-96*s^2*t-192*t+2*s^2*d^3*t-128*s^2*d+44*s^2*mZ^2*d)*s^(-1)
;
  Zbox 2 3  4 2  2 2 0 -2
   1
    Zbox 2 3  4 2  3 1 -2 0
     2*s^(-2)*(1+t^2-2*t)
    Zbox 1 1  1 0  1 0 0 0
     -1/96*s^(-2)*(-192+2*s^2*mZ^4*d^3+48*s*d^2*t^2-288*s*d+96*d*t^2+384*s*t^2+384*s-24*s^2*mZ^4*d^2+132*s^2*d*t^2-184*s^2*d*t-88*s^2*mZ^2*d*t-768*s*t-192*d*t+88*s^2*mZ^4*d-96*s^2*mZ^4+48*s*d^2-96*s*d^2*t-192*t^2+96*d-44*s^2*d^2+576*s*d*t+3*s^2*d^3*t^2+48*s^2*mZ^2*d^2+96*s^2*mZ^2-112*s^2-6*s^2*mZ^2*d^3+7*s^2*d^3+40*s^2*d^2*t+224*s^2*t+24*s^2*mZ^2*d^2*t+96*s^2*mZ^2*t-144*s^2*t^2+384*t-36*s^2*d^2*t^2-2*s^2*mZ^2*d^3*t-2*s^2*d^3*t-288*s*d*t^2+116*s^2*d-120*s^2*mZ^2*d)
;
  Zbox 2 3  4 2  1 3 -2 0
   1
    Zbox 2 3  4 2  3 1 -2 0
     -1
    Zbox 1 1  1 0  1 0 0 0
     -s*d+4/3*s+1/6*s*d^2-1/8*s^2*d^2-1/2*s^2+1/96*s^2*d^3+11/24*s^2*d
;
  Zbox 2 3  4 2  1 3 -1 -1
   1
    Zbox 2 3  4 2  3 1 -2 0
     s^(-1)*(-1+t)
    Zbox 1 1  1 0  1 0 0 0
     -1/192*(192+240*s*d-384*s+144*s*mZ^2*d-24*s*mZ^2*d^2+132*s^2*d*t+576*s*t+96*d*t-24*s*d^2+72*s*d^2*t-96*d-192*s*mZ^2+20*s^2*d^2-432*s*d*t+12*s^2*mZ^2*d^2+48*s^2*mZ^2+112*s^2-s^2*mZ^2*d^3-s^2*d^3-36*s^2*d^2*t-144*s^2*t-192*t+3*s^2*d^3*t-92*s^2*d-44*s^2*mZ^2*d)*s^(-1)
;
  Zbox 2 3  4 2  1 3 0 -2
   1
    Zbox 2 3  4 2  3 1 -2 0
     -s^(-2)*(1+t^2-2*t)
    Zbox 1 1  1 0  1 0 0 0
     -1/96*s^(-2)*(96+2*s^2*mZ^4*d^3-24*s*d^2*t^2+144*s*d-48*d*t^2-192*s*t^2-192*s-24*s^2*mZ^4*d^2+120*s^2*d*t-132*s^2*mZ^2*d*t+384*s*t+96*d*t+88*s^2*mZ^4*d-96*s^2*mZ^4-24*s*d^2+48*s*d^2*t+96*t^2-48*d+8*s^2*d^2-288*s*d*t+36*s^2*mZ^2*d^2+48*s^2*mZ^2+64*s^2-5*s^2*mZ^2*d^3+2*s^2*d^3-48*s^2*d^2*t-96*s^2*t+36*s^2*mZ^2*d^2*t+144*s^2*mZ^2*t-192*t-3*s^2*mZ^2*d^3*t+6*s^2*d^3*t+144*s*d*t^2-56*s^2*d-76*s^2*mZ^2*d)
;
  Zbox 2 3  4 3  2 2 -3 0
   1
    Zbox 2 3  4 3  3 1 -3 0
     2
    Zbox 2 3  4 2  3 1 -2 0
     -2*s
    Zbox 1 1  1 0  1 0 0 0
     -3-5*s*d+10*s-7/16*s^2*d^2-7/2*s^2+21/8*s^2*d
;
  Zbox 2 3  4 3  2 2 -2 -1
   1
    Zbox 2 3  4 3  3 1 -2 -1
     2
    Zbox 2 3  4 2  3 1 -2 0
     -2+2*t
    Zbox 1 1  1 0  1 0 0 0
     -1-1/4*s*d+3*s-3*mZ^2-4*s*mZ^2*d+2/3*s*mZ^2*d^2-11/8*s^2*d*t-17/3*s*t-2*d*t-5/8*s*d^2-17/24*s*d^2*t-d+16/3*s*mZ^2+1/16*s^2*d^2+17/4*s*d*t-3/8*s^2*mZ^2*d^2-3/2*s^2*mZ^2-s^2+1/32*s^2*mZ^2*d^3-1/32*s^2*d^3+3/8*s^2*d^2*t+3/2*s^2*t+4*t+3/2*mZ^2*d-1/32*s^2*d^3*t+1/2*s^2*d+11/8*s^2*mZ^2*d
;
  Zbox 2 3  4 3  2 2 -1 -2
   1
    Zbox 2 3  4 3  3 1 -1 -2
     2
    Zbox 2 3  4 2  3 1 -2 0
     -2*s^(-1)*(1+t^2-2*t)
    Zbox 1 1  1 0  1 0 0 0
     -1/48*(96+2*s^2*mZ^4*d^3-19*s*d^2*t^2+138*s*d-48*d*t^2-152*s*t^2-216*s-24*s^2*mZ^4*d^2-16*s*mZ^2*d^2*t+192*s*mZ^2*d-44*s^2*d*t^2-56*s*mZ^2*d^2+116*s^2*d*t-44*s^2*mZ^2*d*t+368*s*t+96*d*t+88*s^2*mZ^4*d-96*s^2*mZ^4+21*s*d^2+70*s*d^2*t+96*t^2-48*d-160*s*mZ^2-128*s*mZ^2*t+2*s^2*d^2-324*s*d*t-s^2*d^3*t^2+52*s^2*mZ^2*d^2+80*s^2*mZ^2-108*s*mZ^4*d+64*s^2-7*s^2*mZ^2*d^3+5*s^2*d^3-38*s^2*d^2*t-112*s^2*t+12*s^2*mZ^2*d^2*t+144*s*mZ^4+48*s^2*mZ^2*t+48*s^2*t^2-192*t+96*s*mZ^2*d*t+12*s^2*d^2*t^2+18*s*mZ^4*d^2-s^2*mZ^2*d^3*t+4*s^2*d^3*t+114*s*d*t^2-56*s^2*d-116*s^2*mZ^2*d)*s^(-1)
;
  Zbox 2 3  4 3  2 2 0 -3
   1
    Zbox 2 3  4 3  3 1 0 -3
     2
    Zbox 2 3  4 2  3 1 -2 0
     2*s^(-2)*(-1+t^3-3*t^2+3*t)
    Zbox 1 1  1 0  1 0 0 0
     -1/32*s^(-2)*(64+10*s^2*mZ^4*d^3+32*d*t^3+128*s*t^3-48*s*d^2*t^2+96*s*d+88*s^2*mZ^4*d*t+44*s^2*d*t^3-96*s^2*mZ^4*t-88*s^2*mZ^6*d-44*s^2*mZ^2*d*t^2-96*d*t^2-384*s*t^2-128*s-84*s^2*mZ^4*d^2-104*s^2*d*t^2+16*s*d^2*t^3-2*s^2*mZ^6*d^3+92*s^2*d*t-64*t^3-72*s^2*mZ^2*d*t+384*s*t+96*d*t+224*s^2*mZ^4*d-192*s^2*mZ^4-16*s*d^2+48*s*d^2*t+192*t^2-32*d+24*s^2*mZ^6*d^2+96*s^2*mZ^6+22*s^2*d^2-288*s*d*t-s^2*d^3*t^2+68*s^2*mZ^2*d^2+16*s^2*mZ^2-s^2*mZ^2*d^3*t^2+32*s^2-17*s^2*mZ^2*d^3+9*s^2*d^3+2*s^2*mZ^4*d^3*t+s^2*d^3*t^3-32*s^2*d^2*t-112*s^2*t+40*s^2*mZ^2*d^2*t+32*s^2*mZ^2*t+128*s^2*t^2-192*t+12*s^2*mZ^2*d^2*t^2+48*s^2*mZ^2*t^2-96*s*d*t^3+22*s^2*d^2*t^2-48*s^2*t^3-6*s^2*mZ^2*d^3*t-24*s^2*mZ^4*d^2*t-12*s^2*d^2*t^3+7*s^2*d^3*t+288*s*d*t^2-48*s^2*d-76*s^2*mZ^2*d)
;
  Zbox 2 3  4 3  1 3 -3 0
   1
    Zbox 2 3  4 3  3 1 -3 0
     -1
    Zbox 2 3  4 2  3 1 -2 0
     2*s
    Zbox 1 1  1 0  1 0 0 0
     1/2*s*d-s-3/16*s^2*d^2+3/4*s^3-3/2*s^2-11/16*s^3*d+3/16*s^3*d^2-1/64*s^3*d^3+9/8*s^2*d
;
  Zbox 2 3  4 3  1 3 -2 -1
   1
    Zbox 2 3  4 3  3 1 -2 -1
     -1
    Zbox 2 3  4 2  3 1 -2 0
     2-2*t
    Zbox 1 1  1 0  1 0 0 0
     1+2*s*d-10/3*s+s*mZ^2*d-1/6*s*mZ^2*d^2+55/48*s^2*d*t+4*s*t+1/2*d*t-1/6*s*d^2+1/2*s*d^2*t-1/2*d-4/3*s*mZ^2+1/6*s^2*d^2-3*s*d*t+1/8*s^2*mZ^2*d^2+1/2*s^2*mZ^2+13/12*s^2-1/96*s^2*mZ^2*d^3-1/192*s^2*d^3-5/16*s^2*d^2*t-5/4*s^2*t-t+5/192*s^2*d^3*t-41/48*s^2*d-11/24*s^2*mZ^2*d
;
  Zbox 2 3  4 3  1 3 -1 -2
   1
    Zbox 2 3  4 3  3 1 -1 -2
     -1
    Zbox 2 3  4 2  3 1 -2 0
     2*s^(-1)*(1+t^2-2*t)
    Zbox 1 1  1 0  1 0 0 0
     1/192*s^(-1)*(384+2*s^2*mZ^4*d^3-116*s*d^2*t^2+504*s*d-192*d*t^2-928*s*t^2-800*s-24*s^2*mZ^4*d^2+32*s*mZ^2*d^2*t+192*s*mZ^2*d-220*s^2*d*t^2-32*s*mZ^2*d^2+440*s^2*d*t+1728*s*t+384*d*t+88*s^2*mZ^4*d-96*s^2*mZ^4-52*s*d^2+168*s*d^2*t+384*t^2-192*d-256*s*mZ^2+256*s*mZ^2*t+36*s^2*d^2-1200*s*d*t-5*s^2*d^3*t^2+64*s^2*mZ^2*d^2+128*s^2*mZ^2+240*s^2-8*s^2*mZ^2*d^3+3*s^2*d^3-120*s^2*d^2*t-480*s^2*t+240*s^2*t^2-768*t-192*s*mZ^2*d*t+60*s^2*d^2*t^2+10*s^2*d^3*t+696*s*d*t^2-204*s^2*d-160*s^2*mZ^2*d)
;
  Zbox 2 3  4 3  1 3 0 -3
   1
    Zbox 2 3  4 3  3 1 0 -3
     -1
    Zbox 2 3  4 2  3 1 -2 0
     -2*s^(-2)*(-1+t^3-3*t^2+3*t)
    Zbox 1 1  1 0  1 0 0 0
     1/64*s^(-2)*(128+2*s^2*mZ^4*d^3+64*d*t^3+256*s*t^3-96*s*d^2*t^2+192*s*d-88*s^2*mZ^4*d*t+44*s^2*d*t^3+96*s^2*mZ^4*t+88*s^2*mZ^2*d*t^2-192*d*t^2-768*s*t^2-256*s-24*s^2*mZ^4*d^2-188*s^2*d*t^2+32*s*d^2*t^3+228*s^2*d*t-128*t^3-16*s^2*mZ^2*d*t+768*s*t+192*d*t+88*s^2*mZ^4*d-96*s^2*mZ^4-32*s*d^2+96*s*d^2*t+384*t^2-64*d+16*s^2*d^2-576*s*d*t-7*s^2*d^3*t^2+40*s^2*mZ^2*d^2+32*s^2*mZ^2+2*s^2*mZ^2*d^3*t^2+80*s^2-6*s^2*mZ^2*d^3+3*s^2*d^3-2*s^2*mZ^4*d^3*t+s^2*d^3*t^3-68*s^2*d^2*t-208*s^2*t-16*s^2*mZ^2*d^2*t+64*s^2*mZ^2*t+176*s^2*t^2-384*t-24*s^2*mZ^2*d^2*t^2-96*s^2*mZ^2*t^2-192*s*d*t^3+64*s^2*d^2*t^2-48*s^2*t^3+4*s^2*mZ^2*d^3*t+24*s^2*mZ^4*d^2*t-12*s^2*d^2*t^3+3*s^2*d^3*t+576*s*d*t^2-84*s^2*d-72*s^2*mZ^2*d)
;
  Zbox 2 3  5 0  4 1 0 0
   1
    Zbox 1 1  1 0  1 0 0 0
     -1+5/96*d^3-35/96*d^2+25/24*d-1/384*d^4
;
  Zbox 2 3  5 0  3 2 0 0
   1
    Zbox 1 1  1 0  1 0 0 0
     -1+5/96*d^3-35/96*d^2+25/24*d-1/384*d^4
;
  Zbox 2 3  5 0  2 3 0 0
   1
    Zbox 1 1  1 0  1 0 0 0
     -1+5/96*d^3-35/96*d^2+25/24*d-1/384*d^4
;
  Zbox 2 3  5 0  1 4 0 0
   1
    Zbox 1 1  1 0  1 0 0 0
     -1+5/96*d^3-35/96*d^2+25/24*d-1/384*d^4
;
  Zbox 2 3  5 1  4 1 -1 0
   1
    Zbox 2 3  4 2  3 1 -2 0
     -1/6*s^(-1)*(-3+d)
    Zbox 1 1  1 0  1 0 0 0
     1/96*s^(-1)*(48+16*s*d+8*d^2+2*s*d^3-12*s*d^2-40*d-12*s^2*d^2-48*s^2+s^2*d^3+44*s^2*d)
;
  Zbox 2 3  5 1  4 1 0 -1
   1
    Zbox 2 3  4 2  3 1 -2 0
     1/6*s^(-2)*(3+d*t-d-3*t)
    Zbox 1 1  1 0  1 0 0 0
     -1/384*s^(-2)*(-192+s^2*d^4*t-416*s*d-32*d^2+384*s+16*s*d^3*t-224*s^2*d*t-16*s*d^3+s^2*d^4-384*s*t-160*d*t-s^2*mZ^2*d^4+144*s*d^2-144*s*d^2*t+160*d+92*s^2*d^2+416*s*d*t-140*s^2*mZ^2*d^2-384*s^2*mZ^2+192*s^2+20*s^2*mZ^2*d^3-16*s^2*d^3+92*s^2*d^2*t+32*d^2*t+192*s^2*t+192*t-16*s^2*d^3*t-224*s^2*d+400*s^2*mZ^2*d)
;
  Zbox 2 3  5 1  3 2 -1 0
   1
    Zbox 2 3  4 2  3 1 -2 0
     1/2*s^(-1)*(-3+d)
    Zbox 1 1  1 0  1 0 0 0
     -1/384*s^(-1)*(576+1600*s*d+96*d^2-1536*s+56*s*d^3+3*s^2*d^4-528*s*d^2-480*d+276*s^2*d^2+576*s^2-48*s^2*d^3-672*s^2*d)
;
  Zbox 2 3  5 1  3 2 0 -1
   1
    Zbox 2 3  4 2  3 1 -2 0
     -1/2*s^(-2)*(3+d*t-d-3*t)
    Zbox 1 1  1 0  1 0 0 0
     1/384*s^(-2)*(-576+2*s^2*d^4*t-1248*s*d-96*d^2+1152*s+48*s*d^3*t-272*s^2*d*t-48*s*d^3-4*s^2*d^4-1152*s*t-480*d*t+s^2*mZ^2*d^4+432*s*d^2-432*s*d^2*t+480*d-320*s^2*d^2+1248*s*d*t+140*s^2*mZ^2*d^2+384*s^2*mZ^2-576*s^2-20*s^2*mZ^2*d^3+60*s^2*d^3+136*s^2*d^2*t+96*d^2*t+192*s^2*t+576*t-28*s^2*d^3*t+720*s^2*d-400*s^2*mZ^2*d)
;
  Zbox 2 3  5 1  2 3 -1 0
   1
    Zbox 2 3  4 2  3 1 -2 0
     -1/2*s^(-1)*(-3+d)
    Zbox 1 1  1 0  1 0 0 0
     1/192*s^(-1)*(288+448*s*d+48*d^2-384*s+20*s*d^3+s^2*d^4-168*s*d^2-240*d+68*s^2*d^2+96*s^2-14*s^2*d^3-136*s^2*d)
;
  Zbox 2 3  5 1  2 3 0 -1
   1
    Zbox 2 3  4 2  3 1 -2 0
     1/2*s^(-2)*(3+d*t-d-3*t)
    Zbox 1 1  1 0  1 0 0 0
     -1/384*s^(-2)*(-576+3*s^2*d^4*t-1248*s*d-96*d^2+1152*s+48*s*d^3*t-672*s^2*d*t-48*s*d^3-s^2*d^4-1152*s*t-480*d*t-s^2*mZ^2*d^4+432*s*d^2-432*s*d^2*t+480*d-92*s^2*d^2+1248*s*d*t-140*s^2*mZ^2*d^2-384*s^2*mZ^2-192*s^2+20*s^2*mZ^2*d^3+16*s^2*d^3+276*s^2*d^2*t+96*d^2*t+576*s^2*t+576*t-48*s^2*d^3*t+224*s^2*d+400*s^2*mZ^2*d)
;
  Zbox 2 3  5 1  1 4 -1 0
   1
    Zbox 2 3  4 2  3 1 -2 0
     1/6*s^(-1)*(-3+d)
    Zbox 1 1  1 0  1 0 0 0
     -1/384*s^(-1)*(192+768*s*d+32*d^2-768*s+24*s*d^3+s^2*d^4-240*s*d^2-160*d+92*s^2*d^2+192*s^2-16*s^2*d^3-224*s^2*d)
;
  Zbox 2 3  5 1  1 4 0 -1
   1
    Zbox 2 3  4 2  3 1 -2 0
     -1/6*s^(-2)*(3+d*t-d-3*t)
    Zbox 1 1  1 0  1 0 0 0
     -1/384*(192+416*s*d+32*d^2-384*s-16*s*d^3*t-176*s^2*d*t+16*s*d^3+2*s^2*d^4+384*s*t+160*d*t-s^2*mZ^2*d^4-144*s*d^2+144*s*d^2*t-160*d+136*s^2*d^2-416*s*d*t-140*s^2*mZ^2*d^2-384*s^2*mZ^2+192*s^2+20*s^2*mZ^2*d^3-28*s^2*d^3+48*s^2*d^2*t-32*d^2*t+192*s^2*t-192*t-4*s^2*d^3*t-272*s^2*d+400*s^2*mZ^2*d)*s^(-2)
;
  Zbox 2 3  5 2  4 1 -1 -1
   1
    Zbox 2 3  5 2  4 1 -2 0
     s^(-1)*(-1+t)
    Zbox 2 3  4 2  3 1 -2 0
     -1/6*s^(-1)*(-3+3*mZ^2+d*t+d-3*t-mZ^2*d)
    Zbox 1 1  1 0  1 0 0 0
     1/192*s^(-1)*(288+396*s*d+40*d^2-432*s-96*mZ^2-32*s*mZ^2*d-s*d^3*t+24*s*mZ^2*d^2+88*s^2*d*t+9*s*d^3+240*s*t+64*d*t-108*s*d^2+36*s*d^2*t-224*d-4*s*mZ^2*d^3+24*s^2*d^2-188*s*d*t+24*s^2*mZ^2*d^2+96*s^2*mZ^2-16*mZ^2*d^2+96*s^2-2*s^2*mZ^2*d^3-2*s^2*d^3-24*s^2*d^2*t-8*d^2*t-96*s^2*t-96*t+80*mZ^2*d+2*s^2*d^3*t-88*s^2*d-88*s^2*mZ^2*d)
;
  Zbox 2 3  5 2  4 1 0 -2
   1
    Zbox 2 3  5 2  4 1 -2 0
     -s^(-2)*(1+t^2-2*t)
    Zbox 2 3  4 2  3 1 -2 0
     1/3*s^(-2)*(3+d*t^2-3*mZ^2-3*t^2-d-mZ^2*d*t+3*mZ^2*t+mZ^2*d)
    Zbox 1 1  1 0  1 0 0 0
     1/384*s^(-2)*(768+20*s^2*mZ^4*d^3-2*s^2*d^4*t+96*s*d^2*t^2+1536*s*d+2*s^2*mZ^2*d^4*t+112*d^2+32*d*t^2-1536*s-384*mZ^2-140*s^2*mZ^4*d^2-288*s*mZ^2*d^2*t-832*s*mZ^2*d-32*s*d^3*t+48*s^2*d*t^2+288*s*mZ^2*d^2+624*s^2*d*t-16*s*d^3*t^2+48*s*d^3-448*s^2*mZ^2*d*t-s^2*d^4+1536*s*t+576*d*t+400*s^2*mZ^4*d+2*s^2*mZ^2*d^4-384*s^2*mZ^4-480*s*d^2+384*s*d^2*t-608*d-32*s*mZ^2*d^3+768*s*mZ^2-320*mZ^2*d*t-768*s*mZ^2*t+32*s*mZ^2*d^3*t-s^2*d^4*t^2+100*s^2*d^2-1408*s*d*t+12*s^2*d^3*t^2+64*mZ^2*d^2*t+184*s^2*mZ^2*d^2+384*s^2*mZ^2-64*mZ^2*d^2+384*mZ^2*t+384*s^2-32*s^2*mZ^2*d^3-4*s^2*d^3-232*s^2*d^2*t-96*d^2*t-576*s^2*t+184*s^2*mZ^2*d^2*t+384*s^2*mZ^2*t-16*d^2*t^2-768*t+832*s*mZ^2*d*t-44*s^2*d^2*t^2+320*mZ^2*d-32*s^2*mZ^2*d^3*t+36*s^2*d^3*t-128*s*d*t^2-368*s^2*d-s^2*mZ^4*d^4-448*s^2*mZ^2*d)
;
  Zbox 2 3  5 2  3 2 -2 0
   1
    Zbox 2 3  5 2  4 1 -2 0
     3
    Zbox 2 3  4 2  3 1 -2 0
     3/2-1/2*d
    Zbox 1 1  1 0  1 0 0 0
     -5/2-29/8*s*d-1/4*d^2+9/2*s-1/32*s*d^3+3/4*s*d^2+7/4*d-3/8*s^2*d^2-3/2*s^2+1/32*s^2*d^3+11/8*s^2*d
;
  Zbox 2 3  5 2  3 2 -1 -1
   1
    Zbox 2 3  5 2  4 1 -2 0
     -3*s^(-1)*(-1+t)
    Zbox 2 3  4 2  3 1 -2 0
     1/2*s^(-1)*(3*mZ^2+2*d*t-6*t-mZ^2*d)
    Zbox 1 1  1 0  1 0 0 0
     -1/384*s^(-1)*(1152+3*s^2*d^4*t+2352*s*d+144*d^2-2496*s-576*mZ^2-1600*s*mZ^2*d+52*s*d^3*t+528*s*mZ^2*d^2-144*s^2*d*t+60*s*d^3+3*s^2*d^4-192*s*t-96*d*t-3*s^2*mZ^2*d^4-672*s*d^2-336*s*d^2*t-864*d-56*s*mZ^2*d^3+1536*s*mZ^2+348*s^2*d^2+560*s*d*t-276*s^2*mZ^2*d^2-576*s^2*mZ^2-96*mZ^2*d^2+864*s^2+48*s^2*mZ^2*d^3-54*s^2*d^3+132*s^2*d^2*t+48*d^2*t+480*mZ^2*d-36*s^2*d^3*t-936*s^2*d+672*s^2*mZ^2*d)
;
  Zbox 2 3  5 2  3 2 0 -2
   1
    Zbox 2 3  5 2  4 1 -2 0
     3*s^(-2)*(1+t^2-2*t)
    Zbox 2 3  4 2  3 1 -2 0
     -1/2*s^(-2)*(3+3*d*t^2-6*mZ^2-2*d*t-9*t^2-d-2*mZ^2*d*t+6*mZ^2*t+6*t+2*mZ^2*d)
    Zbox 1 1  1 0  1 0 0 0
     1/384*s^(-2)*(-1728+20*s^2*mZ^4*d^3-2*s^2*d^4*t-720*s*d^2*t^2-3360*s*d-4*s^2*mZ^2*d^4*t-240*d^2-576*d*t^2-1152*s*t^2+3456*s+1152*mZ^2-140*s^2*mZ^4*d^2+864*s*mZ^2*d^2*t+2496*s*mZ^2*d-416*s^2*d*t^2-864*s*mZ^2*d^2-608*s^2*d*t+96*s*d^3*t^2-96*s*d^3+544*s^2*mZ^2*d*t-7*s^2*d^4-2304*s*t-768*d*t+400*s^2*mZ^4*d+8*s^2*mZ^2*d^4-384*s^2*mZ^4+1008*s*d^2-288*s*d^2*t+576*t^2+1344*d+96*s*mZ^2*d^3-2304*s*mZ^2+960*mZ^2*d*t+2304*s*mZ^2*t-96*s*mZ^2*d^3*t+5*s^2*d^4*t^2-548*s^2*d^2+1728*s*d*t-64*s^2*d^3*t^2-192*mZ^2*d^2*t+640*s^2*mZ^2*d^2+1152*s^2*mZ^2+192*mZ^2*d^2-1152*mZ^2*t-1152*s^2-120*s^2*mZ^2*d^3+100*s^2*d^3+104*s^2*d^2*t+96*d^2*t+768*s^2*t-272*s^2*mZ^2*d^2*t-384*s^2*mZ^2*t+192*s^2*t^2+144*d^2*t^2+1152*t-2496*s*mZ^2*d*t+268*s^2*d^2*t^2-960*mZ^2*d+56*s^2*mZ^2*d^3*t+8*s^2*d^3*t+1632*s*d*t^2+1328*s^2*d-s^2*mZ^4*d^4-1440*s^2*mZ^2*d)
;
  Zbox 2 3  5 2  2 3 -2 0
   1
    Zbox 2 3  5 2  4 1 -2 0
     -3
    Zbox 2 3  4 2  3 1 -2 0
     -3+d
    Zbox 1 1  1 0  1 0 0 0
     -1-23/12*s*d-1/4*d^2+s-7/48*s*d^3-1/128*s^2*d^4+s*d^2+d-11/32*s^2*d^2+3/32*s^2*d^3+3/8*s^2*d
;
  Zbox 2 3  5 2  2 3 -1 -1
   1
    Zbox 2 3  5 2  4 1 -2 0
     3*s^(-1)*(-1+t)
    Zbox 2 3  4 2  3 1 -2 0
     -1/2*s^(-1)*(3+3*mZ^2+3*d*t-d-9*t-mZ^2*d)
    Zbox 1 1  1 0  1 0 0 0
     1/384*(576+5*s^2*d^4*t+712*s*d+48*d^2-1056*s-576*mZ^2-896*s*mZ^2*d+90*s*d^3*t+336*s*mZ^2*d^2-416*s^2*d*t-10*s*d^3-s^2*d^4-864*s*t-576*d*t-2*s^2*mZ^2*d^4-72*s*d^2-648*s*d^2*t-384*d-40*s*mZ^2*d^3+768*s*mZ^2+52*s^2*d^2+1368*s*d*t-136*s^2*mZ^2*d^2-192*s^2*mZ^2-96*mZ^2*d^2+384*s^2+28*s^2*mZ^2*d^3+4*s^2*d^3+268*s^2*d^2*t+144*d^2*t+192*s^2*t+576*t+480*mZ^2*d-64*s^2*d^3*t-304*s^2*d+272*s^2*mZ^2*d)*s^(-1)
;
  Zbox 2 3  5 2  2 3 0 -2
   1
    Zbox 2 3  5 2  4 1 -2 0
     -3*s^(-2)*(1+t^2-2*t)
    Zbox 2 3  4 2  3 1 -2 0
     s^(-2)*(2*d*t^2-3*mZ^2-2*d*t-6*t^2-mZ^2*d*t+3*mZ^2*t+6*t+mZ^2*d)
    Zbox 1 1  1 0  1 0 0 0
     1/384*s^(-2)*(1152+20*s^2*mZ^4*d^3+4*s^2*d^4*t+1152*s*d^2*t^2+2112*s*d+6*s^2*mZ^2*d^4*t+144*d^2+1056*d*t^2+2304*s*t^2-2304*s-1152*mZ^2-140*s^2*mZ^4*d^2-864*s*mZ^2*d^2*t-2496*s*mZ^2*d+96*s*d^3*t+1088*s^2*d*t^2+864*s*mZ^2*d^2-16*s^2*d*t-144*s*d^3*t^2+48*s*d^3-1344*s^2*mZ^2*d*t-192*d*t+400*s^2*mZ^4*d-2*s^2*mZ^2*d^4-384*s^2*mZ^4-576*s*d^2-576*s*d^2*t-1152*t^2-864*d-96*s*mZ^2*d^3+2304*s*mZ^2-960*mZ^2*d*t-2304*s*mZ^2*t+96*s*mZ^2*d^3*t-8*s^2*d^4*t^2+240*s^2*d^2+768*s*d*t+112*s^2*d^3*t^2+192*mZ^2*d^2*t-184*s^2*mZ^2*d^2-384*s^2*mZ^2-192*mZ^2*d^2+1152*mZ^2*t+768*s^2+32*s^2*mZ^2*d^3-24*s^2*d^3+128*s^2*d^2*t+96*d^2*t-192*s^2*t+552*s^2*mZ^2*d^2*t+1152*s^2*mZ^2*t-768*s^2*t^2-240*d^2*t^2+2496*s*mZ^2*d*t-544*s^2*d^2*t^2+960*mZ^2*d-96*s^2*mZ^2*d^3*t-44*s^2*d^3*t-2880*s*d*t^2-768*s^2*d-s^2*mZ^4*d^4+448*s^2*mZ^2*d)
;
  Zbox 2 3  5 2  1 4 -2 0
   1
    Zbox 2 3  5 2  4 1 -2 0
     1
    Zbox 2 3  4 2  3 1 -2 0
     3/2-1/2*d
    Zbox 1 1  1 0  1 0 0 0
     -1/2+23/24*s*d-1/2*s+7/96*s*d^3+5/1152*s^2*d^4-1/2*s*d^2+1/4*d+67/288*s^2*d^2+1/6*s^2-1/18*s^2*d^3-13/36*s^2*d
;
  Zbox 2 3  5 2  1 4 -1 -1
   1
    Zbox 2 3  5 2  4 1 -2 0
     -s^(-1)*(-1+t)
    Zbox 2 3  4 2  3 1 -2 0
     1/6*s^(-1)*(6+3*mZ^2+4*d*t-2*d-12*t-mZ^2*d)
    Zbox 1 1  1 0  1 0 0 0
     -1/1152*s^(-1)*(8*s^2*d^4*t-192*s*d-48*d^2-576*mZ^2-2304*s*mZ^2*d+168*s*d^3*t+720*s*mZ^2*d^2-1088*s^2*d*t-24*s*d^3-2*s^2*d^4-3456*s*t-1056*d*t-3*s^2*mZ^2*d^4+144*s*d^2-1440*s*d^2*t+96*d-72*s*mZ^2*d^3+2304*s*mZ^2-64*s^2*d^2+3936*s*d*t-276*s^2*mZ^2*d^2-576*s^2*mZ^2-96*mZ^2*d^2+96*s^2+48*s^2*mZ^2*d^3+22*s^2*d^3+544*s^2*d^2*t+240*d^2*t+768*s^2*t+1152*t+480*mZ^2*d-112*s^2*d^3*t+8*s^2*d+672*s^2*mZ^2*d)
;
  Zbox 2 3  5 2  1 4 0 -2
   1
    Zbox 2 3  5 2  4 1 -2 0
     s^(-2)*(1+t^2-2*t)
    Zbox 2 3  4 2  3 1 -2 0
     -1/6*s^(-2)*(-3+5*d*t^2-6*mZ^2-6*d*t-15*t^2+d-2*mZ^2*d*t+6*mZ^2*t+18*t+2*mZ^2*d)
    Zbox 1 1  1 0  1 0 0 0
     1/1152*s^(-2)*(-576+60*s^2*mZ^4*d^3-16*s^2*d^4*t-1584*s*d^2*t^2-864*s*d-48*d^2-1536*d*t^2-3456*s*t^2+1152*s+1152*mZ^2-420*s^2*mZ^4*d^2+864*s*mZ^2*d^2*t+2496*s*mZ^2*d-192*s*d^3*t-560*s^2*d*t^2-864*s*mZ^2*d^2+1120*s^2*d*t+192*s*d^3*t^2-1056*s^2*mZ^2*d*t-4*s^2*d^4+2304*s*t+1152*d*t+1200*s^2*mZ^4*d+12*s^2*mZ^2*d^4-1152*s^2*mZ^4+144*s*d^2+1440*s*d^2*t+1728*t^2+384*d+96*s*mZ^2*d^3-2304*s*mZ^2+960*mZ^2*d*t+2304*s*mZ^2*t-96*s*mZ^2*d^3*t+8*s^2*d^4*t^2-128*s^2*d^2-3264*s*d*t-100*s^2*d^3*t^2-192*mZ^2*d^2*t+816*s^2*mZ^2*d^2+1152*s^2*mZ^2+192*mZ^2*d^2-1152*mZ^2*t-384*s^2-168*s^2*mZ^2*d^3+32*s^2*d^3-800*s^2*d^2*t-288*d^2*t-384*s^2*t+288*s^2*mZ^2*d^2*t+1152*s^2*mZ^2*t+192*s^2*t^2+336*d^2*t^2-1152*t-2496*s*mZ^2*d*t+400*s^2*d^2*t^2-960*mZ^2*d-24*s^2*mZ^2*d^3*t+200*s^2*d^3*t+4128*s*d*t^2+352*s^2*d-3*s^2*mZ^4*d^4-1632*s^2*mZ^2*d)
;
  Zbox 2 3  5 3  3 2 -3 0
   1
    Zbox 2 3  5 3  4 1 -3 0
     3
    Zbox 2 3  5 2  4 1 -2 0
     -3*s
    Zbox 2 3  4 2  3 1 -2 0
     -3
    Zbox 1 1  1 0  1 0 0 0
     1+9/2*s*d-6*s-3/4*s*d^2-1/2*d+3/4*s^2*d^2+3*s^2-1/16*s^2*d^3-11/4*s^2*d
;
  Zbox 2 3  5 3  3 2 -2 -1
   1
    Zbox 2 3  5 3  4 1 -2 -1
     3
    Zbox 2 3  5 2  4 1 -2 0
     -3+3*t
    Zbox 2 3  4 2  3 1 -2 0
     -1/2*s^(-1)*(4+s*d-s-s*mZ^2*d-3*s*t+3*s*mZ^2+s*d*t-4*t)
    Zbox 1 1  1 0  1 0 0 0
     -1/96*(192+312*s*d+3*s^3*mZ^2*d^3+36*s^3*d^2*t-496*s+168*s*mZ^2*d-36*s^3*mZ^2*d^2-3*s^3*d^3*t-24*s*mZ^2*d^2+480*s^2*d*t+132*s^3*mZ^2*d+688*s*t+96*d*t-32*s*d^2+80*s*d^2*t-96*d-240*s*mZ^2+60*s^2*d^2-504*s*d*t+72*s^2*mZ^2*d^2+432*s^2*mZ^2-144*s^3+480*s^2-3*s^2*mZ^2*d^3+132*s^3*d-108*s^2*d^2*t-576*s^2*t-192*t-144*s^3*mZ^2-36*s^3*d^2+144*s^3*t+3*s^3*d^3+6*s^2*d^3*t-360*s^2*d-348*s^2*mZ^2*d-132*s^3*d*t)*s^(-1)
;
  Zbox 2 3  5 3  3 2 -1 -2
   1
    Zbox 2 3  5 3  4 1 -1 -2
     3
    Zbox 2 3  5 2  4 1 -2 0
     -3*s^(-1)*(1+t^2-2*t)
    Zbox 2 3  4 2  3 1 -2 0
     -(1+s*d+3*s*t^2-s-s*mZ^2*d-2*s*t+t^2+3*s*mZ^2-3*s*mZ^2*t-2*t+s*mZ^2*d*t-s*d*t^2)*s^(-2)
    Zbox 1 1  1 0  1 0 0 0
     -1/384*s^(-2)*(384+1152*s^3*mZ^4+32*s^2*mZ^4*d^3-1152*s^3*mZ^2*t+3*s^3*d^4-48*s*d^2*t^2+2016*s*d+84*s^3*mZ^2*d^3+552*s^3*d^2*t-192*d*t^2-768*s*t^2-2304*s-384*s^2*mZ^4*d^2-192*s*mZ^2*d^2*t-36*s^3*d^3*t^2-960*s*mZ^2*d+384*s^2*d*t^2+1344*s^3*mZ^2*d*t-408*s^3*mZ^2*d^2-96*s^3*d^3*t+192*s*mZ^2*d^2+3872*s^2*d*t+816*s^3*mZ^2*d+3*s^3*mZ^4*d^4-3376*s^2*mZ^2*d*t+3072*s*t+384*d*t+1408*s^2*mZ^4*d-1536*s^2*mZ^4-432*s*d^2+480*s*d^2*t+384*t^2-192*d+1152*s*mZ^2+132*s^3*d^2*t^2-1152*s*mZ^2*t-6*s^3*mZ^2*d^4*t+96*s^3*mZ^2*d^3*t+928*s^2*d^2-2496*s*d*t+48*s^2*d^3*t^2+48*s^2*mZ^2*d^2-192*s^2*mZ^2-144*s^3*d*t^2-960*s^3+420*s^3*mZ^4*d^2+3200*s^2-12*s^2*mZ^2*d^3-56*s^2*d^3+1056*s^3*d-1280*s^2*d^2*t-60*s^3*mZ^4*d^3-3712*s^2*t+1104*s^2*mZ^2*d^2*t+6*s^3*d^4*t+3264*s^2*mZ^2*t-768*t+3*s^3*d^4*t^2+960*s*mZ^2*d*t-576*s^3*mZ^2-552*s^3*mZ^2*d^2*t-288*s^2*d^2*t^2-348*s^3*d^2+1152*s^3*t-6*s^3*mZ^2*d^4-1200*s^3*mZ^4*d-116*s^2*mZ^2*d^3*t+24*s^3*d^3+136*s^2*d^3*t+480*s*d*t^2-3232*s^2*d+48*s^2*mZ^2*d-1344*s^3*d*t)
;
  Zbox 2 3  5 3  3 2 0 -3
   1
    Zbox 2 3  5 3  4 1 0 -3
     3
    Zbox 2 3  5 2  4 1 -2 0
     3*s^(-2)*(-1+t^3-3*t^2+3*t)
    Zbox 2 3  4 2  3 1 -2 0
     -3/2*s^(-2)*(-1+d*t^3-mZ^2*d*t^2-d*t^2+3*mZ^2-3*t^3-d*t+5*t^2+d+2*mZ^2*d*t-6*mZ^2*t-t+3*mZ^2*t^2-mZ^2*d)
    Zbox 1 1  1 0  1 0 0 0
     1/384*s^(-2)*(1728+3456*s*mZ^2*t^2-144*s*mZ^2*d^3*t^2+324*s^2*mZ^4*d^3-576*d*t^3-1152*s*t^3-21*s^2*d^4*t-144*s*d^2*t^2+4128*s*d+24*s^2*mZ^2*d^4*t+1200*s^2*mZ^4*d*t-416*s^2*d*t^3-1152*s^2*mZ^4*t+1440*mZ^2*d*t^2-1600*s^2*mZ^6*d+816*s^2*mZ^2*d*t^2+432*d^2-576*d*t^2-1152*s*t^2-3456*s-1728*mZ^2-1788*s^2*mZ^4*d^2-2592*s*mZ^2*d^2*t-3744*s*mZ^2*d-288*s*d^3*t-384*s^2*d*t^2-720*s*d^2*t^3-80*s^2*mZ^6*d^3+1296*s*mZ^2*d^2+2448*s^2*d*t+576*t^3+192*s*d^3-3792*s^2*mZ^2*d*t+5*s^2*d^4*t^3-3*s^2*mZ^4*d^4*t-13*s^2*d^4+5760*s*t+2880*d*t+4176*s^2*mZ^4*d+30*s^2*mZ^2*d^4-3456*s^2*mZ^4+1296*s*mZ^2*d^2*t^2-1584*s*d^2+2448*s*d^2*t-6*s^2*mZ^2*d^4*t^2+576*t^2+96*s*d^3*t^3-1728*d-144*s*mZ^2*d^3+3456*s*mZ^2+560*s^2*mZ^6*d^2-2880*mZ^2*d*t-6912*s*mZ^2*t+288*s*mZ^2*d^3*t+1536*s^2*mZ^6-3*s^2*d^4*t^2+628*s^2*d^2-6624*s*d*t+24*s^2*d^3*t^2+576*mZ^2*d^2*t+744*s^2*mZ^2*d^2-288*mZ^2*d^2+84*s^2*mZ^2*d^3*t^2+3456*mZ^2*t+1152*s^2-264*s^2*mZ^2*d^3-52*s^2*d^3+60*s^2*mZ^4*d^3*t-64*s^2*d^3*t^3-1164*s^2*d^2*t-720*d^2*t-1920*s^2*t+1776*s^2*mZ^2*d^2*t-3744*s*mZ^2*d*t^2+4*s^2*mZ^6*d^4+2880*s^2*mZ^2*t+576*s^2*t^2+144*d^2*t^2-2880*t-408*s^2*mZ^2*d^2*t^2+7488*s*mZ^2*d*t-576*s^2*mZ^2*t^2-1728*mZ^2*t^2+1632*s*d*t^3+12*s^2*d^2*t^2+1440*mZ^2*d+192*s^2*t^3+144*d^2*t^3-348*s^2*mZ^2*d^3*t-420*s^2*mZ^4*d^2*t+268*s^2*d^2*t^3+252*s^2*d^3*t+864*s*d*t^2-1520*s^2*d-21*s^2*mZ^4*d^4-672*s^2*mZ^2*d-288*mZ^2*d^2*t^2)
;
  Zbox 2 3  5 3  2 3 -3 0
   1
    Zbox 2 3  5 3  4 1 -3 0
     -3
    Zbox 2 3  5 2  4 1 -2 0
     6*s
    Zbox 2 3  4 2  3 1 -2 0
     6-1/2*s*d+3/2*s
    Zbox 1 1  1 0  1 0 0 0
     4+19/4*s*d-13/2*s-3/4*s*d^2-2*d+3/4*s^2*d^2-3/2*s^3+9/2*s^2-1/32*s^2*d^3+11/8*s^3*d-3/8*s^3*d^2+1/32*s^3*d^3-29/8*s^2*d
;
  Zbox 2 3  5 3  2 3 -2 -1
   1
    Zbox 2 3  5 3  4 1 -2 -1
     -3
    Zbox 2 3  5 2  4 1 -2 0
     6-6*t
    Zbox 2 3  4 2  3 1 -2 0
     1/2*s^(-1)*(8+s*d+s-2*s*mZ^2*d-9*s*t+6*s*mZ^2+3*s*d*t-8*t)
    Zbox 1 1  1 0  1 0 0 0
     -1/384*s^(-1)*(-1536+3*s^3*d^4-3360*s*d+36*s^3*mZ^2*d^3-12*s^3*d^2*t+4416*s+384*s*mZ^2*d-132*s^3*mZ^2*d^2-24*s^3*d^3*t-96*s*mZ^2*d^2-1536*s^2*d*t+144*s^3*mZ^2*d-3648*s*t-768*d*t+576*s*d^2-384*s*d^2*t+768*d-384*s*mZ^2-1040*s^2*d^2+2592*s*d*t+384*s^2*mZ^2*d^2+384*s^2*mZ^2+1152*s^3-4096*s^2-56*s^2*mZ^2*d^3+88*s^2*d^3-1200*s^3*d+144*s^2*d^2*t+2304*s^2*t+3*s^3*d^4*t+1536*t+420*s^3*d^2-576*s^3*t-3*s^3*mZ^2*d^4-60*s^3*d^3+24*s^2*d^3*t+3776*s^2*d-736*s^2*mZ^2*d+384*s^3*d*t)
;
  Zbox 2 3  5 3  2 3 -1 -2
   1
    Zbox 2 3  5 3  4 1 -1 -2
     -3
    Zbox 2 3  5 2  4 1 -2 0
     6*s^(-1)*(1+t^2-2*t)
    Zbox 2 3  4 2  3 1 -2 0
     1/2*s^(-2)*(4+3*s*d+15*s*t^2-s-4*s*mZ^2*d-14*s*t+4*t^2+12*s*mZ^2-12*s*mZ^2*t+2*s*d*t-8*t+4*s*mZ^2*d*t-5*s*d*t^2)
    Zbox 1 1  1 0  1 0 0 0
     1/192*s^(-2)*(384+384*s^3*mZ^4+8*s^2*mZ^4*d^3-768*s^3*mZ^2*t-2*s^3*d^4+1776*s*d-16*s^3*mZ^2*d^3+280*s^3*d^2*t-192*d*t^2-480*s*t^2-2016*s-96*s^2*mZ^4*d^2-192*s*mZ^2*d^2*t-50*s^3*d^3*t^2-960*s*mZ^2*d+744*s^2*d*t^2+944*s^3*mZ^2*d*t+92*s^3*mZ^2*d^2-40*s^3*d^3*t+192*s*mZ^2*d^2+2352*s^2*d*t-224*s^3*mZ^2*d+s^3*mZ^4*d^4-2496*s^2*mZ^2*d*t+2496*s*t+384*d*t+352*s^2*mZ^4*d-384*s^2*mZ^4-384*s*d^2+384*s*d^2*t+384*t^2-192*d+1152*s*mZ^2+200*s^3*d^2*t^2-1152*s*mZ^2*t-5*s^3*mZ^2*d^4*t+76*s^3*mZ^2*d^3*t+944*s^2*d^2-2016*s*d*t+66*s^2*d^3*t^2-576*s^2*mZ^2*d^2-1536*s^2*mZ^2-280*s^3*d*t^2-800*s^3+96*s^3*t^2+140*s^3*mZ^4*d^2+2656*s^2+64*s^2*mZ^2*d^3-94*s^2*d^3+936*s^3*d-672*s^2*d^2*t-20*s^3*mZ^4*d^3-2496*s^2*t+864*s^2*mZ^2*d^2*t+2*s^3*d^4*t+2304*s^2*mZ^2*t-288*s^2*t^2-768*t+4*s^3*d^4*t^2+960*s*mZ^2*d*t+192*s^3*mZ^2-412*s^3*mZ^2*d^2*t-432*s^2*d^2*t^2-368*s^3*d^2+768*s^3*t+s^3*mZ^2*d^4-400*s^3*mZ^4*d-96*s^2*mZ^2*d^3*t+54*s^3*d^3+60*s^2*d^3*t+240*s*d*t^2-2840*s^2*d+1664*s^2*mZ^2*d-800*s^3*d*t)
;
  Zbox 2 3  5 3  2 3 0 -3
   1
    Zbox 2 3  5 3  4 1 0 -3
     -3
    Zbox 2 3  5 2  4 1 -2 0
     -6*s^(-2)*(-1+t^3-3*t^2+3*t)
    Zbox 2 3  4 2  3 1 -2 0
     1/2*s^(-2)*(-3+7*d*t^3-6*mZ^2*d*t^2-9*d*t^2+18*mZ^2-21*t^3-3*d*t+39*t^2+5*d+12*mZ^2*d*t-36*mZ^2*t-15*t+18*mZ^2*t^2-6*mZ^2*d)
    Zbox 1 1  1 0  1 0 0 0
     -1/384*s^(-2)*(2880+6912*s*mZ^2*t^2-288*s*mZ^2*d^3*t^2+192*s^2*mZ^4*d^3-1632*d*t^3-3456*s*t^3-21*s^2*d^4*t+1008*s*d^2*t^2+7008*s*d+30*s^2*mZ^2*d^4*t-1504*s^2*d*t^3+2880*mZ^2*d*t^2-800*s^2*mZ^6*d+2832*s^2*mZ^2*d*t^2+768*d^2+288*d*t^2+1152*s*t^2-5760*s-3456*mZ^2-1104*s^2*mZ^4*d^2-5184*s*mZ^2*d^2*t-7488*s*mZ^2*d-432*s*d^3*t+432*s^2*d*t^2-1872*s*d^2*t^3-40*s^2*mZ^6*d^3+2592*s*mZ^2*d^2+3648*s^2*d*t-144*s*d^3*t^2+1728*t^3+336*s*d^3-5664*s^2*mZ^2*d*t+13*s^2*d^4*t^3+s^2*d^4+8064*s*t+4320*d*t+2688*s^2*mZ^4*d+9*s^2*mZ^2*d^4-2304*s^2*mZ^4+2592*s*mZ^2*d^2*t^2-2736*s*d^2+3600*s*d^2*t-15*s^2*mZ^2*d^4*t^2-576*t^2+240*s*d^3*t^3-2976*d-288*s*mZ^2*d^3+6912*s*mZ^2+280*s^2*mZ^6*d^2-5760*mZ^2*d*t-13824*s*mZ^2*t+576*s*mZ^2*d^3*t+768*s^2*mZ^6-9*s^2*d^4*t^2+1100*s^2*d^2-9504*s*d*t+108*s^2*d^3*t^2+1152*mZ^2*d^2*t-180*s^2*mZ^2*d^2-1152*s^2*mZ^2-576*mZ^2*d^2+228*s^2*mZ^2*d^3*t^2+6912*mZ^2*t+1920*s^2-36*s^2*mZ^2*d^3-164*s^2*d^3-176*s^2*d^3*t^3-1644*s^2*d^2*t-1152*d^2*t-2880*s^2*t+2472*s^2*mZ^2*d^2*t-7488*s*mZ^2*d*t^2+2*s^2*mZ^6*d^4+4608*s^2*mZ^2*t-4032*t-1236*s^2*mZ^2*d^2*t^2+14976*s*mZ^2*d*t-2304*s^2*mZ^2*t^2-3456*mZ^2*t^2+4512*s*d*t^3-396*s^2*d^2*t^2+2880*mZ^2*d+960*s^2*t^3+384*d^2*t^3-456*s^2*mZ^2*d^3*t+812*s^2*d^2*t^3+312*s^2*d^3*t-2016*s*d*t^2-2512*s^2*d-12*s^2*mZ^4*d^4+1008*s^2*mZ^2*d-576*mZ^2*d^2*t^2)
;
  Zbox 2 3  5 3  1 4 -3 0
   1
    Zbox 2 3  5 3  4 1 -3 0
     1
    Zbox 2 3  5 2  4 1 -2 0
     -3*s
    Zbox 2 3  4 2  3 1 -2 0
     -3+1/2*s*d-3/2*s
    Zbox 1 1  1 0  1 0 0 0
     -1-1/384*s^3*d^4-7/4*s*d+5/2*s+1/4*s*d^2+1/2*d+1/2*s^3-3/2*s^2-1/32*s^2*d^3-1/3*s^3*d+1/96*s^3*d^2+1/48*s^3*d^3+7/8*s^2*d
;
  Zbox 2 3  5 3  1 4 -2 -1
   1
    Zbox 2 3  5 3  4 1 -2 -1
     1
    Zbox 2 3  5 2  4 1 -2 0
     -3+3*t
    Zbox 2 3  4 2  3 1 -2 0
     -1/2*s^(-1)*(4+2*s-s*mZ^2*d-6*s*t+3*s*mZ^2+2*s*d*t-4*t)
    Zbox 1 1  1 0  1 0 0 0
     1/1152*s^(-1)*(-2304+2*s^3*d^4-4608*s*d+64*s^3*mZ^2*d^3+256*s^3*d^2*t+6528*s-288*s*mZ^2*d-268*s^3*mZ^2*d^2-88*s^3*d^3*t-960*s^2*d*t+416*s^3*mZ^2*d-6528*s*t-1152*d*t+672*s*d^2-672*s*d^2*t+1152*d+576*s*mZ^2-1056*s^2*d^2+4608*s*d*t+576*s^2*mZ^2*d^2+576*s^2*mZ^2+1344*s^3-4992*s^2-84*s^2*mZ^2*d^3+72*s^2*d^3-1328*s^3*d-288*s^2*d^2*t+2304*s^2*t+8*s^3*d^4*t+2304*t-192*s^3*mZ^2+424*s^3*d^2-384*s^3*t-5*s^3*mZ^2*d^4-52*s^3*d^3+96*s^2*d^3*t+4320*s^2*d-1104*s^2*mZ^2*d-32*s^3*d*t)
;
  Zbox 2 3  5 3  1 4 -1 -2
   1
    Zbox 2 3  5 3  4 1 -1 -2
     1
    Zbox 2 3  5 2  4 1 -2 0
     -3*s^(-1)*(1+t^2-2*t)
    Zbox 2 3  4 2  3 1 -2 0
     -1/2*s^(-2)*(2+s*d+9*s*t^2+s-2*s*mZ^2*d-10*s*t+2*t^2+6*s*mZ^2-6*s*mZ^2*t+2*s*d*t-4*t+2*s*mZ^2*d*t-3*s*d*t^2)
    Zbox 1 1  1 0  1 0 0 0
     -1/1152*(1152+1152*s^3*mZ^4+48*s^2*mZ^4*d^3-2688*s^3*mZ^2*t-4*s^3*d^4+144*s*d^2*t^2+4608*s*d-68*s^3*mZ^2*d^3+288*s^3*d^2*t-576*d*t^2-576*s*t^2-5184*s-576*s^2*mZ^4*d^2-576*s*mZ^2*d^2*t-212*s^3*d^3*t^2-2880*s*mZ^2*d+5424*s^2*d*t^2+3232*s^3*mZ^2*d*t+416*s^3*mZ^2*d^2-24*s^3*d^3*t+576*s*mZ^2*d^2+3072*s^2*d*t-1072*s^3*mZ^2*d+3*s^3*mZ^4*d^4-10128*s^2*mZ^2*d*t+5760*s*t+1152*d*t+2112*s^2*mZ^4*d-2304*s^2*mZ^4-1008*s*d^2+864*s*d^2*t+1152*t^2-576*d+3456*s*mZ^2+944*s^3*d^2*t^2-3456*s*mZ^2*t-16*s^3*mZ^2*d^4*t+248*s^3*mZ^2*d^3*t+2304*s^2*d^2-4608*s*d*t+300*s^2*d^3*t^2-1584*s^2*mZ^2*d^2-5184*s^2*mZ^2-1648*s^3*d*t^2-1920*s^3+960*s^3*t^2+420*s^3*mZ^4*d^2+6336*s^2+156*s^2*mZ^2*d^3-204*s^2*d^3+2272*s^3*d-960*s^2*d^2*t-60*s^3*mZ^4*d^3-3072*s^2*t+3312*s^2*mZ^2*d^2*t+9792*s^2*mZ^2*t-4032*s^2*t^2-2304*t+16*s^3*d^4*t^2+2880*s*mZ^2*d*t+960*s^3*mZ^2-1376*s^3*mZ^2*d^2*t-2304*s^2*d^2*t^2-896*s^3*d^2+1152*s^3*t+4*s^3*mZ^2*d^4-1200*s^3*mZ^4*d-348*s^2*mZ^2*d^3*t+128*s^3*d^3+96*s^2*d^3*t-6960*s^2*d+5136*s^2*mZ^2*d-1056*s^3*d*t)*s^(-2)
;
  Zbox 2 3  5 3  1 4 0 -3
   1
    Zbox 2 3  5 3  4 1 0 -3
     1
    Zbox 2 3  5 2  4 1 -2 0
     3*s^(-2)*(-1+t^3-3*t^2+3*t)
    Zbox 2 3  4 2  3 1 -2 0
     -1/2*s^(-2)*(4*d*t^3-3*mZ^2*d*t^2-6*d*t^2+9*mZ^2-12*t^3+24*t^2+2*d+6*mZ^2*d*t-18*mZ^2*t-12*t+9*mZ^2*t^2-3*mZ^2*d)
    Zbox 1 1  1 0  1 0 0 0
     1/384*s^(-2)*(1152+3456*s*mZ^2*t^2-144*s*mZ^2*d^3*t^2+132*s^2*mZ^4*d^3-1056*d*t^3-2304*s*t^3-11*s^2*d^4*t+1152*s*d^2*t^2+2880*s*d+22*s^2*mZ^2*d^4*t+1200*s^2*mZ^4*d*t-688*s^2*d*t^3-1152*s^2*mZ^4*t+1440*mZ^2*d*t^2-800*s^2*mZ^6*d+416*s^2*mZ^2*d*t^2+336*d^2+864*d*t^2+2304*s*t^2-2304*s-1728*mZ^2-684*s^2*mZ^4*d^2-2592*s*mZ^2*d^2*t-3744*s*mZ^2*d-144*s*d^3*t+704*s^2*d*t^2-1152*s*d^2*t^3-40*s^2*mZ^6*d^3+1296*s*mZ^2*d^2+1088*s^2*d*t-144*s*d^3*t^2+1152*t^3+144*s*d^3-2992*s^2*mZ^2*d*t+7*s^2*d^4*t^3-3*s^2*mZ^4*d^4*t-s^2*d^4+2304*s*t+1440*d*t+1488*s^2*mZ^4*d+7*s^2*mZ^2*d^4-1152*s^2*mZ^4+1296*s*mZ^2*d^2*t^2-1152*s*d^2+1152*s*d^2*t-5*s^2*mZ^2*d^4*t^2-1152*t^2+144*s*d^3*t^3-1248*d-144*s*mZ^2*d^3+3456*s*mZ^2+280*s^2*mZ^6*d^2-2880*mZ^2*d*t-6912*s*mZ^2*t+288*s*mZ^2*d^3*t+768*s^2*mZ^6-11*s^2*d^4*t^2+484*s^2*d^2-2880*s*d*t+136*s^2*d^3*t^2+576*mZ^2*d^2*t-172*s^2*mZ^2*d^2-768*s^2*mZ^2-288*mZ^2*d^2+64*s^2*mZ^2*d^3*t^2+3456*mZ^2*t+768*s^2-20*s^2*mZ^2*d^3-76*s^2*d^3+60*s^2*mZ^4*d^3*t-92*s^2*d^3*t^3-484*s^2*d^2*t-432*d^2*t-960*s^2*t+1496*s^2*mZ^2*d^2*t-3744*s*mZ^2*d*t^2+2*s^2*mZ^6*d^4+2112*s^2*mZ^2*t-192*s^2*t^2-144*d^2*t^2-1152*t-268*s^2*mZ^2*d^2*t^2+7488*s*mZ^2*d*t-192*s^2*mZ^2*t^2-1728*mZ^2*t^2+2880*s*d*t^3-532*s^2*d^2*t^2+1440*mZ^2*d+384*s^2*t^3+240*d^2*t^3-308*s^2*mZ^2*d^3*t-420*s^2*mZ^4*d^2*t+404*s^2*d^2*t^3+112*s^2*d^3*t-2880*s*d*t^2-1040*s^2*d-9*s^2*mZ^4*d^4+752*s^2*mZ^2*d-288*mZ^2*d^2*t^2)
;
