  Zbox 1 8  1 1  -1 0 0 1
   1
    Zbox 1 8  1 0  0 0 0 1
     -mZ^2
;
  Zbox 1 8  1 1  0 -1 0 1
   1
    Zbox 1 8  1 0  0 0 0 1
     1-mZ^2-t
;
  Zbox 1 8  1 1  0 0 -1 1
   1
    Zbox 1 8  1 0  0 0 0 1
     -mZ^2
;
  Zbox 1 8  1 2  -2 0 0 1
   1
    Zbox 1 8  1 0  0 0 0 1
     -d^(-1)*(4*mZ^2+mZ^4*d)
;
  Zbox 1 8  1 2  -1 -1 0 1
   1
    Zbox 1 8  1 0  0 0 0 1
     -(2*mZ^2+mZ^4*d+mZ^2*d*t+2*mZ^2*t-mZ^2*d)*d^(-1)
;
  Zbox 1 8  1 2  -1 0 -1 1
   1
    Zbox 1 8  1 0  0 0 0 1
     -(4*mZ^2+mZ^4*d-2*s*mZ^2)*d^(-1)
;
  Zbox 1 8  1 2  0 -2 0 1
   1
    Zbox 1 8  1 0  0 0 0 1
     -(d*t^2+mZ^4*d-2*d*t+d+2*mZ^2*d*t+4*mZ^2*t-2*mZ^2*d)*d^(-1)
;
  Zbox 1 8  1 2  0 -1 -1 1
   1
    Zbox 1 8  1 0  0 0 0 1
     -(2*mZ^2+mZ^4*d+mZ^2*d*t+2*mZ^2*t-mZ^2*d)*d^(-1)
;
  Zbox 1 8  1 2  0 0 -2 1
   1
    Zbox 1 8  1 0  0 0 0 1
     -d^(-1)*(4*mZ^2+mZ^4*d)
;
  Zbox 1 8  2 0  0 0 0 2
   1
    Zbox 1 8  1 0  0 0 0 1
     -1/2*mZ^(-2)*(-2+d)
;
  Zbox 1 8  2 1  -1 0 0 2
   1
    Zbox 1 8  1 0  0 0 0 1
     -1/2*d
;
  Zbox 1 8  2 1  0 -1 0 2
   1
    Zbox 1 8  1 0  0 0 0 1
     -1/2*mZ^(-2)*(2+d*t-d-2*t+mZ^2*d)
;
  Zbox 1 8  2 1  0 0 -1 2
   1
    Zbox 1 8  1 0  0 0 0 1
     -1/2*d
;
  Zbox 1 8  2 2  -2 0 0 2
   1
    Zbox 1 8  1 0  0 0 0 1
     -2-mZ^2-1/2*mZ^2*d
;
  Zbox 1 8  2 2  -1 -1 0 2
   1
    Zbox 1 8  1 0  0 0 0 1
     -1-mZ^2-1/2*d*t+1/2*d-t-1/2*mZ^2*d
;
  Zbox 1 8  2 2  -1 0 -1 2
   1
    Zbox 1 8  1 0  0 0 0 1
     -2+s-mZ^2-1/2*mZ^2*d
;
  Zbox 1 8  2 2  0 -2 0 2
   1
    Zbox 1 8  1 0  0 0 0 1
     -1/2*(-2+d*t^2+mZ^4*d-2*d*t-2*t^2+d+2*mZ^2*d*t+4*mZ^2*t+4*t-2*mZ^2*d+2*mZ^4)*mZ^(-2)
;
  Zbox 1 8  2 2  0 -1 -1 2
   1
    Zbox 1 8  1 0  0 0 0 1
     -1-mZ^2-1/2*d*t+1/2*d-t-1/2*mZ^2*d
;
  Zbox 1 8  2 2  0 0 -2 2
   1
    Zbox 1 8  1 0  0 0 0 1
     -2-mZ^2-1/2*mZ^2*d
;
  Zbox 1 8  2 3  -3 0 0 2
   1
    Zbox 1 8  1 0  0 0 0 1
     -1/2*d^(-1)*(24*mZ^2+mZ^4*d^2+4*mZ^4*d+12*mZ^2*d)
;
  Zbox 1 8  2 3  -2 -1 0 2
   1
    Zbox 1 8  1 0  0 0 0 1
     -1/2*d^(-1)*(16*mZ^2+mZ^4*d^2+4*mZ^4*d+4*d*t-4*d+6*mZ^2*d*t+mZ^2*d^2*t-mZ^2*d^2+8*mZ^2*t+6*mZ^2*d)
;
  Zbox 1 8  2 3  -2 0 -1 2
   1
    Zbox 1 8  1 0  0 0 0 1
     -1/2*d^(-1)*(24*mZ^2+mZ^4*d^2-4*s*mZ^2*d+4*mZ^4*d-8*s*mZ^2+12*mZ^2*d)
;
  Zbox 1 8  2 3  -1 -2 0 2
   1
    Zbox 1 8  1 0  0 0 0 1
     -1/2*(d^2+4*d*t^2+8*mZ^2+mZ^4*d^2+4*mZ^4*d-4*d+12*mZ^2*d*t+2*mZ^2*d^2*t-2*mZ^2*d^2+16*mZ^2*t-2*d^2*t+d^2*t^2)*d^(-1)
;
  Zbox 1 8  2 3  -1 -1 -1 2
   1
    Zbox 1 8  1 0  0 0 0 1
     -1/2*d^(-1)*(2*s*d+16*mZ^2+mZ^4*d^2-2*s*mZ^2*d+4*mZ^4*d+4*d*t-4*d-4*s*mZ^2+6*mZ^2*d*t-2*s*d*t+mZ^2*d^2*t-mZ^2*d^2+8*mZ^2*t+6*mZ^2*d)
;
  Zbox 1 8  2 3  -1 0 -2 2
   1
    Zbox 1 8  1 0  0 0 0 1
     -1/2*d^(-1)*(24*mZ^2+mZ^4*d^2-4*s*mZ^2*d+4*mZ^4*d-8*s*mZ^2+12*mZ^2*d)
;
  Zbox 1 8  2 3  0 -3 0 2
   1
    Zbox 1 8  1 0  0 0 0 1
     -1/2*mZ^(-2)*d^(-1)*(4*mZ^6*d+24*mZ^4*t-2*d*t^3+12*mZ^2*d*t^2-d^2+6*d*t^2+18*mZ^4*d*t-3*mZ^4*d^2-6*mZ^4*d-6*d*t+2*d-12*mZ^2*d*t+mZ^6*d^2-6*mZ^2*d^2*t+3*mZ^2*d^2+3*d^2*t-3*d^2*t^2+3*mZ^4*d^2*t+d^2*t^3+3*mZ^2*d^2*t^2)
;
  Zbox 1 8  2 3  0 -2 -1 2
   1
    Zbox 1 8  1 0  0 0 0 1
     -1/2*(d^2+4*d*t^2+8*mZ^2+mZ^4*d^2+4*mZ^4*d-4*d+12*mZ^2*d*t+2*mZ^2*d^2*t-2*mZ^2*d^2+16*mZ^2*t-2*d^2*t+d^2*t^2)*d^(-1)
;
  Zbox 1 8  2 3  0 -1 -2 2
   1
    Zbox 1 8  1 0  0 0 0 1
     -1/2*d^(-1)*(16*mZ^2+mZ^4*d^2+4*mZ^4*d+4*d*t-4*d+6*mZ^2*d*t+mZ^2*d^2*t-mZ^2*d^2+8*mZ^2*t+6*mZ^2*d)
;
  Zbox 1 8  2 3  0 0 -3 2
   1
    Zbox 1 8  1 0  0 0 0 1
     -1/2*d^(-1)*(24*mZ^2+mZ^4*d^2+4*mZ^4*d+12*mZ^2*d)
;
  Zbox 1 8  3 0  0 0 0 3
   1
    Zbox 1 8  1 0  0 0 0 1
     -1/8*(8+d^2-6*d)*mZ^(-4)
;
  Zbox 1 8  3 1  -1 0 0 3
   1
    Zbox 1 8  1 0  0 0 0 1
     -1/8*mZ^(-2)*(d^2-2*d)
;
  Zbox 1 8  3 1  0 -1 0 3
   1
    Zbox 1 8  1 0  0 0 0 1
     1/8*(8+d^2+6*d*t-6*d-mZ^2*d^2-d^2*t-8*t+2*mZ^2*d)*mZ^(-4)
;
  Zbox 1 8  3 1  0 0 -1 3
   1
    Zbox 1 8  1 0  0 0 0 1
     -1/8*mZ^(-2)*(d^2-2*d)
;
  Zbox 1 8  3 2  -2 0 0 3
   1
    Zbox 1 8  1 0  0 0 0 1
     -1/8*mZ^(-2)*(-8+4*d+mZ^2*d^2+2*mZ^2*d)
;
  Zbox 1 8  3 2  -1 -1 0 3
   1
    Zbox 1 8  1 0  0 0 0 1
     1/8*mZ^(-2)*(4+d^2-4*d-mZ^2*d^2-d^2*t+4*t-2*mZ^2*d)
;
  Zbox 1 8  3 2  -1 0 -1 3
   1
    Zbox 1 8  1 0  0 0 0 1
     1/8*mZ^(-2)*(8+2*s*d-4*s-4*d-mZ^2*d^2-2*mZ^2*d)
;
  Zbox 1 8  3 2  0 -2 0 3
   1
    Zbox 1 8  1 0  0 0 0 1
     -1/8*(8+d^2-6*d*t^2+mZ^4*d^2+2*mZ^4*d+12*d*t+8*t^2-6*d+2*mZ^2*d^2*t-2*mZ^2*d^2-8*mZ^2*t-2*d^2*t+d^2*t^2-16*t+4*mZ^2*d)*mZ^(-4)
;
  Zbox 1 8  3 2  0 -1 -1 3
   1
    Zbox 1 8  1 0  0 0 0 1
     1/8*mZ^(-2)*(4+d^2-4*d-mZ^2*d^2-d^2*t+4*t-2*mZ^2*d)
;
  Zbox 1 8  3 2  0 0 -2 3
   1
    Zbox 1 8  1 0  0 0 0 1
     -1/8*mZ^(-2)*(-8+4*d+mZ^2*d^2+2*mZ^2*d)
;
  Zbox 1 8  3 3  -3 0 0 3
   1
    Zbox 1 8  1 0  0 0 0 1
     -3-mZ^2-3/2*d-1/8*mZ^2*d^2-3/4*mZ^2*d
;
  Zbox 1 8  3 3  -2 -1 0 3
   1
    Zbox 1 8  1 0  0 0 0 1
     -1/8*mZ^(-2)*(8+16*mZ^2+mZ^4*d^2+6*mZ^4*d+4*d*t-4*d+6*mZ^2*d*t+mZ^2*d^2*t-mZ^2*d^2+8*mZ^2*t-8*t+6*mZ^2*d+8*mZ^4)
;
  Zbox 1 8  3 3  -2 0 -1 3
   1
    Zbox 1 8  1 0  0 0 0 1
     -3+1/2*s*d+s-mZ^2-3/2*d-1/8*mZ^2*d^2-3/4*mZ^2*d
;
  Zbox 1 8  3 3  -1 -2 0 3
   1
    Zbox 1 8  1 0  0 0 0 1
     -1/8*(8+d^2+2*d*t^2+8*mZ^2+mZ^4*d^2+6*mZ^4*d+4*d*t-8*t^2-6*d+12*mZ^2*d*t+2*mZ^2*d^2*t-2*mZ^2*d^2+16*mZ^2*t-2*d^2*t+d^2*t^2+8*mZ^4)*mZ^(-2)
;
  Zbox 1 8  3 3  -1 -1 -1 3
   1
    Zbox 1 8  1 0  0 0 0 1
     -1/8*(8+2*s*d-4*s+16*mZ^2+mZ^4*d^2-2*s*mZ^2*d+6*mZ^4*d+4*s*t+4*d*t-4*d-4*s*mZ^2+6*mZ^2*d*t-2*s*d*t+mZ^2*d^2*t-mZ^2*d^2+8*mZ^2*t-8*t+6*mZ^2*d+8*mZ^4)*mZ^(-2)
;
  Zbox 1 8  3 3  -1 0 -2 3
   1
    Zbox 1 8  1 0  0 0 0 1
     -3+1/2*s*d+s-mZ^2-3/2*d-1/8*mZ^2*d^2-3/4*mZ^2*d
;
  Zbox 1 8  3 3  0 -3 0 3
   1
    Zbox 1 8  1 0  0 0 0 1
     -1/8*(-8+6*mZ^6*d+24*mZ^4*t-6*d*t^3+6*mZ^2*d*t^2-d^2+18*d*t^2+18*mZ^4*d*t-3*mZ^4*d^2-6*mZ^4*d+8*t^3-18*d*t-24*t^2+6*d+mZ^6*d^2-6*mZ^2*d^2*t+3*mZ^2*d^2+24*mZ^2*t+3*d^2*t-3*d^2*t^2+24*t+3*mZ^4*d^2*t-24*mZ^2*t^2+8*mZ^6-6*mZ^2*d+d^2*t^3+3*mZ^2*d^2*t^2)*mZ^(-4)
;
  Zbox 1 8  3 3  0 -2 -1 3
   1
    Zbox 1 8  1 0  0 0 0 1
     -1/8*(8+d^2+2*d*t^2+8*mZ^2+mZ^4*d^2+6*mZ^4*d+4*d*t-8*t^2-6*d+12*mZ^2*d*t+2*mZ^2*d^2*t-2*mZ^2*d^2+16*mZ^2*t-2*d^2*t+d^2*t^2+8*mZ^4)*mZ^(-2)
;
  Zbox 1 8  3 3  0 -1 -2 3
   1
    Zbox 1 8  1 0  0 0 0 1
     -1/8*mZ^(-2)*(8+16*mZ^2+mZ^4*d^2+6*mZ^4*d+4*d*t-4*d+6*mZ^2*d*t+mZ^2*d^2*t-mZ^2*d^2+8*mZ^2*t-8*t+6*mZ^2*d+8*mZ^4)
;
  Zbox 1 8  3 3  0 0 -3 3
   1
    Zbox 1 8  1 0  0 0 0 1
     -3-mZ^2-3/2*d-1/8*mZ^2*d^2-3/4*mZ^2*d
;
  Zbox 1 8  4 0  0 0 0 4
   1
    Zbox 1 8  1 0  0 0 0 1
     -1/48*(-48+d^3-12*d^2+44*d)*mZ^(-6)
;
  Zbox 1 8  4 1  -1 0 0 4
   1
    Zbox 1 8  1 0  0 0 0 1
     -1/48*mZ^(-4)*(d^3-6*d^2+8*d)
;
  Zbox 1 8  4 1  0 -1 0 4
   1
    Zbox 1 8  1 0  0 0 0 1
     1/48*mZ^(-6)*(-48+d^3-12*d^2-44*d*t+44*d+6*mZ^2*d^2+12*d^2*t-mZ^2*d^3+48*t-8*mZ^2*d-d^3*t)
;
  Zbox 1 8  4 1  0 0 -1 4
   1
    Zbox 1 8  1 0  0 0 0 1
     -1/48*mZ^(-4)*(d^3-6*d^2+8*d)
;
  Zbox 1 8  4 2  -2 0 0 4
   1
    Zbox 1 8  1 0  0 0 0 1
     -1/48*mZ^(-4)*(32+4*d^2-24*d+mZ^2*d^3-4*mZ^2*d)
;
  Zbox 1 8  4 2  -1 -1 0 4
   1
    Zbox 1 8  1 0  0 0 0 1
     1/48*mZ^(-4)*(-16+d^3-8*d^2+4*d*t+20*d+4*d^2*t-mZ^2*d^3-16*t+4*mZ^2*d-d^3*t)
;
  Zbox 1 8  4 2  -1 0 -1 4
   1
    Zbox 1 8  1 0  0 0 0 1
     -1/48*mZ^(-4)*(32+12*s*d+4*d^2-16*s-2*s*d^2-24*d+mZ^2*d^3-4*mZ^2*d)
;
  Zbox 1 8  4 2  0 -2 0 4
   1
    Zbox 1 8  1 0  0 0 0 1
     -1/48*(-48+d^3+mZ^4*d^3-12*d^2+44*d*t^2-4*mZ^4*d-88*d*t-48*t^2+44*d-8*mZ^2*d*t-8*mZ^2*d^2*t+12*mZ^2*d^2+d^3*t^2+32*mZ^2*t+24*d^2*t-2*mZ^2*d^3-12*d^2*t^2+96*t+2*mZ^2*d^3*t-16*mZ^2*d-2*d^3*t)*mZ^(-6)
;
  Zbox 1 8  4 2  0 -1 -1 4
   1
    Zbox 1 8  1 0  0 0 0 1
     1/48*mZ^(-4)*(-16+d^3-8*d^2+4*d*t+20*d+4*d^2*t-mZ^2*d^3-16*t+4*mZ^2*d-d^3*t)
;
  Zbox 1 8  4 2  0 0 -2 4
   1
    Zbox 1 8  1 0  0 0 0 1
     -1/48*mZ^(-4)*(32+4*d^2-24*d+mZ^2*d^3-4*mZ^2*d)
;
  Zbox 1 8  4 3  -3 0 0 4
   1
    Zbox 1 8  4 2  -2 0 0 4
     mZ^2
    Zbox 1 8  3 2  -2 0 0 3
     -1/3-1/3*d
    Zbox 1 8  3 1  -1 0 0 3
     -4/3
;
  Zbox 1 8  4 3  -3 0 0 4
   1
    Zbox 1 8  4 2  -2 0 0 4
     -mZ^2
    Zbox 1 8  3 2  -2 0 0 3
     -5/3
    Zbox 1 8  3 1  -1 0 0 3
     -4/3+2/3*mZ^2
    Zbox 1 8  2 1  -1 0 0 2
     2/3
;
  Zbox 1 8  4 3  -2 -1 0 4
   1
    Zbox 1 8  4 2  -1 -1 0 4
     mZ^2
    Zbox 1 8  3 2  -1 -1 0 3
     -1/3*d
    Zbox 1 8  3 2  -2 0 0 3
     -1/3
    Zbox 1 8  3 1  0 -1 0 3
     -2/3
    Zbox 1 8  3 1  -1 0 0 3
     -2/3
;
  Zbox 1 8  4 3  -2 -1 0 4
   1
    Zbox 1 8  4 2  -1 -1 0 4
     -mZ^2
    Zbox 1 8  3 2  -1 -1 0 3
     -4/3
    Zbox 1 8  3 2  -2 0 0 3
     -1/3
    Zbox 1 8  3 1  0 -1 0 3
     -2/3+1/3*mZ^2
    Zbox 1 8  3 1  -1 0 0 3
     -1/3+1/3*mZ^2-1/3*t
    Zbox 1 8  2 1  0 -1 0 2
     1/3
    Zbox 1 8  2 1  -1 0 0 2
     1/3
;
  Zbox 1 8  4 3  -2 -1 0 4
   1
    Zbox 1 8  4 3  -3 0 0 4
     -1
    Zbox 1 8  4 2  -2 0 0 4
     1-t
    Zbox 1 8  3 2  -1 -1 0 3
     -2/3
    Zbox 1 8  3 2  -2 0 0 3
     2/3
;
  Zbox 1 8  4 3  -2 0 -1 4
   1
    Zbox 1 8  4 2  -1 0 -1 4
     mZ^2
    Zbox 1 8  3 2  -1 0 -1 3
     -1/3*d
    Zbox 1 8  3 2  -2 0 0 3
     -1/3
    Zbox 1 8  3 1  0 0 -1 3
     -2/3
    Zbox 1 8  3 1  -1 0 0 3
     -2/3+1/3*s
;
  Zbox 1 8  4 3  -2 0 -1 4
   1
    Zbox 1 8  4 2  -1 0 -1 4
     -mZ^2
    Zbox 1 8  3 2  -1 0 -1 3
     -4/3
    Zbox 1 8  3 2  -2 0 0 3
     -1/3
    Zbox 1 8  3 1  0 0 -1 3
     -2/3+1/3*mZ^2
    Zbox 1 8  3 1  -1 0 0 3
     -2/3+1/3*s+1/3*mZ^2
    Zbox 1 8  2 1  0 0 -1 2
     1/3
    Zbox 1 8  2 1  -1 0 0 2
     1/3
;
  Zbox 1 8  4 3  -2 0 -1 4
   1
    Zbox 1 8  4 3  -2 -1 0 4
     -1
    Zbox 1 8  4 2  -2 0 0 4
     -1+t
    Zbox 1 8  3 2  -1 0 -1 3
     -2/3
    Zbox 1 8  3 2  -1 -1 0 3
     2/3
    Zbox 1 8  3 1  -1 0 0 3
     2/3*s
;
  Zbox 1 8  4 3  -1 -2 0 4
   1
    Zbox 1 8  4 2  0 -2 0 4
     mZ^2
    Zbox 1 8  3 2  0 -2 0 3
     1/3-1/3*d
    Zbox 1 8  3 2  -1 -1 0 3
     -2/3
    Zbox 1 8  3 1  0 -1 0 3
     -4/3
;
  Zbox 1 8  4 3  -1 -2 0 4
   1
    Zbox 1 8  4 2  0 -2 0 4
     -mZ^2
    Zbox 1 8  3 2  0 -2 0 3
     -1
    Zbox 1 8  3 2  -1 -1 0 3
     -2/3
    Zbox 1 8  3 1  0 -1 0 3
     -2/3+2/3*mZ^2-2/3*t
    Zbox 1 8  2 1  0 -1 0 2
     2/3
;
  Zbox 1 8  4 3  -1 -2 0 4
   1
    Zbox 1 8  4 3  -2 -1 0 4
     -1
    Zbox 1 8  4 2  -1 -1 0 4
     1-t
    Zbox 1 8  3 2  0 -2 0 3
     -1/3
    Zbox 1 8  3 2  -2 0 0 3
     1/3
;
  Zbox 1 8  4 3  -1 -1 -1 4
   1
    Zbox 1 8  4 2  0 -1 -1 4
     mZ^2
    Zbox 1 8  3 2  0 -1 -1 3
     1/3-1/3*d
    Zbox 1 8  3 2  -1 0 -1 3
     -1/3
    Zbox 1 8  3 2  -1 -1 0 3
     -1/3
    Zbox 1 8  3 1  0 0 -1 3
     -2/3
    Zbox 1 8  3 1  0 -1 0 3
     -2/3+1/3*s
;
  Zbox 1 8  4 3  -1 -1 -1 4
   1
    Zbox 1 8  4 2  0 -1 -1 4
     -mZ^2
    Zbox 1 8  3 2  0 -1 -1 3
     -1
    Zbox 1 8  3 2  -1 0 -1 3
     -1/3
    Zbox 1 8  3 2  -1 -1 0 3
     -1/3
    Zbox 1 8  3 1  0 0 -1 3
     -1/3+1/3*mZ^2-1/3*t
    Zbox 1 8  3 1  0 -1 0 3
     -2/3+1/3*s+1/3*mZ^2
    Zbox 1 8  2 1  0 0 -1 2
     1/3
    Zbox 1 8  2 1  0 -1 0 2
     1/3
;
  Zbox 1 8  4 3  -1 -1 -1 4
   1
    Zbox 1 8  4 3  -2 0 -1 4
     -1
    Zbox 1 8  4 2  -1 0 -1 4
     1-t
    Zbox 1 8  3 2  0 -1 -1 3
     -1/3
    Zbox 1 8  3 2  -1 0 -1 3
     1/3
    Zbox 1 8  3 2  -1 -1 0 3
     -1/3
    Zbox 1 8  3 2  -2 0 0 3
     1/3
    Zbox 1 8  3 1  -1 0 0 3
     -1/3*s
;
  Zbox 1 8  4 3  -1 -1 -1 4
   1
    Zbox 1 8  4 3  -1 -2 0 4
     -1
    Zbox 1 8  4 2  -1 -1 0 4
     -1+t
    Zbox 1 8  3 2  0 -1 -1 3
     -1/3
    Zbox 1 8  3 2  0 -2 0 3
     1/3
    Zbox 1 8  3 2  -1 0 -1 3
     -1/3
    Zbox 1 8  3 2  -1 -1 0 3
     1/3
    Zbox 1 8  3 1  0 -1 0 3
     1/3*s
;
  Zbox 1 8  4 3  -1 0 -2 4
   1
    Zbox 1 8  4 2  0 0 -2 4
     mZ^2
    Zbox 1 8  3 2  0 0 -2 3
     1/3-1/3*d
    Zbox 1 8  3 2  -1 0 -1 3
     -2/3
    Zbox 1 8  3 1  0 0 -1 3
     -4/3+2/3*s
;
  Zbox 1 8  4 3  -1 0 -2 4
   1
    Zbox 1 8  4 2  0 0 -2 4
     -mZ^2
    Zbox 1 8  3 2  0 0 -2 3
     -1
    Zbox 1 8  3 2  -1 0 -1 3
     -2/3
    Zbox 1 8  3 1  0 0 -1 3
     -4/3+2/3*s+2/3*mZ^2
    Zbox 1 8  2 1  0 0 -1 2
     2/3
;
  Zbox 1 8  4 3  -1 0 -2 4
   1
    Zbox 1 8  4 3  -1 -1 -1 4
     -1
    Zbox 1 8  4 2  -1 0 -1 4
     -1+t
    Zbox 1 8  3 2  0 0 -2 3
     -1/3
    Zbox 1 8  3 2  0 -1 -1 3
     1/3
    Zbox 1 8  3 2  -1 0 -1 3
     -1/3
    Zbox 1 8  3 2  -1 -1 0 3
     1/3
    Zbox 1 8  3 1  0 0 -1 3
     1/3*s
;
  Zbox 1 8  4 3  0 -3 0 4
   1
    Zbox 1 8  4 3  -1 -2 0 4
     -1
    Zbox 1 8  4 2  0 -2 0 4
     1-t
    Zbox 1 8  3 2  0 -2 0 3
     -2/3
    Zbox 1 8  3 2  -1 -1 0 3
     2/3
;
  Zbox 1 8  4 3  0 -2 -1 4
   1
    Zbox 1 8  4 3  -1 -1 -1 4
     -1
    Zbox 1 8  4 2  0 -1 -1 4
     1-t
    Zbox 1 8  3 2  0 -1 -1 3
     -1/3
    Zbox 1 8  3 2  0 -2 0 3
     -1/3
    Zbox 1 8  3 2  -1 0 -1 3
     1/3
    Zbox 1 8  3 2  -1 -1 0 3
     1/3
    Zbox 1 8  3 1  0 -1 0 3
     -1/3*s
;
  Zbox 1 8  4 3  0 -2 -1 4
   1
    Zbox 1 8  4 3  0 -3 0 4
     -1
    Zbox 1 8  4 2  0 -2 0 4
     -1+t
    Zbox 1 8  3 2  0 -1 -1 3
     -2/3
    Zbox 1 8  3 2  0 -2 0 3
     2/3
;
  Zbox 1 8  4 3  0 -1 -2 4
   1
    Zbox 1 8  4 3  -1 0 -2 4
     -1
    Zbox 1 8  4 2  0 0 -2 4
     1-t
    Zbox 1 8  3 2  0 -1 -1 3
     -2/3
    Zbox 1 8  3 2  -1 0 -1 3
     2/3
    Zbox 1 8  3 1  0 0 -1 3
     -2/3*s
;
  Zbox 1 8  4 3  0 -1 -2 4
   1
    Zbox 1 8  4 3  0 -2 -1 4
     -1
    Zbox 1 8  4 2  0 -1 -1 4
     -1+t
    Zbox 1 8  3 2  0 0 -2 3
     -1/3
    Zbox 1 8  3 2  0 -2 0 3
     1/3
;
  Zbox 1 8  4 3  0 0 -3 4
   1
    Zbox 1 8  4 3  0 -1 -2 4
     -1
    Zbox 1 8  4 2  0 0 -2 4
     -1+t
    Zbox 1 8  3 2  0 0 -2 3
     -2/3
    Zbox 1 8  3 2  0 -1 -1 3
     2/3
;
  Zbox 1 8  5 1  -1 0 0 5
   1
    Zbox 1 8  5 0  0 0 0 5
     -mZ^2
    Zbox 1 8  4 0  0 0 0 4
     -1
;
  Zbox 1 8  5 1  -1 0 0 5
   1
    Zbox 1 8  5 0  0 0 0 5
     mZ^2
    Zbox 1 8  4 0  0 0 0 4
     1-1/4*d
;
  Zbox 1 8  5 1  0 -1 0 5
   1
    Zbox 1 8  5 1  -1 0 0 5
     -1
    Zbox 1 8  5 0  0 0 0 5
     1-t
;
  Zbox 1 8  5 1  0 0 -1 5
   1
    Zbox 1 8  5 1  0 -1 0 5
     -1
    Zbox 1 8  5 0  0 0 0 5
     -1+t
;
  Zbox 1 8  5 2  -2 0 0 5
   1
    Zbox 1 8  5 1  -1 0 0 5
     mZ^2
    Zbox 1 8  4 1  -1 0 0 4
     1/2-1/4*d
    Zbox 1 8  4 0  0 0 0 4
     -1/2
;
  Zbox 1 8  5 2  -2 0 0 5
   1
    Zbox 1 8  5 1  -1 0 0 5
     -mZ^2
    Zbox 1 8  4 1  -1 0 0 4
     -5/4
    Zbox 1 8  4 0  0 0 0 4
     -1/2+1/4*mZ^2
    Zbox 1 8  3 0  0 0 0 3
     1/4
;
  Zbox 1 8  5 2  -1 -1 0 5
   1
    Zbox 1 8  5 1  0 -1 0 5
     mZ^2
    Zbox 1 8  4 1  0 -1 0 4
     3/4-1/4*d
    Zbox 1 8  4 1  -1 0 0 4
     -1/4
    Zbox 1 8  4 0  0 0 0 4
     -1/2
;
  Zbox 1 8  5 2  -1 -1 0 5
   1
    Zbox 1 8  5 1  0 -1 0 5
     -mZ^2
    Zbox 1 8  4 1  0 -1 0 4
     -1
    Zbox 1 8  4 1  -1 0 0 4
     -1/4
    Zbox 1 8  4 0  0 0 0 4
     -1/4+1/4*mZ^2-1/4*t
    Zbox 1 8  3 0  0 0 0 3
     1/4
;
  Zbox 1 8  5 2  -1 -1 0 5
   1
    Zbox 1 8  5 2  -2 0 0 5
     -1
    Zbox 1 8  5 1  -1 0 0 5
     1-t
    Zbox 1 8  4 1  0 -1 0 4
     -1/4
    Zbox 1 8  4 1  -1 0 0 4
     1/4
;
  Zbox 1 8  5 2  -1 0 -1 5
   1
    Zbox 1 8  5 1  0 0 -1 5
     mZ^2
    Zbox 1 8  4 1  0 0 -1 4
     3/4-1/4*d
    Zbox 1 8  4 1  -1 0 0 4
     -1/4
    Zbox 1 8  4 0  0 0 0 4
     -1/2+1/4*s
;
  Zbox 1 8  5 2  -1 0 -1 5
   1
    Zbox 1 8  5 1  0 0 -1 5
     -mZ^2
    Zbox 1 8  4 1  0 0 -1 4
     -1
    Zbox 1 8  4 1  -1 0 0 4
     -1/4
    Zbox 1 8  4 0  0 0 0 4
     -1/2+1/4*s+1/4*mZ^2
    Zbox 1 8  3 0  0 0 0 3
     1/4
;
  Zbox 1 8  5 2  -1 0 -1 5
   1
    Zbox 1 8  5 2  -1 -1 0 5
     -1
    Zbox 1 8  5 1  -1 0 0 5
     -1+t
    Zbox 1 8  4 1  0 0 -1 4
     -1/4
    Zbox 1 8  4 1  0 -1 0 4
     1/4
    Zbox 1 8  4 0  0 0 0 4
     1/4*s
;
  Zbox 1 8  5 2  0 -2 0 5
   1
    Zbox 1 8  5 2  -1 -1 0 5
     -1
    Zbox 1 8  5 1  0 -1 0 5
     1-t
    Zbox 1 8  4 1  0 -1 0 4
     -1/4
    Zbox 1 8  4 1  -1 0 0 4
     1/4
;
  Zbox 1 8  5 2  0 -1 -1 5
   1
    Zbox 1 8  5 2  -1 0 -1 5
     -1
    Zbox 1 8  5 1  0 0 -1 5
     1-t
    Zbox 1 8  4 1  0 -1 0 4
     -1/4
    Zbox 1 8  4 1  -1 0 0 4
     1/4
    Zbox 1 8  4 0  0 0 0 4
     -1/4*s
;
  Zbox 1 8  5 2  0 -1 -1 5
   1
    Zbox 1 8  5 2  0 -2 0 5
     -1
    Zbox 1 8  5 1  0 -1 0 5
     -1+t
    Zbox 1 8  4 1  0 0 -1 4
     -1/4
    Zbox 1 8  4 1  0 -1 0 4
     1/4
;
  Zbox 1 8  5 2  0 0 -2 5
   1
    Zbox 1 8  5 2  0 -1 -1 5
     -1
    Zbox 1 8  5 1  0 0 -1 5
     -1+t
    Zbox 1 8  4 1  0 0 -1 4
     -1/4
    Zbox 1 8  4 1  0 -1 0 4
     1/4
;
  Zbox 1 8  5 3  -3 0 0 5
   1
    Zbox 1 8  5 2  -2 0 0 5
     mZ^2
    Zbox 1 8  4 2  -2 0 0 4
     -1/4*d
    Zbox 1 8  4 1  -1 0 0 4
     -1
;
  Zbox 1 8  5 3  -3 0 0 5
   1
    Zbox 1 8  5 2  -2 0 0 5
     -mZ^2
    Zbox 1 8  4 2  -2 0 0 4
     -3/2
    Zbox 1 8  4 1  -1 0 0 4
     -1+1/2*mZ^2
    Zbox 1 8  3 1  -1 0 0 3
     1/2
;
  Zbox 1 8  5 3  -2 -1 0 5
   1
    Zbox 1 8  5 2  -1 -1 0 5
     mZ^2
    Zbox 1 8  4 2  -1 -1 0 4
     1/4-1/4*d
    Zbox 1 8  4 2  -2 0 0 4
     -1/4
    Zbox 1 8  4 1  0 -1 0 4
     -1/2
    Zbox 1 8  4 1  -1 0 0 4
     -1/2
;
  Zbox 1 8  5 3  -2 -1 0 5
   1
    Zbox 1 8  5 2  -1 -1 0 5
     -mZ^2
    Zbox 1 8  4 2  -1 -1 0 4
     -5/4
    Zbox 1 8  4 2  -2 0 0 4
     -1/4
    Zbox 1 8  4 1  0 -1 0 4
     -1/2+1/4*mZ^2
    Zbox 1 8  4 1  -1 0 0 4
     -1/4+1/4*mZ^2-1/4*t
    Zbox 1 8  3 1  0 -1 0 3
     1/4
    Zbox 1 8  3 1  -1 0 0 3
     1/4
;
  Zbox 1 8  5 3  -2 -1 0 5
   1
    Zbox 1 8  5 3  -3 0 0 5
     -1
    Zbox 1 8  5 2  -2 0 0 5
     1-t
    Zbox 1 8  4 2  -1 -1 0 4
     -1/2
    Zbox 1 8  4 2  -2 0 0 4
     1/2
;
  Zbox 1 8  5 3  -2 0 -1 5
   1
    Zbox 1 8  5 2  -1 0 -1 5
     mZ^2
    Zbox 1 8  4 2  -1 0 -1 4
     1/4-1/4*d
    Zbox 1 8  4 2  -2 0 0 4
     -1/4
    Zbox 1 8  4 1  0 0 -1 4
     -1/2
    Zbox 1 8  4 1  -1 0 0 4
     -1/2+1/4*s
;
  Zbox 1 8  5 3  -2 0 -1 5
   1
    Zbox 1 8  5 2  -1 0 -1 5
     -mZ^2
    Zbox 1 8  4 2  -1 0 -1 4
     -5/4
    Zbox 1 8  4 2  -2 0 0 4
     -1/4
    Zbox 1 8  4 1  0 0 -1 4
     -1/2+1/4*mZ^2
    Zbox 1 8  4 1  -1 0 0 4
     -1/2+1/4*s+1/4*mZ^2
    Zbox 1 8  3 1  0 0 -1 3
     1/4
    Zbox 1 8  3 1  -1 0 0 3
     1/4
;
  Zbox 1 8  5 3  -2 0 -1 5
   1
    Zbox 1 8  5 3  -2 -1 0 5
     -1
    Zbox 1 8  5 2  -2 0 0 5
     -1+t
    Zbox 1 8  4 2  -1 0 -1 4
     -1/2
    Zbox 1 8  4 2  -1 -1 0 4
     1/2
    Zbox 1 8  4 1  -1 0 0 4
     1/2*s
;
  Zbox 1 8  5 3  -1 -2 0 5
   1
    Zbox 1 8  5 2  0 -2 0 5
     mZ^2
    Zbox 1 8  4 2  0 -2 0 4
     1/2-1/4*d
    Zbox 1 8  4 2  -1 -1 0 4
     -1/2
    Zbox 1 8  4 1  0 -1 0 4
     -1
;
  Zbox 1 8  5 3  -1 -2 0 5
   1
    Zbox 1 8  5 2  0 -2 0 5
     -mZ^2
    Zbox 1 8  4 2  0 -2 0 4
     -1
    Zbox 1 8  4 2  -1 -1 0 4
     -1/2
    Zbox 1 8  4 1  0 -1 0 4
     -1/2+1/2*mZ^2-1/2*t
    Zbox 1 8  3 1  0 -1 0 3
     1/2
;
  Zbox 1 8  5 3  -1 -2 0 5
   1
    Zbox 1 8  5 3  -2 -1 0 5
     -1
    Zbox 1 8  5 2  -1 -1 0 5
     1-t
    Zbox 1 8  4 2  0 -2 0 4
     -1/4
    Zbox 1 8  4 2  -2 0 0 4
     1/4
;
  Zbox 1 8  5 3  -1 -1 -1 5
   1
    Zbox 1 8  5 2  0 -1 -1 5
     mZ^2
    Zbox 1 8  4 2  0 -1 -1 4
     1/2-1/4*d
    Zbox 1 8  4 2  -1 0 -1 4
     -1/4
    Zbox 1 8  4 2  -1 -1 0 4
     -1/4
    Zbox 1 8  4 1  0 0 -1 4
     -1/2
    Zbox 1 8  4 1  0 -1 0 4
     -1/2+1/4*s
;
  Zbox 1 8  5 3  -1 -1 -1 5
   1
    Zbox 1 8  5 2  0 -1 -1 5
     -mZ^2
    Zbox 1 8  4 2  0 -1 -1 4
     -1
    Zbox 1 8  4 2  -1 0 -1 4
     -1/4
    Zbox 1 8  4 2  -1 -1 0 4
     -1/4
    Zbox 1 8  4 1  0 0 -1 4
     -1/4+1/4*mZ^2-1/4*t
    Zbox 1 8  4 1  0 -1 0 4
     -1/2+1/4*s+1/4*mZ^2
    Zbox 1 8  3 1  0 0 -1 3
     1/4
    Zbox 1 8  3 1  0 -1 0 3
     1/4
;
  Zbox 1 8  5 3  -1 -1 -1 5
   1
    Zbox 1 8  5 3  -2 0 -1 5
     -1
    Zbox 1 8  5 2  -1 0 -1 5
     1-t
    Zbox 1 8  4 2  0 -1 -1 4
     -1/4
    Zbox 1 8  4 2  -1 0 -1 4
     1/4
    Zbox 1 8  4 2  -1 -1 0 4
     -1/4
    Zbox 1 8  4 2  -2 0 0 4
     1/4
    Zbox 1 8  4 1  -1 0 0 4
     -1/4*s
;
  Zbox 1 8  5 3  -1 -1 -1 5
   1
    Zbox 1 8  5 3  -1 -2 0 5
     -1
    Zbox 1 8  5 2  -1 -1 0 5
     -1+t
    Zbox 1 8  4 2  0 -1 -1 4
     -1/4
    Zbox 1 8  4 2  0 -2 0 4
     1/4
    Zbox 1 8  4 2  -1 0 -1 4
     -1/4
    Zbox 1 8  4 2  -1 -1 0 4
     1/4
    Zbox 1 8  4 1  0 -1 0 4
     1/4*s
;
  Zbox 1 8  5 3  -1 0 -2 5
   1
    Zbox 1 8  5 2  0 0 -2 5
     mZ^2
    Zbox 1 8  4 2  0 0 -2 4
     1/2-1/4*d
    Zbox 1 8  4 2  -1 0 -1 4
     -1/2
    Zbox 1 8  4 1  0 0 -1 4
     -1+1/2*s
;
  Zbox 1 8  5 3  -1 0 -2 5
   1
    Zbox 1 8  5 2  0 0 -2 5
     -mZ^2
    Zbox 1 8  4 2  0 0 -2 4
     -1
    Zbox 1 8  4 2  -1 0 -1 4
     -1/2
    Zbox 1 8  4 1  0 0 -1 4
     -1+1/2*s+1/2*mZ^2
    Zbox 1 8  3 1  0 0 -1 3
     1/2
;
  Zbox 1 8  5 3  -1 0 -2 5
   1
    Zbox 1 8  5 3  -1 -1 -1 5
     -1
    Zbox 1 8  5 2  -1 0 -1 5
     -1+t
    Zbox 1 8  4 2  0 0 -2 4
     -1/4
    Zbox 1 8  4 2  0 -1 -1 4
     1/4
    Zbox 1 8  4 2  -1 0 -1 4
     -1/4
    Zbox 1 8  4 2  -1 -1 0 4
     1/4
    Zbox 1 8  4 1  0 0 -1 4
     1/4*s
;
  Zbox 1 8  5 3  0 -3 0 5
   1
    Zbox 1 8  5 3  -1 -2 0 5
     -1
    Zbox 1 8  5 2  0 -2 0 5
     1-t
    Zbox 1 8  4 2  0 -2 0 4
     -1/2
    Zbox 1 8  4 2  -1 -1 0 4
     1/2
;
  Zbox 1 8  5 3  0 -2 -1 5
   1
    Zbox 1 8  5 3  -1 -1 -1 5
     -1
    Zbox 1 8  5 2  0 -1 -1 5
     1-t
    Zbox 1 8  4 2  0 -1 -1 4
     -1/4
    Zbox 1 8  4 2  0 -2 0 4
     -1/4
    Zbox 1 8  4 2  -1 0 -1 4
     1/4
    Zbox 1 8  4 2  -1 -1 0 4
     1/4
    Zbox 1 8  4 1  0 -1 0 4
     -1/4*s
;
  Zbox 1 8  5 3  0 -2 -1 5
   1
    Zbox 1 8  5 3  0 -3 0 5
     -1
    Zbox 1 8  5 2  0 -2 0 5
     -1+t
    Zbox 1 8  4 2  0 -1 -1 4
     -1/2
    Zbox 1 8  4 2  0 -2 0 4
     1/2
;
  Zbox 1 8  5 3  0 -1 -2 5
   1
    Zbox 1 8  5 3  -1 0 -2 5
     -1
    Zbox 1 8  5 2  0 0 -2 5
     1-t
    Zbox 1 8  4 2  0 -1 -1 4
     -1/2
    Zbox 1 8  4 2  -1 0 -1 4
     1/2
    Zbox 1 8  4 1  0 0 -1 4
     -1/2*s
;
  Zbox 1 8  5 3  0 -1 -2 5
   1
    Zbox 1 8  5 3  0 -2 -1 5
     -1
    Zbox 1 8  5 2  0 -1 -1 5
     -1+t
    Zbox 1 8  4 2  0 0 -2 4
     -1/4
    Zbox 1 8  4 2  0 -2 0 4
     1/4
;
  Zbox 1 8  5 3  0 0 -3 5
   1
    Zbox 1 8  5 3  0 -1 -2 5
     -1
    Zbox 1 8  5 2  0 0 -2 5
     -1+t
    Zbox 1 8  4 2  0 0 -2 4
     -1/2
    Zbox 1 8  4 2  0 -1 -1 4
     1/2
;
