  Zbox 3 7  3 1  1 1 1 -1
   1
    Zbox 3 7  3 0  1 1 1 0
     -1+mZ^2-t
    Zbox 2 5  2 0  1 0 1 0
     -s^(-1)*(-2+s+2*t)
    Zbox 1 1  1 0  1 0 0 0
     s^(-1)*(2+d*t-d-2*t)
;
  Zbox 3 7  3 2  1 1 1 -2
   1
    Zbox 3 7  3 0  1 1 1 0
     -s^(-1)*(4+s*d-2*s*t^2-2*s-2*s*mZ^2*d+4*t^2+4*s*mZ^2+4*s*mZ^2*t+2*s*d*t+s*mZ^4*d-2*s*mZ^4-8*t-2*s*mZ^2*d*t+s*d*t^2)*(-2+d)^(-1)
    Zbox 2 5  2 0  1 0 1 0
     -1/2*s^(-1)*(28+8*s*d+4*d*t^2-16*s-16*mZ^2-4*s*mZ^2*d+4*s*t+8*d*t-4*t^2-12*d+8*s*mZ^2-8*mZ^2*d*t+16*mZ^2*t+2*s^2-24*t+8*mZ^2*d-s^2*d)*(-2+d)^(-1)
    Zbox 1 1  1 0  1 0 0 0
     1/2*(10+3*d*t^2-2*s-8*mZ^2+2*d*t-6*t^2-5*d-4*mZ^2*d*t+8*mZ^2*t-4*t+4*mZ^2*d)*s^(-1)
;
  Zbox 3 7  4 0  2 1 1 0
   1
    Zbox 2 5  2 0  1 0 1 0
     -2*s^(-1)*(-4+s)^(-1)*(-3+d)
    Zbox 1 1  1 0  1 0 0 0
     1/4*s^(-1)*(-4+s)^(-1)*(24+6*s*d+4*d^2-8*s-s*d^2-20*d)
;
  Zbox 3 7  4 0  1 2 1 0
   1
    Zbox 3 7  3 0  1 1 1 0
     2-1/2*d
    Zbox 2 5  2 0  1 0 1 0
     -s^(-1)*(-3+d)
    Zbox 1 1  1 0  1 0 0 0
     1/2*s^(-1)*(6+d^2-5*d)
;
  Zbox 3 7  4 0  1 1 2 0
   1
    Zbox 2 5  2 0  1 0 1 0
     -2*s^(-1)*(-4+s)^(-1)*(-3+d)
    Zbox 1 1  1 0  1 0 0 0
     1/4*s^(-1)*(-4+s)^(-1)*(24+6*s*d+4*d^2-8*s-s*d^2-20*d)
;
  Zbox 3 7  4 1  2 1 1 -1
   1
    Zbox 3 7  3 0  1 1 1 0
     s^(-1)*(-1+t)
    Zbox 2 5  2 0  1 0 1 0
     s^(-1)*(-4+s)^(-1)*(12+s*d-3*s-6*mZ^2-4*d+2*mZ^2*d)
    Zbox 1 1  1 0  1 0 0 0
     1/8*s^(-1)*(-4+s)^(-1)*(64+14*s*d+12*d^2-16*s-48*mZ^2-12*s*mZ^2*d+2*s*mZ^2*d^2-8*s*t-24*d*t-3*s*d^2-s*d^2*t-56*d+16*s*mZ^2+6*s*d*t-8*mZ^2*d^2+4*d^2*t+32*t+40*mZ^2*d)
;
  Zbox 3 7  4 1  1 2 1 -1
   1
    Zbox 3 7  3 0  1 1 1 0
     -1/2*s^(-1)*(-4+s*d-2*s-s*mZ^2*d-4*s*t+4*s*mZ^2+s*d*t+4*t)
    Zbox 2 5  2 0  1 0 1 0
     -s^(-1)*(-3+3*mZ^2+d*t+d-3*t-mZ^2*d)
    Zbox 1 1  1 0  1 0 0 0
     1/4*(4+d^2-12*mZ^2-16*d*t-4*d-2*mZ^2*d^2+3*d^2*t+20*t+10*mZ^2*d)*s^(-1)
;
  Zbox 3 7  4 1  1 1 2 -1
   1
    Zbox 3 7  3 0  1 1 1 0
     s^(-1)*(-1+t)
    Zbox 2 5  2 0  1 0 1 0
     s^(-1)*(-4+s)^(-1)*(12+s*d-3*s-6*mZ^2-4*d+2*mZ^2*d)
    Zbox 1 1  1 0  1 0 0 0
     1/8*s^(-1)*(-4+s)^(-1)*(64+14*s*d+12*d^2-16*s-48*mZ^2-12*s*mZ^2*d+2*s*mZ^2*d^2-8*s*t-24*d*t-3*s*d^2-s*d^2*t-56*d+16*s*mZ^2+6*s*d*t-8*mZ^2*d^2+4*d^2*t+32*t+40*mZ^2*d)
;
  Zbox 3 7  4 2  2 1 1 -2
   1
    Zbox 3 7  3 0  1 1 1 0
     -2*s^(-1)*(-1+mZ^2-t)*(-1+t)
    Zbox 2 5  2 0  1 0 1 0
     -1/2*s^(-2)*(-4+s)^(-1)*(32+16*s*d-8*s*t^2-56*s-16*s*mZ^2*d+32*s*t+32*t^2+48*s*mZ^2-12*s^2*mZ^2-2*s^3+4*s*mZ^4*d+20*s^2+s^3*d-4*s^2*t-12*s*mZ^4-64*t-8*s^2*d+4*s^2*mZ^2*d)
    Zbox 1 1  1 0  1 0 0 0
     1/12*s^(-2)*(-4+s)^(-1)*(-192+4*s*d^2*t^2-144*s*d+96*d*t^2+80*s*t^2+176*s-3*s^2*mZ^4*d^2-12*s*mZ^2*d^2*t+168*s*mZ^2*d+6*s^2*d*t^2-36*s*mZ^2*d^2+12*s^2*d*t-18*s^2*mZ^2*d*t-64*s*t-192*d*t+18*s^2*mZ^4*d-24*s^2*mZ^4+28*s*d^2+16*s*d^2*t-192*t^2+96*d-192*s*mZ^2-96*s*mZ^2*t-7*s^2*d^2+9*s^2*mZ^2*d^2+48*s^2*mZ^2-60*s*mZ^4*d-32*s^2-4*s^2*d^2*t-8*s^2*t+3*s^2*mZ^2*d^2*t+72*s*mZ^4+24*s^2*mZ^2*t-8*s^2*t^2+384*t+72*s*mZ^2*d*t-s^2*d^2*t^2+12*s*mZ^4*d^2-48*s*d*t^2+30*s^2*d-42*s^2*mZ^2*d)
;
  Zbox 3 7  4 2  1 2 1 -2
   1
    Zbox 3 7  3 0  1 1 1 0
     -1/2*s^(-1)*(-4+s*d-4*s*t^2+8*mZ^2-2*s*mZ^2*d+12*t^2+4*s*mZ^2+8*s*mZ^2*t+2*s*d*t+s*mZ^4*d-8*mZ^2*t-4*s*mZ^4-8*t-2*s*mZ^2*d*t+s*d*t^2)
    Zbox 2 5  2 0  1 0 1 0
     -s^(-2)*(8+s*d-3*s*t^2-7*s-2*s*mZ^2*d+2*s*t+8*t^2+6*s*mZ^2+6*s*mZ^2*t+2*s*d*t+s*mZ^4*d+s^2-3*s*mZ^4-16*t-2*s*mZ^2*d*t+s*d*t^2)
    Zbox 1 1  1 0  1 0 0 0
     1/12*s^(-2)*(-96+11*s*d^2*t^2-12*s*d+48*d*t^2+76*s*t^2+28*s-18*s*mZ^2*d^2*t+24*s*mZ^2*d-6*s*mZ^2*d^2-8*s*t-96*d*t-s*d^2+14*s*d^2*t-96*t^2+48*d-24*s*mZ^2-120*s*mZ^2*t-24*s*d*t-30*s*mZ^4*d+36*s*mZ^4+192*t+96*s*mZ^2*d*t+6*s*mZ^4*d^2-60*s*d*t^2)
;
  Zbox 3 7  4 2  1 1 2 -2
   1
    Zbox 3 7  3 0  1 1 1 0
     -2*s^(-1)*(-1+mZ^2-t)*(-1+t)
    Zbox 2 5  2 0  1 0 1 0
     -1/2*s^(-2)*(-4+s)^(-1)*(32+16*s*d-8*s*t^2-56*s-16*s*mZ^2*d+32*s*t+32*t^2+48*s*mZ^2-12*s^2*mZ^2-2*s^3+4*s*mZ^4*d+20*s^2+s^3*d-4*s^2*t-12*s*mZ^4-64*t-8*s^2*d+4*s^2*mZ^2*d)
    Zbox 1 1  1 0  1 0 0 0
     1/12*s^(-2)*(-4+s)^(-1)*(-192+4*s*d^2*t^2-144*s*d+96*d*t^2+80*s*t^2+176*s-3*s^2*mZ^4*d^2-12*s*mZ^2*d^2*t+168*s*mZ^2*d+6*s^2*d*t^2-36*s*mZ^2*d^2+12*s^2*d*t-18*s^2*mZ^2*d*t-64*s*t-192*d*t+18*s^2*mZ^4*d-24*s^2*mZ^4+28*s*d^2+16*s*d^2*t-192*t^2+96*d-192*s*mZ^2-96*s*mZ^2*t-7*s^2*d^2+9*s^2*mZ^2*d^2+48*s^2*mZ^2-60*s*mZ^4*d-32*s^2-4*s^2*d^2*t-8*s^2*t+3*s^2*mZ^2*d^2*t+72*s*mZ^4+24*s^2*mZ^2*t-8*s^2*t^2+384*t+72*s*mZ^2*d*t-s^2*d^2*t^2+12*s*mZ^4*d^2-48*s*d*t^2+30*s^2*d-42*s^2*mZ^2*d)
;
  Zbox 3 7  4 3  1 1 2 -3
   1
    Zbox 3 7  4 3  1 2 1 -3
     1
    Zbox 3 7  4 3  2 1 1 -3
     1
    Zbox 3 7  4 2  1 1 2 -2
     -2+s+mZ^2
    Zbox 3 7  4 2  1 2 1 -2
     -1+mZ^2-t
    Zbox 3 7  4 2  2 1 1 -2
     -2+mZ^2
    Zbox 3 7  3 2  1 1 1 -2
     -3
    Zbox 3 7  3 1  1 1 1 -1
     -2*mZ^2
    Zbox 2 3  3 2  1 2 0 -2
     -1
    Zbox 2 3  3 2  2 1 0 -2
     -1
    Zbox 2 3  2 1  1 1 0 -1
     2
;
  Zbox 3 7  5 0  3 1 1 0
   1
    Zbox 2 5  4 0  2 0 2 0
     1/2*s^(-1)
    Zbox 2 5  4 0  3 0 1 0
     s^(-1)
    Zbox 2 3  4 0  2 2 0 0
     -1/2*s^(-1)
    Zbox 2 3  4 0  3 1 0 0
     -s^(-1)
;
  Zbox 3 7  5 0  2 2 1 0
   1
    Zbox 3 7  4 0  1 1 2 0
     s^(-1)
    Zbox 3 7  4 0  1 2 1 0
     s^(-1)
    Zbox 3 7  4 0  2 1 1 0
     s^(-1)
    Zbox 2 3  4 0  1 3 0 0
     -2*s^(-1)
    Zbox 2 3  4 0  2 2 0 0
     -s^(-1)
;
  Zbox 3 7  5 0  2 1 2 0
   1
    Zbox 3 7  4 0  1 1 2 0
     -s^(-1)
    Zbox 3 7  4 0  1 2 1 0
     -s^(-1)
    Zbox 3 7  4 0  2 1 1 0
     -s^(-1)
    Zbox 2 5  4 0  2 0 2 0
     s^(-1)
    Zbox 2 5  4 0  3 0 1 0
     2*s^(-1)
;
  Zbox 3 7  5 0  2 1 2 0
   1
    Zbox 3 7  4 0  1 1 2 0
     -s^(-1)
    Zbox 3 7  4 0  1 2 1 0
     -s^(-1)
    Zbox 3 7  4 0  2 1 1 0
     -s^(-1)
    Zbox 2 5  4 0  1 0 3 0
     2*s^(-1)
    Zbox 2 5  4 0  2 0 2 0
     s^(-1)
;
  Zbox 3 7  5 0  2 1 2 0
   1
    Zbox 3 7  5 0  2 2 1 0
     -2*(-2+s)^(-1)
    Zbox 3 7  5 0  3 1 1 0
     -4*(-2+s)^(-1)
    Zbox 3 7  4 0  1 1 2 0
     -(-2+s)^(-1)
    Zbox 3 7  4 0  1 2 1 0
     -(-2+s)^(-1)
    Zbox 3 7  4 0  2 1 1 0
     (-2+s)^(-1)*(-6+d)
;
  Zbox 3 7  5 0  1 2 2 0
   1
    Zbox 3 7  4 0  1 1 2 0
     s^(-1)
    Zbox 3 7  4 0  1 2 1 0
     s^(-1)
    Zbox 3 7  4 0  2 1 1 0
     s^(-1)
    Zbox 2 3  4 0  1 3 0 0
     -2*s^(-1)
    Zbox 2 3  4 0  2 2 0 0
     -s^(-1)
;
  Zbox 3 7  5 0  1 2 2 0
   1
    Zbox 3 7  5 0  1 3 1 0
     -4*(-2+s)^(-1)
    Zbox 3 7  5 0  2 2 1 0
     -2*(-2+s)^(-1)
    Zbox 3 7  4 0  1 2 1 0
     (-2+s)^(-1)*(-5+d)
    Zbox 2 3  4 0  1 3 0 0
     -2*(-2+s)^(-1)
    Zbox 2 3  4 0  2 2 0 0
     -(-2+s)^(-1)
;
  Zbox 3 7  5 0  1 1 3 0
   1
    Zbox 2 5  4 0  1 0 3 0
     s^(-1)
    Zbox 2 5  4 0  2 0 2 0
     1/2*s^(-1)
    Zbox 2 3  4 0  2 2 0 0
     -1/2*s^(-1)
    Zbox 2 3  4 0  3 1 0 0
     -s^(-1)
;
  Zbox 3 7  5 0  1 1 3 0
   1
    Zbox 3 7  5 0  1 2 2 0
     -(-2+s)^(-1)
    Zbox 3 7  5 0  2 1 2 0
     -(-2+s)^(-1)
    Zbox 3 7  4 0  1 1 2 0
     1/2*(-2+s)^(-1)*(-5+d)
    Zbox 2 3  4 0  2 2 0 0
     -1/2*(-2+s)^(-1)
    Zbox 2 3  4 0  3 1 0 0
     -(-2+s)^(-1)
;
  Zbox 3 7  5 1  3 1 1 -1
   1
    Zbox 3 7  4 0  2 1 1 0
     1/2*s^(-1)*(-1+t)
    Zbox 2 5  4 1  2 0 2 -1
     1/2*s^(-1)
    Zbox 2 5  4 1  3 0 1 -1
     s^(-1)
    Zbox 2 5  3 0  2 0 1 0
     -1/2*s^(-1)
    Zbox 2 3  4 1  2 2 0 -1
     -1/2*s^(-1)
    Zbox 2 3  4 1  3 1 0 -1
     -s^(-1)
    Zbox 2 3  3 0  2 1 0 0
     1/2*s^(-1)
;
  Zbox 3 7  5 1  2 2 1 -1
   1
    Zbox 3 7  4 1  1 1 2 -1
     s^(-1)
    Zbox 3 7  4 1  1 2 1 -1
     s^(-1)
    Zbox 3 7  4 1  2 1 1 -1
     s^(-1)
    Zbox 3 7  4 0  1 2 1 0
     s^(-1)*(-1+t)
    Zbox 3 7  3 0  1 1 1 0
     -s^(-1)
    Zbox 2 3  4 1  1 3 0 -1
     -2*s^(-1)
    Zbox 2 3  4 1  2 2 0 -1
     -s^(-1)
    Zbox 2 3  3 0  1 2 0 0
     s^(-1)
;
  Zbox 3 7  5 1  2 1 2 -1
   1
    Zbox 3 7  4 1  1 1 2 -1
     -s^(-1)
    Zbox 3 7  4 1  1 2 1 -1
     -s^(-1)
    Zbox 3 7  4 1  2 1 1 -1
     -s^(-1)
    Zbox 3 7  4 0  2 1 1 0
     s^(-1)*(-1+t)
    Zbox 3 7  3 0  1 1 1 0
     s^(-1)
    Zbox 2 5  4 1  2 0 2 -1
     s^(-1)
    Zbox 2 5  4 1  3 0 1 -1
     2*s^(-1)
    Zbox 2 5  3 0  2 0 1 0
     -s^(-1)
;
  Zbox 3 7  5 1  2 1 2 -1
   1
    Zbox 3 7  4 1  1 1 2 -1
     -s^(-1)
    Zbox 3 7  4 1  1 2 1 -1
     -s^(-1)
    Zbox 3 7  4 1  2 1 1 -1
     -s^(-1)
    Zbox 3 7  4 0  1 1 2 0
     s^(-1)*(-1+t)
    Zbox 3 7  3 0  1 1 1 0
     s^(-1)
    Zbox 2 5  4 1  1 0 3 -1
     2*s^(-1)
    Zbox 2 5  4 1  2 0 2 -1
     s^(-1)
    Zbox 2 5  3 0  1 0 2 0
     -s^(-1)
;
  Zbox 3 7  5 1  2 1 2 -1
   1
    Zbox 3 7  5 1  2 2 1 -1
     -2*(-2+s)^(-1)
    Zbox 3 7  5 1  3 1 1 -1
     -4*(-2+s)^(-1)
    Zbox 3 7  4 1  1 1 2 -1
     -(-2+s)^(-1)
    Zbox 3 7  4 1  1 2 1 -1
     -(-2+s)^(-1)
    Zbox 3 7  4 1  2 1 1 -1
     (-2+s)^(-1)*(-5+d)
    Zbox 3 7  4 0  2 1 1 0
     mZ^2*(-2+s)^(-1)
    Zbox 3 7  3 0  1 1 1 0
     (-2+s)^(-1)
;
  Zbox 3 7  5 1  2 1 2 -1
   1
    Zbox 3 7  5 1  2 2 1 -1
     1
    Zbox 3 7  5 1  3 1 1 -1
     2
    Zbox 3 7  5 0  2 1 2 0
     -2+s+mZ^2
    Zbox 3 7  5 0  2 2 1 0
     -1+mZ^2-t
    Zbox 3 7  5 0  3 1 1 0
     -4+2*mZ^2
    Zbox 3 7  4 0  1 1 2 0
     -1
    Zbox 3 7  4 0  1 2 1 0
     -1
    Zbox 3 7  4 0  2 1 1 0
     -2
;
  Zbox 3 7  5 1  1 2 2 -1
   1
    Zbox 3 7  4 1  1 1 2 -1
     s^(-1)
    Zbox 3 7  4 1  1 2 1 -1
     s^(-1)
    Zbox 3 7  4 1  2 1 1 -1
     s^(-1)
    Zbox 3 7  4 0  1 2 1 0
     s^(-1)*(-1+t)
    Zbox 3 7  3 0  1 1 1 0
     -s^(-1)
    Zbox 2 3  4 1  1 3 0 -1
     -2*s^(-1)
    Zbox 2 3  4 1  2 2 0 -1
     -s^(-1)
    Zbox 2 3  3 0  1 2 0 0
     s^(-1)
;
  Zbox 3 7  5 1  1 2 2 -1
   1
    Zbox 3 7  5 1  1 3 1 -1
     -4*(-2+s)^(-1)
    Zbox 3 7  5 1  2 2 1 -1
     -2*(-2+s)^(-1)
    Zbox 3 7  4 1  1 2 1 -1
     (-2+s)^(-1)*(-4+d)
    Zbox 3 7  4 0  1 2 1 0
     mZ^2*(-2+s)^(-1)
    Zbox 2 3  4 1  1 3 0 -1
     -2*(-2+s)^(-1)
    Zbox 2 3  4 1  2 2 0 -1
     -(-2+s)^(-1)
    Zbox 2 3  3 0  1 2 0 0
     (-2+s)^(-1)
;
  Zbox 3 7  5 1  1 2 2 -1
   1
    Zbox 3 7  5 1  1 3 1 -1
     2
    Zbox 3 7  5 1  2 2 1 -1
     1
    Zbox 3 7  5 0  1 2 2 0
     -2+s+mZ^2
    Zbox 3 7  5 0  1 3 1 0
     -2+2*mZ^2-2*t
    Zbox 3 7  5 0  2 2 1 0
     -2+mZ^2
    Zbox 3 7  4 0  1 2 1 0
     -1
    Zbox 2 3  4 0  1 3 0 0
     -2
    Zbox 2 3  4 0  2 2 0 0
     -1
;
  Zbox 3 7  5 1  1 1 3 -1
   1
    Zbox 3 7  4 0  1 1 2 0
     1/2*s^(-1)*(-1+t)
    Zbox 2 5  4 1  1 0 3 -1
     s^(-1)
    Zbox 2 5  4 1  2 0 2 -1
     1/2*s^(-1)
    Zbox 2 5  3 0  1 0 2 0
     -1/2*s^(-1)
    Zbox 2 3  4 1  2 2 0 -1
     -1/2*s^(-1)
    Zbox 2 3  4 1  3 1 0 -1
     -s^(-1)
    Zbox 2 3  3 0  2 1 0 0
     1/2*s^(-1)
;
  Zbox 3 7  5 1  1 1 3 -1
   1
    Zbox 3 7  5 1  1 2 2 -1
     -(-2+s)^(-1)
    Zbox 3 7  5 1  2 1 2 -1
     -(-2+s)^(-1)
    Zbox 3 7  4 1  1 1 2 -1
     1/2*(-2+s)^(-1)*(-4+d)
    Zbox 3 7  4 0  1 1 2 0
     1/2*mZ^2*(-2+s)^(-1)
    Zbox 2 3  4 1  2 2 0 -1
     -1/2*(-2+s)^(-1)
    Zbox 2 3  4 1  3 1 0 -1
     -(-2+s)^(-1)
    Zbox 2 3  3 0  2 1 0 0
     1/2*(-2+s)^(-1)
;
  Zbox 3 7  5 1  1 1 3 -1
   1
    Zbox 3 7  5 1  1 2 2 -1
     1/2
    Zbox 3 7  5 1  2 1 2 -1
     1/2
    Zbox 3 7  5 0  1 1 3 0
     -2+s+mZ^2
    Zbox 3 7  5 0  1 2 2 0
     -1/2+1/2*mZ^2-1/2*t
    Zbox 3 7  5 0  2 1 2 0
     -1+1/2*mZ^2
    Zbox 3 7  4 0  1 1 2 0
     -1/2
    Zbox 2 3  4 0  2 2 0 0
     -1/2
    Zbox 2 3  4 0  3 1 0 0
     -1
;
  Zbox 3 7  5 2  3 1 1 -2
   1
    Zbox 3 7  4 1  2 1 1 -1
     s^(-1)*(-1+t)
    Zbox 2 5  4 2  2 0 2 -2
     1/2*s^(-1)
    Zbox 2 5  4 2  3 0 1 -2
     s^(-1)
    Zbox 2 5  3 1  2 0 1 -1
     -s^(-1)
    Zbox 2 3  4 2  2 2 0 -2
     -1/2*s^(-1)
    Zbox 2 3  4 2  3 1 0 -2
     -s^(-1)
    Zbox 2 3  3 1  2 1 0 -1
     s^(-1)
;
  Zbox 3 7  5 2  2 2 1 -2
   1
    Zbox 3 7  4 2  1 1 2 -2
     s^(-1)
    Zbox 3 7  4 2  1 2 1 -2
     s^(-1)
    Zbox 3 7  4 2  2 1 1 -2
     s^(-1)
    Zbox 3 7  4 1  1 2 1 -1
     2*s^(-1)*(-1+t)
    Zbox 3 7  3 1  1 1 1 -1
     -2*s^(-1)
    Zbox 2 3  4 2  1 3 0 -2
     -2*s^(-1)
    Zbox 2 3  4 2  2 2 0 -2
     -s^(-1)
    Zbox 2 3  3 1  1 2 0 -1
     2*s^(-1)
;
  Zbox 3 7  5 2  2 1 2 -2
   1
    Zbox 3 7  4 2  1 1 2 -2
     -s^(-1)
    Zbox 3 7  4 2  1 2 1 -2
     -s^(-1)
    Zbox 3 7  4 2  2 1 1 -2
     -s^(-1)
    Zbox 3 7  4 1  2 1 1 -1
     2*s^(-1)*(-1+t)
    Zbox 3 7  3 1  1 1 1 -1
     2*s^(-1)
    Zbox 2 5  4 2  2 0 2 -2
     s^(-1)
    Zbox 2 5  4 2  3 0 1 -2
     2*s^(-1)
    Zbox 2 5  3 1  2 0 1 -1
     -2*s^(-1)
;
  Zbox 3 7  5 2  2 1 2 -2
   1
    Zbox 3 7  4 2  1 1 2 -2
     -s^(-1)
    Zbox 3 7  4 2  1 2 1 -2
     -s^(-1)
    Zbox 3 7  4 2  2 1 1 -2
     -s^(-1)
    Zbox 3 7  4 1  1 1 2 -1
     2*s^(-1)*(-1+t)
    Zbox 3 7  3 1  1 1 1 -1
     2*s^(-1)
    Zbox 2 5  4 2  1 0 3 -2
     2*s^(-1)
    Zbox 2 5  4 2  2 0 2 -2
     s^(-1)
    Zbox 2 5  3 1  1 0 2 -1
     -2*s^(-1)
;
  Zbox 3 7  5 2  2 1 2 -2
   1
    Zbox 3 7  5 2  2 2 1 -2
     -2*(-2+s)^(-1)
    Zbox 3 7  5 2  3 1 1 -2
     -4*(-2+s)^(-1)
    Zbox 3 7  4 2  1 1 2 -2
     -(-2+s)^(-1)
    Zbox 3 7  4 2  1 2 1 -2
     -(-2+s)^(-1)
    Zbox 3 7  4 2  2 1 1 -2
     (-2+s)^(-1)*(-4+d)
    Zbox 3 7  4 1  2 1 1 -1
     2*mZ^2*(-2+s)^(-1)
    Zbox 3 7  3 1  1 1 1 -1
     2*(-2+s)^(-1)
;
  Zbox 3 7  5 2  2 1 2 -2
   1
    Zbox 3 7  5 2  2 2 1 -2
     1
    Zbox 3 7  5 2  3 1 1 -2
     2
    Zbox 3 7  5 1  2 1 2 -1
     -2+s+mZ^2
    Zbox 3 7  5 1  2 2 1 -1
     -1+mZ^2-t
    Zbox 3 7  5 1  3 1 1 -1
     -4+2*mZ^2
    Zbox 3 7  4 1  1 1 2 -1
     -1
    Zbox 3 7  4 1  1 2 1 -1
     -1
    Zbox 3 7  4 1  2 1 1 -1
     -3
    Zbox 3 7  4 0  2 1 1 0
     -mZ^2
    Zbox 3 7  3 0  1 1 1 0
     1
;
  Zbox 3 7  5 2  1 2 2 -2
   1
    Zbox 3 7  4 2  1 1 2 -2
     s^(-1)
    Zbox 3 7  4 2  1 2 1 -2
     s^(-1)
    Zbox 3 7  4 2  2 1 1 -2
     s^(-1)
    Zbox 3 7  4 1  1 2 1 -1
     2*s^(-1)*(-1+t)
    Zbox 3 7  3 1  1 1 1 -1
     -2*s^(-1)
    Zbox 2 3  4 2  1 3 0 -2
     -2*s^(-1)
    Zbox 2 3  4 2  2 2 0 -2
     -s^(-1)
    Zbox 2 3  3 1  1 2 0 -1
     2*s^(-1)
;
  Zbox 3 7  5 2  1 2 2 -2
   1
    Zbox 3 7  5 2  1 3 1 -2
     -4*(-2+s)^(-1)
    Zbox 3 7  5 2  2 2 1 -2
     -2*(-2+s)^(-1)
    Zbox 3 7  4 2  1 2 1 -2
     (-2+s)^(-1)*(-3+d)
    Zbox 3 7  4 1  1 2 1 -1
     2*mZ^2*(-2+s)^(-1)
    Zbox 2 3  4 2  1 3 0 -2
     -2*(-2+s)^(-1)
    Zbox 2 3  4 2  2 2 0 -2
     -(-2+s)^(-1)
    Zbox 2 3  3 1  1 2 0 -1
     2*(-2+s)^(-1)
;
  Zbox 3 7  5 2  1 2 2 -2
   1
    Zbox 3 7  5 2  1 3 1 -2
     2
    Zbox 3 7  5 2  2 2 1 -2
     1
    Zbox 3 7  5 1  1 2 2 -1
     -2+s+mZ^2
    Zbox 3 7  5 1  1 3 1 -1
     -2+2*mZ^2-2*t
    Zbox 3 7  5 1  2 2 1 -1
     -2+mZ^2
    Zbox 3 7  4 1  1 2 1 -1
     -2
    Zbox 3 7  4 0  1 2 1 0
     -mZ^2
    Zbox 2 3  4 1  1 3 0 -1
     -2
    Zbox 2 3  4 1  2 2 0 -1
     -1
    Zbox 2 3  3 0  1 2 0 0
     1
;
  Zbox 3 7  5 2  1 1 3 -2
   1
    Zbox 3 7  4 1  1 1 2 -1
     s^(-1)*(-1+t)
    Zbox 2 5  4 2  1 0 3 -2
     s^(-1)
    Zbox 2 5  4 2  2 0 2 -2
     1/2*s^(-1)
    Zbox 2 5  3 1  1 0 2 -1
     -s^(-1)
    Zbox 2 3  4 2  2 2 0 -2
     -1/2*s^(-1)
    Zbox 2 3  4 2  3 1 0 -2
     -s^(-1)
    Zbox 2 3  3 1  2 1 0 -1
     s^(-1)
;
  Zbox 3 7  5 2  1 1 3 -2
   1
    Zbox 3 7  5 2  1 2 2 -2
     -(-2+s)^(-1)
    Zbox 3 7  5 2  2 1 2 -2
     -(-2+s)^(-1)
    Zbox 3 7  4 2  1 1 2 -2
     1/2*(-2+s)^(-1)*(-3+d)
    Zbox 3 7  4 1  1 1 2 -1
     mZ^2*(-2+s)^(-1)
    Zbox 2 3  4 2  2 2 0 -2
     -1/2*(-2+s)^(-1)
    Zbox 2 3  4 2  3 1 0 -2
     -(-2+s)^(-1)
    Zbox 2 3  3 1  2 1 0 -1
     (-2+s)^(-1)
;
  Zbox 3 7  5 2  1 1 3 -2
   1
    Zbox 3 7  5 2  1 2 2 -2
     1/2
    Zbox 3 7  5 2  2 1 2 -2
     1/2
    Zbox 3 7  5 1  1 1 3 -1
     -2+s+mZ^2
    Zbox 3 7  5 1  1 2 2 -1
     -1/2+1/2*mZ^2-1/2*t
    Zbox 3 7  5 1  2 1 2 -1
     -1+1/2*mZ^2
    Zbox 3 7  4 1  1 1 2 -1
     -1
    Zbox 3 7  4 0  1 1 2 0
     -1/2*mZ^2
    Zbox 2 3  4 1  2 2 0 -1
     -1/2
    Zbox 2 3  4 1  3 1 0 -1
     -1
    Zbox 2 3  3 0  2 1 0 0
     1/2
;
  Zbox 3 7  5 3  2 1 2 -3
   1
    Zbox 3 7  5 3  2 2 1 -3
     1
    Zbox 3 7  5 3  3 1 1 -3
     2
    Zbox 3 7  5 2  2 1 2 -2
     -2+s+mZ^2
    Zbox 3 7  5 2  2 2 1 -2
     -1+mZ^2-t
    Zbox 3 7  5 2  3 1 1 -2
     -4+2*mZ^2
    Zbox 3 7  4 2  1 1 2 -2
     -1
    Zbox 3 7  4 2  1 2 1 -2
     -1
    Zbox 3 7  4 2  2 1 1 -2
     -4
    Zbox 3 7  4 1  2 1 1 -1
     -2*mZ^2
    Zbox 3 7  3 1  1 1 1 -1
     2
;
  Zbox 3 7  5 3  1 2 2 -3
   1
    Zbox 3 7  5 3  1 3 1 -3
     2
    Zbox 3 7  5 3  2 2 1 -3
     1
    Zbox 3 7  5 2  1 2 2 -2
     -2+s+mZ^2
    Zbox 3 7  5 2  1 3 1 -2
     -2+2*mZ^2-2*t
    Zbox 3 7  5 2  2 2 1 -2
     -2+mZ^2
    Zbox 3 7  4 2  1 2 1 -2
     -3
    Zbox 3 7  4 1  1 2 1 -1
     -2*mZ^2
    Zbox 2 3  4 2  1 3 0 -2
     -2
    Zbox 2 3  4 2  2 2 0 -2
     -1
    Zbox 2 3  3 1  1 2 0 -1
     2
;
  Zbox 3 7  5 3  1 1 3 -3
   1
    Zbox 3 7  5 3  1 2 2 -3
     1/2
    Zbox 3 7  5 3  2 1 2 -3
     1/2
    Zbox 3 7  5 2  1 1 3 -2
     -2+s+mZ^2
    Zbox 3 7  5 2  1 2 2 -2
     -1/2+1/2*mZ^2-1/2*t
    Zbox 3 7  5 2  2 1 2 -2
     -1+1/2*mZ^2
    Zbox 3 7  4 2  1 1 2 -2
     -3/2
    Zbox 3 7  4 1  1 1 2 -1
     -mZ^2
    Zbox 2 3  4 2  2 2 0 -2
     -1/2
    Zbox 2 3  4 2  3 1 0 -2
     -1
    Zbox 2 3  3 1  2 1 0 -1
     1
;
