  hbox 1 8  1 1  -1 0 0 1
   1
    hbox 1 8  1 0  0 0 0 1
     -mh^2
;
  hbox 1 8  1 1  0 -1 0 1
   1
    hbox 1 8  1 0  0 0 0 1
     1-mh^2-t
;
  hbox 1 8  1 1  0 0 -1 1
   1
    hbox 1 8  1 0  0 0 0 1
     -mh^2
;
  hbox 1 8  1 2  -2 0 0 1
   1
    hbox 1 8  1 0  0 0 0 1
     -(d*mh^4+4*mh^2)*d^(-1)
;
  hbox 1 8  1 2  -1 -1 0 1
   1
    hbox 1 8  1 0  0 0 0 1
     -d^(-1)*(d*mh^4+d*mh^2*t+2*mh^2+2*mh^2*t-d*mh^2)
;
  hbox 1 8  1 2  -1 0 -1 1
   1
    hbox 1 8  1 0  0 0 0 1
     -d^(-1)*(d*mh^4+4*mh^2-2*s*mh^2)
;
  hbox 1 8  1 2  0 -2 0 1
   1
    hbox 1 8  1 0  0 0 0 1
     -d^(-1)*(d*t^2+d*mh^4-2*d*t+d+2*d*mh^2*t+4*mh^2*t-2*d*mh^2)
;
  hbox 1 8  1 2  0 -1 -1 1
   1
    hbox 1 8  1 0  0 0 0 1
     -d^(-1)*(d*mh^4+d*mh^2*t+2*mh^2+2*mh^2*t-d*mh^2)
;
  hbox 1 8  1 2  0 0 -2 1
   1
    hbox 1 8  1 0  0 0 0 1
     -(d*mh^4+4*mh^2)*d^(-1)
;
  hbox 1 8  2 0  0 0 0 2
   1
    hbox 1 8  1 0  0 0 0 1
     -1/2*mh^(-2)*(-2+d)
;
  hbox 1 8  2 1  -1 0 0 2
   1
    hbox 1 8  1 0  0 0 0 1
     -1/2*d
;
  hbox 1 8  2 1  0 -1 0 2
   1
    hbox 1 8  1 0  0 0 0 1
     -1/2*(2+d*t-d-2*t+d*mh^2)*mh^(-2)
;
  hbox 1 8  2 1  0 0 -1 2
   1
    hbox 1 8  1 0  0 0 0 1
     -1/2*d
;
  hbox 1 8  2 2  -2 0 0 2
   1
    hbox 1 8  1 0  0 0 0 1
     -2-mh^2-1/2*d*mh^2
;
  hbox 1 8  2 2  -1 -1 0 2
   1
    hbox 1 8  1 0  0 0 0 1
     -1-1/2*d*t+1/2*d-mh^2-t-1/2*d*mh^2
;
  hbox 1 8  2 2  -1 0 -1 2
   1
    hbox 1 8  1 0  0 0 0 1
     -2+s-mh^2-1/2*d*mh^2
;
  hbox 1 8  2 2  0 -2 0 2
   1
    hbox 1 8  1 0  0 0 0 1
     -1/2*mh^(-2)*(-2+d*t^2+d*mh^4-2*d*t-2*t^2+d+2*d*mh^2*t+2*mh^4+4*mh^2*t+4*t-2*d*mh^2)
;
  hbox 1 8  2 2  0 -1 -1 2
   1
    hbox 1 8  1 0  0 0 0 1
     -1-1/2*d*t+1/2*d-mh^2-t-1/2*d*mh^2
;
  hbox 1 8  2 2  0 0 -2 2
   1
    hbox 1 8  1 0  0 0 0 1
     -2-mh^2-1/2*d*mh^2
;
  hbox 1 8  2 3  -3 0 0 2
   1
    hbox 1 8  1 0  0 0 0 1
     -1/2*(4*d*mh^4+24*mh^2+d^2*mh^4+12*d*mh^2)*d^(-1)
;
  hbox 1 8  2 3  -2 -1 0 2
   1
    hbox 1 8  1 0  0 0 0 1
     1/2*(d^2*mh^2-4*d*mh^4-4*d*t+4*d-6*d*mh^2*t-16*mh^2-8*mh^2*t-d^2*mh^2*t-d^2*mh^4-6*d*mh^2)*d^(-1)
;
  hbox 1 8  2 3  -2 0 -1 2
   1
    hbox 1 8  1 0  0 0 0 1
     1/2*d^(-1)*(4*s*d*mh^2-4*d*mh^4-24*mh^2-d^2*mh^4+8*s*mh^2-12*d*mh^2)
;
  hbox 1 8  2 3  -1 -2 0 2
   1
    hbox 1 8  1 0  0 0 0 1
     1/2*d^(-1)*(2*d^2*mh^2-d^2-4*d*t^2-4*d*mh^4+4*d-12*d*mh^2*t-8*mh^2-16*mh^2*t+2*d^2*t-2*d^2*mh^2*t-d^2*t^2-d^2*mh^4)
;
  hbox 1 8  2 3  -1 -1 -1 2
   1
    hbox 1 8  1 0  0 0 0 1
     1/2*d^(-1)*(d^2*mh^2-2*s*d+2*s*d*mh^2-4*d*mh^4-4*d*t+4*d-6*d*mh^2*t+2*s*d*t-16*mh^2-8*mh^2*t-d^2*mh^2*t-d^2*mh^4+4*s*mh^2-6*d*mh^2)
;
  hbox 1 8  2 3  -1 0 -2 2
   1
    hbox 1 8  1 0  0 0 0 1
     1/2*d^(-1)*(4*s*d*mh^2-4*d*mh^4-24*mh^2-d^2*mh^4+8*s*mh^2-12*d*mh^2)
;
  hbox 1 8  2 3  0 -3 0 2
   1
    hbox 1 8  1 0  0 0 0 1
     -1/2*d^(-1)*mh^(-2)*(3*d^2*mh^2-2*d*t^3+12*d*mh^2*t^2+24*mh^4*t+3*d^2*mh^4*t+4*d*mh^6-d^2+6*d*t^2-6*d*mh^4-6*d*t+2*d-12*d*mh^2*t+3*d^2*t-6*d^2*mh^2*t-3*d^2*t^2+3*d^2*mh^2*t^2-3*d^2*mh^4+18*d*mh^4*t+d^2*t^3+d^2*mh^6)
;
  hbox 1 8  2 3  0 -2 -1 2
   1
    hbox 1 8  1 0  0 0 0 1
     1/2*d^(-1)*(2*d^2*mh^2-d^2-4*d*t^2-4*d*mh^4+4*d-12*d*mh^2*t-8*mh^2-16*mh^2*t+2*d^2*t-2*d^2*mh^2*t-d^2*t^2-d^2*mh^4)
;
  hbox 1 8  2 3  0 -1 -2 2
   1
    hbox 1 8  1 0  0 0 0 1
     1/2*(d^2*mh^2-4*d*mh^4-4*d*t+4*d-6*d*mh^2*t-16*mh^2-8*mh^2*t-d^2*mh^2*t-d^2*mh^4-6*d*mh^2)*d^(-1)
;
  hbox 1 8  2 3  0 0 -3 2
   1
    hbox 1 8  1 0  0 0 0 1
     -1/2*(4*d*mh^4+24*mh^2+d^2*mh^4+12*d*mh^2)*d^(-1)
;
  hbox 1 8  3 0  0 0 0 3
   1
    hbox 1 8  1 0  0 0 0 1
     -1/8*(8+d^2-6*d)*mh^(-4)
;
  hbox 1 8  3 1  -1 0 0 3
   1
    hbox 1 8  1 0  0 0 0 1
     -1/8*(d^2-2*d)*mh^(-2)
;
  hbox 1 8  3 1  0 -1 0 3
   1
    hbox 1 8  1 0  0 0 0 1
     -1/8*(-8+d^2*mh^2-d^2-6*d*t+6*d+d^2*t+8*t-2*d*mh^2)*mh^(-4)
;
  hbox 1 8  3 1  0 0 -1 3
   1
    hbox 1 8  1 0  0 0 0 1
     -1/8*(d^2-2*d)*mh^(-2)
;
  hbox 1 8  3 2  -2 0 0 3
   1
    hbox 1 8  1 0  0 0 0 1
     -1/8*mh^(-2)*(-8+d^2*mh^2+4*d+2*d*mh^2)
;
  hbox 1 8  3 2  -1 -1 0 3
   1
    hbox 1 8  1 0  0 0 0 1
     -1/8*mh^(-2)*(-4+d^2*mh^2-d^2+4*d+d^2*t-4*t+2*d*mh^2)
;
  hbox 1 8  3 2  -1 0 -1 3
   1
    hbox 1 8  1 0  0 0 0 1
     -1/8*(-8+d^2*mh^2-2*s*d+4*s+4*d+2*d*mh^2)*mh^(-2)
;
  hbox 1 8  3 2  0 -2 0 3
   1
    hbox 1 8  1 0  0 0 0 1
     1/8*(-8+2*d^2*mh^2-d^2+6*d*t^2-2*d*mh^4-12*d*t-8*t^2+6*d+8*mh^2*t+2*d^2*t-2*d^2*mh^2*t-d^2*t^2+16*t-d^2*mh^4-4*d*mh^2)*mh^(-4)
;
  hbox 1 8  3 2  0 -1 -1 3
   1
    hbox 1 8  1 0  0 0 0 1
     -1/8*mh^(-2)*(-4+d^2*mh^2-d^2+4*d+d^2*t-4*t+2*d*mh^2)
;
  hbox 1 8  3 2  0 0 -2 3
   1
    hbox 1 8  1 0  0 0 0 1
     -1/8*mh^(-2)*(-8+d^2*mh^2+4*d+2*d*mh^2)
;
  hbox 1 8  3 3  -3 0 0 3
   1
    hbox 1 8  1 0  0 0 0 1
     -3-1/8*d^2*mh^2-3/2*d-mh^2-3/4*d*mh^2
;
  hbox 1 8  3 3  -2 -1 0 3
   1
    hbox 1 8  1 0  0 0 0 1
     1/8*(-8+d^2*mh^2-6*d*mh^4-4*d*t+4*d-6*d*mh^2*t-8*mh^4-16*mh^2-8*mh^2*t-d^2*mh^2*t+8*t-d^2*mh^4-6*d*mh^2)*mh^(-2)
;
  hbox 1 8  3 3  -2 0 -1 3
   1
    hbox 1 8  1 0  0 0 0 1
     -3-1/8*d^2*mh^2+1/2*s*d+s-3/2*d-mh^2-3/4*d*mh^2
;
  hbox 1 8  3 3  -1 -2 0 3
   1
    hbox 1 8  1 0  0 0 0 1
     1/8*(-8+2*d^2*mh^2-d^2-2*d*t^2-6*d*mh^4-4*d*t+8*t^2+6*d-12*d*mh^2*t-8*mh^4-8*mh^2-16*mh^2*t+2*d^2*t-2*d^2*mh^2*t-d^2*t^2-d^2*mh^4)*mh^(-2)
;
  hbox 1 8  3 3  -1 -1 -1 3
   1
    hbox 1 8  1 0  0 0 0 1
     1/8*(-8+d^2*mh^2-2*s*d+4*s+2*s*d*mh^2-6*d*mh^4-4*s*t-4*d*t+4*d-6*d*mh^2*t-8*mh^4+2*s*d*t-16*mh^2-8*mh^2*t-d^2*mh^2*t+8*t-d^2*mh^4+4*s*mh^2-6*d*mh^2)*mh^(-2)
;
  hbox 1 8  3 3  -1 0 -2 3
   1
    hbox 1 8  1 0  0 0 0 1
     -3-1/8*d^2*mh^2+1/2*s*d+s-3/2*d-mh^2-3/4*d*mh^2
;
  hbox 1 8  3 3  0 -3 0 3
   1
    hbox 1 8  1 0  0 0 0 1
     -1/8*(-8+3*d^2*mh^2-6*d*t^3+6*d*mh^2*t^2+24*mh^4*t+3*d^2*mh^4*t+6*d*mh^6-d^2+18*d*t^2-6*d*mh^4+8*t^3-18*d*t+8*mh^6-24*t^2+6*d+24*mh^2*t+3*d^2*t-6*d^2*mh^2*t-3*d^2*t^2+24*t+3*d^2*mh^2*t^2-3*d^2*mh^4+18*d*mh^4*t-24*mh^2*t^2-6*d*mh^2+d^2*t^3+d^2*mh^6)*mh^(-4)
;
  hbox 1 8  3 3  0 -2 -1 3
   1
    hbox 1 8  1 0  0 0 0 1
     1/8*(-8+2*d^2*mh^2-d^2-2*d*t^2-6*d*mh^4-4*d*t+8*t^2+6*d-12*d*mh^2*t-8*mh^4-8*mh^2-16*mh^2*t+2*d^2*t-2*d^2*mh^2*t-d^2*t^2-d^2*mh^4)*mh^(-2)
;
  hbox 1 8  3 3  0 -1 -2 3
   1
    hbox 1 8  1 0  0 0 0 1
     1/8*(-8+d^2*mh^2-6*d*mh^4-4*d*t+4*d-6*d*mh^2*t-8*mh^4-16*mh^2-8*mh^2*t-d^2*mh^2*t+8*t-d^2*mh^4-6*d*mh^2)*mh^(-2)
;
  hbox 1 8  3 3  0 0 -3 3
   1
    hbox 1 8  1 0  0 0 0 1
     -3-1/8*d^2*mh^2-3/2*d-mh^2-3/4*d*mh^2
;
  hbox 1 8  4 0  0 0 0 4
   1
    hbox 1 8  1 0  0 0 0 1
     -1/48*(-48+d^3-12*d^2+44*d)*mh^(-6)
;
  hbox 1 8  4 1  -1 0 0 4
   1
    hbox 1 8  1 0  0 0 0 1
     -1/48*mh^(-4)*(d^3-6*d^2+8*d)
;
  hbox 1 8  4 1  0 -1 0 4
   1
    hbox 1 8  1 0  0 0 0 1
     1/48*(-48+6*d^2*mh^2+d^3-12*d^2-d^3*mh^2-44*d*t+44*d+12*d^2*t+48*t-d^3*t-8*d*mh^2)*mh^(-6)
;
  hbox 1 8  4 1  0 0 -1 4
   1
    hbox 1 8  1 0  0 0 0 1
     -1/48*mh^(-4)*(d^3-6*d^2+8*d)
;
  hbox 1 8  4 2  -2 0 0 4
   1
    hbox 1 8  1 0  0 0 0 1
     -1/48*mh^(-4)*(32+4*d^2+d^3*mh^2-24*d-4*d*mh^2)
;
  hbox 1 8  4 2  -1 -1 0 4
   1
    hbox 1 8  1 0  0 0 0 1
     1/48*(-16+d^3-8*d^2-d^3*mh^2+4*d*t+20*d+4*d^2*t-16*t-d^3*t+4*d*mh^2)*mh^(-4)
;
  hbox 1 8  4 2  -1 0 -1 4
   1
    hbox 1 8  1 0  0 0 0 1
     -1/48*mh^(-4)*(32+12*s*d+4*d^2-16*s+d^3*mh^2-2*s*d^2-24*d-4*d*mh^2)
;
  hbox 1 8  4 2  0 -2 0 4
   1
    hbox 1 8  1 0  0 0 0 1
     -1/48*(-48+2*d^3*mh^2*t+12*d^2*mh^2+d^3-12*d^2+44*d*t^2-4*d*mh^4-2*d^3*mh^2-88*d*t-48*t^2+44*d-8*d*mh^2*t+d^3*mh^4+d^3*t^2+32*mh^2*t+24*d^2*t-8*d^2*mh^2*t-12*d^2*t^2+96*t-2*d^3*t-16*d*mh^2)*mh^(-6)
;
  hbox 1 8  4 2  0 -1 -1 4
   1
    hbox 1 8  1 0  0 0 0 1
     1/48*(-16+d^3-8*d^2-d^3*mh^2+4*d*t+20*d+4*d^2*t-16*t-d^3*t+4*d*mh^2)*mh^(-4)
;
  hbox 1 8  4 2  0 0 -2 4
   1
    hbox 1 8  1 0  0 0 0 1
     -1/48*mh^(-4)*(32+4*d^2+d^3*mh^2-24*d-4*d*mh^2)
;
  hbox 1 8  4 3  -3 0 0 4
   1
    hbox 1 8  4 2  -2 0 0 4
     mh^2
    hbox 1 8  3 2  -2 0 0 3
     -1/3-1/3*d
    hbox 1 8  3 1  -1 0 0 3
     -4/3
;
  hbox 1 8  4 3  -3 0 0 4
   1
    hbox 1 8  4 2  -2 0 0 4
     -mh^2
    hbox 1 8  3 2  -2 0 0 3
     -5/3
    hbox 1 8  3 1  -1 0 0 3
     -4/3+2/3*mh^2
    hbox 1 8  2 1  -1 0 0 2
     2/3
;
  hbox 1 8  4 3  -2 -1 0 4
   1
    hbox 1 8  4 2  -1 -1 0 4
     mh^2
    hbox 1 8  3 2  -1 -1 0 3
     -1/3*d
    hbox 1 8  3 2  -2 0 0 3
     -1/3
    hbox 1 8  3 1  0 -1 0 3
     -2/3
    hbox 1 8  3 1  -1 0 0 3
     -2/3
;
  hbox 1 8  4 3  -2 -1 0 4
   1
    hbox 1 8  4 2  -1 -1 0 4
     -mh^2
    hbox 1 8  3 2  -1 -1 0 3
     -4/3
    hbox 1 8  3 2  -2 0 0 3
     -1/3
    hbox 1 8  3 1  0 -1 0 3
     -2/3+1/3*mh^2
    hbox 1 8  3 1  -1 0 0 3
     -1/3+1/3*mh^2-1/3*t
    hbox 1 8  2 1  0 -1 0 2
     1/3
    hbox 1 8  2 1  -1 0 0 2
     1/3
;
  hbox 1 8  4 3  -2 -1 0 4
   1
    hbox 1 8  4 3  -3 0 0 4
     -1
    hbox 1 8  4 2  -2 0 0 4
     1-t
    hbox 1 8  3 2  -1 -1 0 3
     -2/3
    hbox 1 8  3 2  -2 0 0 3
     2/3
;
  hbox 1 8  4 3  -2 0 -1 4
   1
    hbox 1 8  4 2  -1 0 -1 4
     mh^2
    hbox 1 8  3 2  -1 0 -1 3
     -1/3*d
    hbox 1 8  3 2  -2 0 0 3
     -1/3
    hbox 1 8  3 1  0 0 -1 3
     -2/3
    hbox 1 8  3 1  -1 0 0 3
     -2/3+1/3*s
;
  hbox 1 8  4 3  -2 0 -1 4
   1
    hbox 1 8  4 2  -1 0 -1 4
     -mh^2
    hbox 1 8  3 2  -1 0 -1 3
     -4/3
    hbox 1 8  3 2  -2 0 0 3
     -1/3
    hbox 1 8  3 1  0 0 -1 3
     -2/3+1/3*mh^2
    hbox 1 8  3 1  -1 0 0 3
     -2/3+1/3*s+1/3*mh^2
    hbox 1 8  2 1  0 0 -1 2
     1/3
    hbox 1 8  2 1  -1 0 0 2
     1/3
;
  hbox 1 8  4 3  -2 0 -1 4
   1
    hbox 1 8  4 3  -2 -1 0 4
     -1
    hbox 1 8  4 2  -2 0 0 4
     -1+t
    hbox 1 8  3 2  -1 0 -1 3
     -2/3
    hbox 1 8  3 2  -1 -1 0 3
     2/3
    hbox 1 8  3 1  -1 0 0 3
     2/3*s
;
  hbox 1 8  4 3  -1 -2 0 4
   1
    hbox 1 8  4 2  0 -2 0 4
     mh^2
    hbox 1 8  3 2  0 -2 0 3
     1/3-1/3*d
    hbox 1 8  3 2  -1 -1 0 3
     -2/3
    hbox 1 8  3 1  0 -1 0 3
     -4/3
;
  hbox 1 8  4 3  -1 -2 0 4
   1
    hbox 1 8  4 2  0 -2 0 4
     -mh^2
    hbox 1 8  3 2  0 -2 0 3
     -1
    hbox 1 8  3 2  -1 -1 0 3
     -2/3
    hbox 1 8  3 1  0 -1 0 3
     -2/3+2/3*mh^2-2/3*t
    hbox 1 8  2 1  0 -1 0 2
     2/3
;
  hbox 1 8  4 3  -1 -2 0 4
   1
    hbox 1 8  4 3  -2 -1 0 4
     -1
    hbox 1 8  4 2  -1 -1 0 4
     1-t
    hbox 1 8  3 2  0 -2 0 3
     -1/3
    hbox 1 8  3 2  -2 0 0 3
     1/3
;
  hbox 1 8  4 3  -1 -1 -1 4
   1
    hbox 1 8  4 2  0 -1 -1 4
     mh^2
    hbox 1 8  3 2  0 -1 -1 3
     1/3-1/3*d
    hbox 1 8  3 2  -1 0 -1 3
     -1/3
    hbox 1 8  3 2  -1 -1 0 3
     -1/3
    hbox 1 8  3 1  0 0 -1 3
     -2/3
    hbox 1 8  3 1  0 -1 0 3
     -2/3+1/3*s
;
  hbox 1 8  4 3  -1 -1 -1 4
   1
    hbox 1 8  4 2  0 -1 -1 4
     -mh^2
    hbox 1 8  3 2  0 -1 -1 3
     -1
    hbox 1 8  3 2  -1 0 -1 3
     -1/3
    hbox 1 8  3 2  -1 -1 0 3
     -1/3
    hbox 1 8  3 1  0 0 -1 3
     -1/3+1/3*mh^2-1/3*t
    hbox 1 8  3 1  0 -1 0 3
     -2/3+1/3*s+1/3*mh^2
    hbox 1 8  2 1  0 0 -1 2
     1/3
    hbox 1 8  2 1  0 -1 0 2
     1/3
;
  hbox 1 8  4 3  -1 -1 -1 4
   1
    hbox 1 8  4 3  -2 0 -1 4
     -1
    hbox 1 8  4 2  -1 0 -1 4
     1-t
    hbox 1 8  3 2  0 -1 -1 3
     -1/3
    hbox 1 8  3 2  -1 0 -1 3
     1/3
    hbox 1 8  3 2  -1 -1 0 3
     -1/3
    hbox 1 8  3 2  -2 0 0 3
     1/3
    hbox 1 8  3 1  -1 0 0 3
     -1/3*s
;
  hbox 1 8  4 3  -1 -1 -1 4
   1
    hbox 1 8  4 3  -1 -2 0 4
     -1
    hbox 1 8  4 2  -1 -1 0 4
     -1+t
    hbox 1 8  3 2  0 -1 -1 3
     -1/3
    hbox 1 8  3 2  0 -2 0 3
     1/3
    hbox 1 8  3 2  -1 0 -1 3
     -1/3
    hbox 1 8  3 2  -1 -1 0 3
     1/3
    hbox 1 8  3 1  0 -1 0 3
     1/3*s
;
  hbox 1 8  4 3  -1 0 -2 4
   1
    hbox 1 8  4 2  0 0 -2 4
     mh^2
    hbox 1 8  3 2  0 0 -2 3
     1/3-1/3*d
    hbox 1 8  3 2  -1 0 -1 3
     -2/3
    hbox 1 8  3 1  0 0 -1 3
     -4/3+2/3*s
;
  hbox 1 8  4 3  -1 0 -2 4
   1
    hbox 1 8  4 2  0 0 -2 4
     -mh^2
    hbox 1 8  3 2  0 0 -2 3
     -1
    hbox 1 8  3 2  -1 0 -1 3
     -2/3
    hbox 1 8  3 1  0 0 -1 3
     -4/3+2/3*s+2/3*mh^2
    hbox 1 8  2 1  0 0 -1 2
     2/3
;
  hbox 1 8  4 3  -1 0 -2 4
   1
    hbox 1 8  4 3  -1 -1 -1 4
     -1
    hbox 1 8  4 2  -1 0 -1 4
     -1+t
    hbox 1 8  3 2  0 0 -2 3
     -1/3
    hbox 1 8  3 2  0 -1 -1 3
     1/3
    hbox 1 8  3 2  -1 0 -1 3
     -1/3
    hbox 1 8  3 2  -1 -1 0 3
     1/3
    hbox 1 8  3 1  0 0 -1 3
     1/3*s
;
  hbox 1 8  4 3  0 -3 0 4
   1
    hbox 1 8  4 3  -1 -2 0 4
     -1
    hbox 1 8  4 2  0 -2 0 4
     1-t
    hbox 1 8  3 2  0 -2 0 3
     -2/3
    hbox 1 8  3 2  -1 -1 0 3
     2/3
;
  hbox 1 8  4 3  0 -2 -1 4
   1
    hbox 1 8  4 3  -1 -1 -1 4
     -1
    hbox 1 8  4 2  0 -1 -1 4
     1-t
    hbox 1 8  3 2  0 -1 -1 3
     -1/3
    hbox 1 8  3 2  0 -2 0 3
     -1/3
    hbox 1 8  3 2  -1 0 -1 3
     1/3
    hbox 1 8  3 2  -1 -1 0 3
     1/3
    hbox 1 8  3 1  0 -1 0 3
     -1/3*s
;
  hbox 1 8  4 3  0 -2 -1 4
   1
    hbox 1 8  4 3  0 -3 0 4
     -1
    hbox 1 8  4 2  0 -2 0 4
     -1+t
    hbox 1 8  3 2  0 -1 -1 3
     -2/3
    hbox 1 8  3 2  0 -2 0 3
     2/3
;
  hbox 1 8  4 3  0 -1 -2 4
   1
    hbox 1 8  4 3  -1 0 -2 4
     -1
    hbox 1 8  4 2  0 0 -2 4
     1-t
    hbox 1 8  3 2  0 -1 -1 3
     -2/3
    hbox 1 8  3 2  -1 0 -1 3
     2/3
    hbox 1 8  3 1  0 0 -1 3
     -2/3*s
;
  hbox 1 8  4 3  0 -1 -2 4
   1
    hbox 1 8  4 3  0 -2 -1 4
     -1
    hbox 1 8  4 2  0 -1 -1 4
     -1+t
    hbox 1 8  3 2  0 0 -2 3
     -1/3
    hbox 1 8  3 2  0 -2 0 3
     1/3
;
  hbox 1 8  4 3  0 0 -3 4
   1
    hbox 1 8  4 3  0 -1 -2 4
     -1
    hbox 1 8  4 2  0 0 -2 4
     -1+t
    hbox 1 8  3 2  0 0 -2 3
     -2/3
    hbox 1 8  3 2  0 -1 -1 3
     2/3
;
  hbox 1 8  5 1  -1 0 0 5
   1
    hbox 1 8  5 0  0 0 0 5
     -mh^2
    hbox 1 8  4 0  0 0 0 4
     -1
;
  hbox 1 8  5 1  -1 0 0 5
   1
    hbox 1 8  5 0  0 0 0 5
     mh^2
    hbox 1 8  4 0  0 0 0 4
     1-1/4*d
;
  hbox 1 8  5 1  0 -1 0 5
   1
    hbox 1 8  5 1  -1 0 0 5
     -1
    hbox 1 8  5 0  0 0 0 5
     1-t
;
  hbox 1 8  5 1  0 0 -1 5
   1
    hbox 1 8  5 1  0 -1 0 5
     -1
    hbox 1 8  5 0  0 0 0 5
     -1+t
;
  hbox 1 8  5 2  -2 0 0 5
   1
    hbox 1 8  5 1  -1 0 0 5
     mh^2
    hbox 1 8  4 1  -1 0 0 4
     1/2-1/4*d
    hbox 1 8  4 0  0 0 0 4
     -1/2
;
  hbox 1 8  5 2  -2 0 0 5
   1
    hbox 1 8  5 1  -1 0 0 5
     -mh^2
    hbox 1 8  4 1  -1 0 0 4
     -5/4
    hbox 1 8  4 0  0 0 0 4
     -1/2+1/4*mh^2
    hbox 1 8  3 0  0 0 0 3
     1/4
;
  hbox 1 8  5 2  -1 -1 0 5
   1
    hbox 1 8  5 1  0 -1 0 5
     mh^2
    hbox 1 8  4 1  0 -1 0 4
     3/4-1/4*d
    hbox 1 8  4 1  -1 0 0 4
     -1/4
    hbox 1 8  4 0  0 0 0 4
     -1/2
;
  hbox 1 8  5 2  -1 -1 0 5
   1
    hbox 1 8  5 1  0 -1 0 5
     -mh^2
    hbox 1 8  4 1  0 -1 0 4
     -1
    hbox 1 8  4 1  -1 0 0 4
     -1/4
    hbox 1 8  4 0  0 0 0 4
     -1/4+1/4*mh^2-1/4*t
    hbox 1 8  3 0  0 0 0 3
     1/4
;
  hbox 1 8  5 2  -1 -1 0 5
   1
    hbox 1 8  5 2  -2 0 0 5
     -1
    hbox 1 8  5 1  -1 0 0 5
     1-t
    hbox 1 8  4 1  0 -1 0 4
     -1/4
    hbox 1 8  4 1  -1 0 0 4
     1/4
;
  hbox 1 8  5 2  -1 0 -1 5
   1
    hbox 1 8  5 1  0 0 -1 5
     mh^2
    hbox 1 8  4 1  0 0 -1 4
     3/4-1/4*d
    hbox 1 8  4 1  -1 0 0 4
     -1/4
    hbox 1 8  4 0  0 0 0 4
     -1/2+1/4*s
;
  hbox 1 8  5 2  -1 0 -1 5
   1
    hbox 1 8  5 1  0 0 -1 5
     -mh^2
    hbox 1 8  4 1  0 0 -1 4
     -1
    hbox 1 8  4 1  -1 0 0 4
     -1/4
    hbox 1 8  4 0  0 0 0 4
     -1/2+1/4*s+1/4*mh^2
    hbox 1 8  3 0  0 0 0 3
     1/4
;
  hbox 1 8  5 2  -1 0 -1 5
   1
    hbox 1 8  5 2  -1 -1 0 5
     -1
    hbox 1 8  5 1  -1 0 0 5
     -1+t
    hbox 1 8  4 1  0 0 -1 4
     -1/4
    hbox 1 8  4 1  0 -1 0 4
     1/4
    hbox 1 8  4 0  0 0 0 4
     1/4*s
;
  hbox 1 8  5 2  0 -2 0 5
   1
    hbox 1 8  5 2  -1 -1 0 5
     -1
    hbox 1 8  5 1  0 -1 0 5
     1-t
    hbox 1 8  4 1  0 -1 0 4
     -1/4
    hbox 1 8  4 1  -1 0 0 4
     1/4
;
  hbox 1 8  5 2  0 -1 -1 5
   1
    hbox 1 8  5 2  -1 0 -1 5
     -1
    hbox 1 8  5 1  0 0 -1 5
     1-t
    hbox 1 8  4 1  0 -1 0 4
     -1/4
    hbox 1 8  4 1  -1 0 0 4
     1/4
    hbox 1 8  4 0  0 0 0 4
     -1/4*s
;
  hbox 1 8  5 2  0 -1 -1 5
   1
    hbox 1 8  5 2  0 -2 0 5
     -1
    hbox 1 8  5 1  0 -1 0 5
     -1+t
    hbox 1 8  4 1  0 0 -1 4
     -1/4
    hbox 1 8  4 1  0 -1 0 4
     1/4
;
  hbox 1 8  5 2  0 0 -2 5
   1
    hbox 1 8  5 2  0 -1 -1 5
     -1
    hbox 1 8  5 1  0 0 -1 5
     -1+t
    hbox 1 8  4 1  0 0 -1 4
     -1/4
    hbox 1 8  4 1  0 -1 0 4
     1/4
;
  hbox 1 8  5 3  -3 0 0 5
   1
    hbox 1 8  5 2  -2 0 0 5
     mh^2
    hbox 1 8  4 2  -2 0 0 4
     -1/4*d
    hbox 1 8  4 1  -1 0 0 4
     -1
;
  hbox 1 8  5 3  -3 0 0 5
   1
    hbox 1 8  5 2  -2 0 0 5
     -mh^2
    hbox 1 8  4 2  -2 0 0 4
     -3/2
    hbox 1 8  4 1  -1 0 0 4
     -1+1/2*mh^2
    hbox 1 8  3 1  -1 0 0 3
     1/2
;
  hbox 1 8  5 3  -2 -1 0 5
   1
    hbox 1 8  5 2  -1 -1 0 5
     mh^2
    hbox 1 8  4 2  -1 -1 0 4
     1/4-1/4*d
    hbox 1 8  4 2  -2 0 0 4
     -1/4
    hbox 1 8  4 1  0 -1 0 4
     -1/2
    hbox 1 8  4 1  -1 0 0 4
     -1/2
;
  hbox 1 8  5 3  -2 -1 0 5
   1
    hbox 1 8  5 2  -1 -1 0 5
     -mh^2
    hbox 1 8  4 2  -1 -1 0 4
     -5/4
    hbox 1 8  4 2  -2 0 0 4
     -1/4
    hbox 1 8  4 1  0 -1 0 4
     -1/2+1/4*mh^2
    hbox 1 8  4 1  -1 0 0 4
     -1/4+1/4*mh^2-1/4*t
    hbox 1 8  3 1  0 -1 0 3
     1/4
    hbox 1 8  3 1  -1 0 0 3
     1/4
;
  hbox 1 8  5 3  -2 -1 0 5
   1
    hbox 1 8  5 3  -3 0 0 5
     -1
    hbox 1 8  5 2  -2 0 0 5
     1-t
    hbox 1 8  4 2  -1 -1 0 4
     -1/2
    hbox 1 8  4 2  -2 0 0 4
     1/2
;
  hbox 1 8  5 3  -2 0 -1 5
   1
    hbox 1 8  5 2  -1 0 -1 5
     mh^2
    hbox 1 8  4 2  -1 0 -1 4
     1/4-1/4*d
    hbox 1 8  4 2  -2 0 0 4
     -1/4
    hbox 1 8  4 1  0 0 -1 4
     -1/2
    hbox 1 8  4 1  -1 0 0 4
     -1/2+1/4*s
;
  hbox 1 8  5 3  -2 0 -1 5
   1
    hbox 1 8  5 2  -1 0 -1 5
     -mh^2
    hbox 1 8  4 2  -1 0 -1 4
     -5/4
    hbox 1 8  4 2  -2 0 0 4
     -1/4
    hbox 1 8  4 1  0 0 -1 4
     -1/2+1/4*mh^2
    hbox 1 8  4 1  -1 0 0 4
     -1/2+1/4*s+1/4*mh^2
    hbox 1 8  3 1  0 0 -1 3
     1/4
    hbox 1 8  3 1  -1 0 0 3
     1/4
;
  hbox 1 8  5 3  -2 0 -1 5
   1
    hbox 1 8  5 3  -2 -1 0 5
     -1
    hbox 1 8  5 2  -2 0 0 5
     -1+t
    hbox 1 8  4 2  -1 0 -1 4
     -1/2
    hbox 1 8  4 2  -1 -1 0 4
     1/2
    hbox 1 8  4 1  -1 0 0 4
     1/2*s
;
  hbox 1 8  5 3  -1 -2 0 5
   1
    hbox 1 8  5 2  0 -2 0 5
     mh^2
    hbox 1 8  4 2  0 -2 0 4
     1/2-1/4*d
    hbox 1 8  4 2  -1 -1 0 4
     -1/2
    hbox 1 8  4 1  0 -1 0 4
     -1
;
  hbox 1 8  5 3  -1 -2 0 5
   1
    hbox 1 8  5 2  0 -2 0 5
     -mh^2
    hbox 1 8  4 2  0 -2 0 4
     -1
    hbox 1 8  4 2  -1 -1 0 4
     -1/2
    hbox 1 8  4 1  0 -1 0 4
     -1/2+1/2*mh^2-1/2*t
    hbox 1 8  3 1  0 -1 0 3
     1/2
;
  hbox 1 8  5 3  -1 -2 0 5
   1
    hbox 1 8  5 3  -2 -1 0 5
     -1
    hbox 1 8  5 2  -1 -1 0 5
     1-t
    hbox 1 8  4 2  0 -2 0 4
     -1/4
    hbox 1 8  4 2  -2 0 0 4
     1/4
;
  hbox 1 8  5 3  -1 -1 -1 5
   1
    hbox 1 8  5 2  0 -1 -1 5
     mh^2
    hbox 1 8  4 2  0 -1 -1 4
     1/2-1/4*d
    hbox 1 8  4 2  -1 0 -1 4
     -1/4
    hbox 1 8  4 2  -1 -1 0 4
     -1/4
    hbox 1 8  4 1  0 0 -1 4
     -1/2
    hbox 1 8  4 1  0 -1 0 4
     -1/2+1/4*s
;
  hbox 1 8  5 3  -1 -1 -1 5
   1
    hbox 1 8  5 2  0 -1 -1 5
     -mh^2
    hbox 1 8  4 2  0 -1 -1 4
     -1
    hbox 1 8  4 2  -1 0 -1 4
     -1/4
    hbox 1 8  4 2  -1 -1 0 4
     -1/4
    hbox 1 8  4 1  0 0 -1 4
     -1/4+1/4*mh^2-1/4*t
    hbox 1 8  4 1  0 -1 0 4
     -1/2+1/4*s+1/4*mh^2
    hbox 1 8  3 1  0 0 -1 3
     1/4
    hbox 1 8  3 1  0 -1 0 3
     1/4
;
  hbox 1 8  5 3  -1 -1 -1 5
   1
    hbox 1 8  5 3  -2 0 -1 5
     -1
    hbox 1 8  5 2  -1 0 -1 5
     1-t
    hbox 1 8  4 2  0 -1 -1 4
     -1/4
    hbox 1 8  4 2  -1 0 -1 4
     1/4
    hbox 1 8  4 2  -1 -1 0 4
     -1/4
    hbox 1 8  4 2  -2 0 0 4
     1/4
    hbox 1 8  4 1  -1 0 0 4
     -1/4*s
;
  hbox 1 8  5 3  -1 -1 -1 5
   1
    hbox 1 8  5 3  -1 -2 0 5
     -1
    hbox 1 8  5 2  -1 -1 0 5
     -1+t
    hbox 1 8  4 2  0 -1 -1 4
     -1/4
    hbox 1 8  4 2  0 -2 0 4
     1/4
    hbox 1 8  4 2  -1 0 -1 4
     -1/4
    hbox 1 8  4 2  -1 -1 0 4
     1/4
    hbox 1 8  4 1  0 -1 0 4
     1/4*s
;
  hbox 1 8  5 3  -1 0 -2 5
   1
    hbox 1 8  5 2  0 0 -2 5
     mh^2
    hbox 1 8  4 2  0 0 -2 4
     1/2-1/4*d
    hbox 1 8  4 2  -1 0 -1 4
     -1/2
    hbox 1 8  4 1  0 0 -1 4
     -1+1/2*s
;
  hbox 1 8  5 3  -1 0 -2 5
   1
    hbox 1 8  5 2  0 0 -2 5
     -mh^2
    hbox 1 8  4 2  0 0 -2 4
     -1
    hbox 1 8  4 2  -1 0 -1 4
     -1/2
    hbox 1 8  4 1  0 0 -1 4
     -1+1/2*s+1/2*mh^2
    hbox 1 8  3 1  0 0 -1 3
     1/2
;
  hbox 1 8  5 3  -1 0 -2 5
   1
    hbox 1 8  5 3  -1 -1 -1 5
     -1
    hbox 1 8  5 2  -1 0 -1 5
     -1+t
    hbox 1 8  4 2  0 0 -2 4
     -1/4
    hbox 1 8  4 2  0 -1 -1 4
     1/4
    hbox 1 8  4 2  -1 0 -1 4
     -1/4
    hbox 1 8  4 2  -1 -1 0 4
     1/4
    hbox 1 8  4 1  0 0 -1 4
     1/4*s
;
  hbox 1 8  5 3  0 -3 0 5
   1
    hbox 1 8  5 3  -1 -2 0 5
     -1
    hbox 1 8  5 2  0 -2 0 5
     1-t
    hbox 1 8  4 2  0 -2 0 4
     -1/2
    hbox 1 8  4 2  -1 -1 0 4
     1/2
;
  hbox 1 8  5 3  0 -2 -1 5
   1
    hbox 1 8  5 3  -1 -1 -1 5
     -1
    hbox 1 8  5 2  0 -1 -1 5
     1-t
    hbox 1 8  4 2  0 -1 -1 4
     -1/4
    hbox 1 8  4 2  0 -2 0 4
     -1/4
    hbox 1 8  4 2  -1 0 -1 4
     1/4
    hbox 1 8  4 2  -1 -1 0 4
     1/4
    hbox 1 8  4 1  0 -1 0 4
     -1/4*s
;
  hbox 1 8  5 3  0 -2 -1 5
   1
    hbox 1 8  5 3  0 -3 0 5
     -1
    hbox 1 8  5 2  0 -2 0 5
     -1+t
    hbox 1 8  4 2  0 -1 -1 4
     -1/2
    hbox 1 8  4 2  0 -2 0 4
     1/2
;
  hbox 1 8  5 3  0 -1 -2 5
   1
    hbox 1 8  5 3  -1 0 -2 5
     -1
    hbox 1 8  5 2  0 0 -2 5
     1-t
    hbox 1 8  4 2  0 -1 -1 4
     -1/2
    hbox 1 8  4 2  -1 0 -1 4
     1/2
    hbox 1 8  4 1  0 0 -1 4
     -1/2*s
;
  hbox 1 8  5 3  0 -1 -2 5
   1
    hbox 1 8  5 3  0 -2 -1 5
     -1
    hbox 1 8  5 2  0 -1 -1 5
     -1+t
    hbox 1 8  4 2  0 0 -2 4
     -1/4
    hbox 1 8  4 2  0 -2 0 4
     1/4
;
  hbox 1 8  5 3  0 0 -3 5
   1
    hbox 1 8  5 3  0 -1 -2 5
     -1
    hbox 1 8  5 2  0 0 -2 5
     -1+t
    hbox 1 8  4 2  0 0 -2 4
     -1/2
    hbox 1 8  4 2  0 -1 -1 4
     1/2
;
