  Wbox 3 7  3 0  1 1 1 0
   1
    Wbox 2 5  2 0  1 0 1 0
     2*s^(-1)*(-4+d)^(-1)*(-3+d)
;
  Wbox 3 7  3 1  1 1 1 -1
   1
    Wbox 2 5  2 0  1 0 1 0
     -s^(-1)*(8+s*d-4*s-2*d+2*mW^2*d-2*t-6*mW^2)*(-4+d)^(-1)
;
  Wbox 3 7  3 2  1 1 1 -2
   1
    Wbox 2 5  2 0  1 0 1 0
     1/2*(48+24*s*d-8*mW^2*d^2+4*d^2-32*s+16*mW^2*t-24*mW^2*s*d+24*mW^4+4*mW^2*s*d^2+16*s*t+8*d*t-4*s*d^2+8*t^2-28*d+48*mW^2*d-8*mW^2*d*t+s^2*d^2-4*s*d*t+8*s^2+4*mW^4*d^2-32*t-20*mW^4*d+32*mW^2*s-64*mW^2-6*s^2*d)*s^(-1)*(-4+d)^(-1)*(-2+d)^(-1)
;
  Wbox 3 7  4 0  2 1 1 0
   1
    Wbox 2 5  2 0  1 0 1 0
     -2*s^(-2)*(-3+d)
;
  Wbox 3 7  4 0  1 2 1 0
   1
    Wbox 2 5  2 0  1 0 1 0
     -4*s^(-2)*(-6+d)^(-1)*(-3+d)
;
  Wbox 3 7  4 0  1 1 2 0
   1
    Wbox 2 5  2 0  1 0 1 0
     -2*s^(-2)*(-3+d)
;
  Wbox 3 7  4 1  2 1 1 -1
   1
    Wbox 2 5  2 0  1 0 1 0
     -s^(-2)*(30+7*s*d-2*mW^2*d^2+2*d^2-12*s+2*d*t-s*d^2-16*d+14*mW^2*d-6*t-24*mW^2)*(-4+d)^(-1)
;
  Wbox 3 7  4 1  1 2 1 -1
   1
    Wbox 2 5  2 0  1 0 1 0
     -2*(36+9*s*d-2*mW^2*d^2+2*d^2-18*s+4*d*t-s*d^2-18*d+14*mW^2*d-12*t-24*mW^2)*s^(-2)*(-6+d)^(-1)*(-4+d)^(-1)
;
  Wbox 3 7  4 1  1 1 2 -1
   1
    Wbox 2 5  2 0  1 0 1 0
     -s^(-2)*(30+7*s*d-2*mW^2*d^2+2*d^2-12*s+2*d*t-s*d^2-16*d+14*mW^2*d-6*t-24*mW^2)*(-4+d)^(-1)
;
  Wbox 3 7  4 2  2 1 1 -2
   1
    Wbox 2 5  2 0  1 0 1 0
     -1/2*s^(-2)*(-4+d)^(-1)*(80+28*s*d-8*mW^2*d^2+4*d^2-48*s+24*mW^2*t-28*mW^2*s*d+48*mW^4+4*mW^2*s*d^2+16*s*t+8*d*t-4*s*d^2+8*t^2-36*d+64*mW^2*d-8*mW^2*d*t+s^2*d^2-4*s*d*t+8*s^2+4*mW^4*d^2-40*t-28*mW^4*d+48*mW^2*s-120*mW^2-6*s^2*d)
;
  Wbox 3 7  4 2  1 2 1 -2
   1
    Wbox 2 5  2 0  1 0 1 0
     -(120+40*s*d-8*mW^2*d^2+4*d^2-96*s+48*mW^2*t-36*mW^2*s*d+48*mW^4+4*mW^2*s*d^2+48*s*t+16*d*t-4*s*d^2+24*t^2-44*d+72*mW^2*d-16*mW^2*d*t+s^2*d^2-8*s*d*t+24*s^2+4*mW^4*d^2-96*t-28*mW^4*d+72*mW^2*s-144*mW^2-10*s^2*d)*s^(-2)*(-6+d)^(-1)*(-4+d)^(-1)
;
  Wbox 3 7  4 2  1 1 2 -2
   1
    Wbox 2 5  2 0  1 0 1 0
     -1/2*s^(-2)*(-4+d)^(-1)*(80+28*s*d-8*mW^2*d^2+4*d^2-48*s+24*mW^2*t-28*mW^2*s*d+48*mW^4+4*mW^2*s*d^2+16*s*t+8*d*t-4*s*d^2+8*t^2-36*d+64*mW^2*d-8*mW^2*d*t+s^2*d^2-4*s*d*t+8*s^2+4*mW^4*d^2-40*t-28*mW^4*d+48*mW^2*s-120*mW^2-6*s^2*d)
;
  Wbox 3 7  4 3  1 1 2 -3
   1
    Wbox 3 7  4 3  1 2 1 -3
     1
    Wbox 3 7  4 3  2 1 1 -3
     1
    Wbox 3 7  4 0  1 2 1 0
     -(t-mW^2)^3
    Wbox 2 5  2 0  1 0 1 0
     -1/2*s^(-2)*(-4+d)^(-1)*(-320+24*d*t^3+96*mW^4*s*d^2+8*d^3-120*mW^2*d*t^2-228*s*d+192*mW^6+240*mW^2*d^2-12*mW^4*s*d^3-88*d^2+48*d*t^2+24*s*t^2+144*s-288*mW^2*t-24*mW^2*d^3+24*mW^2*s*d^2*t+480*mW^2*s*d-576*mW^4-24*s^2*d*t-192*mW^2*s*d^2-16*t^3+216*mW^4*s-12*s*d^3-96*s*t-168*d*t+144*mW^2*t^2+96*s*d^2-24*s*d^2*t+24*mW^2*s*d^3-96*t^2+304*d-744*mW^2*d+240*mW^2*d*t+96*mW^2*s*t-252*mW^4*s*d-6*mW^2*s^2*d^3-36*s^2*d^2+120*s*d*t-208*mW^6*d-8*s^3+24*mW^4*d^3-48*mW^2*d^2*t+48*mW^2*s^2+6*s^2*d^3-2*s^3*d+6*s^2*d^2*t+42*mW^2*s^2*d^2+24*d^2*t-216*mW^4*d^2+240*t+624*mW^4*d-96*mW^2*s*d*t-8*mW^6*d^3-84*mW^2*s^2*d+5*s^3*d^2+24*mW^2*d^2*t^2-384*mW^2*s+720*mW^2-8*d^2*t^3-s^3*d^3-24*s*d*t^2+48*s^2*d+72*mW^6*d^2)*(-2+d)^(-1)
;
  Wbox 3 7  5 0  3 1 1 0
   1
    Wbox 2 5  2 0  1 0 1 0
     s^(-3)*(15+d^2-8*d)
;
  Wbox 3 7  5 0  2 2 1 0
   1
    Wbox 3 7  4 0  1 2 1 0
     s^(-1)
    Wbox 2 5  2 0  1 0 1 0
     4*s^(-3)*(-3+d)
;
  Wbox 3 7  5 0  2 1 2 0
   1
    Wbox 3 7  4 0  1 2 1 0
     -s^(-1)
    Wbox 2 5  2 0  1 0 1 0
     2*s^(-3)*(21+d^2-10*d)
;
  Wbox 3 7  5 0  1 2 2 0
   1
    Wbox 3 7  4 0  1 2 1 0
     s^(-1)*(-5+d)
;
  Wbox 3 7  5 0  1 1 3 0
   1
    Wbox 2 5  4 0  1 0 3 0
     s^(-1)
    Wbox 2 5  4 0  2 0 2 0
     1/2*s^(-1)
;
  Wbox 3 7  5 0  1 1 3 0
   1
    Wbox 3 7  4 0  1 1 2 0
     1/2*s^(-1)*(-5+d)
;
  Wbox 3 7  5 1  3 1 1 -1
   1
    Wbox 3 7  4 0  2 1 1 0
     1/2*s^(-1)*(-1+t)
    Wbox 2 5  4 1  2 0 2 -1
     1/2*s^(-1)
    Wbox 2 5  4 1  3 0 1 -1
     s^(-1)
    Wbox 2 5  3 0  2 0 1 0
     -1/2*s^(-1)
;
  Wbox 3 7  5 1  2 2 1 -1
   1
    Wbox 3 7  4 1  1 1 2 -1
     s^(-1)
    Wbox 3 7  4 1  1 2 1 -1
     s^(-1)
    Wbox 3 7  4 1  2 1 1 -1
     s^(-1)
    Wbox 3 7  4 0  1 2 1 0
     s^(-1)*(-1+t)
    Wbox 3 7  3 0  1 1 1 0
     -s^(-1)
;
  Wbox 3 7  5 1  2 1 2 -1
   1
    Wbox 3 7  4 1  1 1 2 -1
     -s^(-1)
    Wbox 3 7  4 1  1 2 1 -1
     -s^(-1)
    Wbox 3 7  4 1  2 1 1 -1
     s^(-1)*(-5+d)
    Wbox 3 7  4 0  2 1 1 0
     (-1+mW^2)*s^(-1)
    Wbox 3 7  3 0  1 1 1 0
     s^(-1)
;
  Wbox 3 7  5 1  2 1 2 -1
   1
    Wbox 3 7  4 1  1 1 2 -1
     -s^(-1)
    Wbox 3 7  4 1  1 2 1 -1
     -s^(-1)
    Wbox 3 7  4 1  2 1 1 -1
     -s^(-1)
    Wbox 3 7  4 0  2 1 1 0
     s^(-1)*(-1+t)
    Wbox 3 7  3 0  1 1 1 0
     s^(-1)
    Wbox 2 5  4 1  2 0 2 -1
     s^(-1)
    Wbox 2 5  4 1  3 0 1 -1
     2*s^(-1)
    Wbox 2 5  3 0  2 0 1 0
     -s^(-1)
;
  Wbox 3 7  5 1  2 1 2 -1
   1
    Wbox 3 7  4 1  1 1 2 -1
     -s^(-1)
    Wbox 3 7  4 1  1 2 1 -1
     -s^(-1)
    Wbox 3 7  4 1  2 1 1 -1
     -s^(-1)
    Wbox 3 7  4 0  1 1 2 0
     s^(-1)*(-1+t)
    Wbox 3 7  3 0  1 1 1 0
     s^(-1)
    Wbox 2 5  4 1  1 0 3 -1
     2*s^(-1)
    Wbox 2 5  4 1  2 0 2 -1
     s^(-1)
    Wbox 2 5  3 0  1 0 2 0
     -s^(-1)
;
  Wbox 3 7  5 1  2 1 2 -1
   1
    Wbox 3 7  5 1  2 2 1 -1
     1
    Wbox 3 7  5 1  3 1 1 -1
     2
    Wbox 3 7  5 0  2 1 2 0
     -1+s+mW^2
    Wbox 3 7  5 0  2 2 1 0
     -t+mW^2
    Wbox 3 7  5 0  3 1 1 0
     -2+2*mW^2
    Wbox 3 7  4 0  1 1 2 0
     -1
    Wbox 3 7  4 0  1 2 1 0
     -1
    Wbox 3 7  4 0  2 1 1 0
     -2
;
  Wbox 3 7  5 1  1 2 2 -1
   1
    Wbox 3 7  4 1  1 2 1 -1
     s^(-1)*(-4+d)
    Wbox 3 7  4 0  1 2 1 0
     (-1+mW^2)*s^(-1)
;
  Wbox 3 7  5 1  1 2 2 -1
   1
    Wbox 3 7  4 1  1 1 2 -1
     s^(-1)
    Wbox 3 7  4 1  1 2 1 -1
     s^(-1)
    Wbox 3 7  4 1  2 1 1 -1
     s^(-1)
    Wbox 3 7  4 0  1 2 1 0
     s^(-1)*(-1+t)
    Wbox 3 7  3 0  1 1 1 0
     -s^(-1)
;
  Wbox 3 7  5 1  1 2 2 -1
   1
    Wbox 3 7  5 1  1 3 1 -1
     2
    Wbox 3 7  5 1  2 2 1 -1
     1
    Wbox 3 7  5 0  1 2 2 0
     -1+s+mW^2
    Wbox 3 7  5 0  1 3 1 0
     -2*t+2*mW^2
    Wbox 3 7  5 0  2 2 1 0
     -1+mW^2
    Wbox 3 7  4 0  1 2 1 0
     -1
;
  Wbox 3 7  5 1  1 1 3 -1
   1
    Wbox 3 7  4 0  1 1 2 0
     1/2*s^(-1)*(-1+t)
    Wbox 2 5  4 1  1 0 3 -1
     s^(-1)
    Wbox 2 5  4 1  2 0 2 -1
     1/2*s^(-1)
    Wbox 2 5  3 0  1 0 2 0
     -1/2*s^(-1)
;
  Wbox 3 7  5 1  1 1 3 -1
   1
    Wbox 3 7  4 1  1 1 2 -1
     1/2*s^(-1)*(-4+d)
    Wbox 3 7  4 0  1 1 2 0
     1/2*(-1+mW^2)*s^(-1)
;
  Wbox 3 7  5 1  1 1 3 -1
   1
    Wbox 3 7  5 1  1 2 2 -1
     1/2
    Wbox 3 7  5 1  2 1 2 -1
     1/2
    Wbox 3 7  5 0  1 1 3 0
     -1+s+mW^2
    Wbox 3 7  5 0  1 2 2 0
     -1/2*t+1/2*mW^2
    Wbox 3 7  5 0  2 1 2 0
     -1/2+1/2*mW^2
    Wbox 3 7  4 0  1 1 2 0
     -1/2
;
  Wbox 3 7  5 2  3 1 1 -2
   1
    Wbox 3 7  4 1  2 1 1 -1
     s^(-1)*(-1+t)
    Wbox 2 5  4 2  2 0 2 -2
     1/2*s^(-1)
    Wbox 2 5  4 2  3 0 1 -2
     s^(-1)
    Wbox 2 5  3 1  2 0 1 -1
     -s^(-1)
;
  Wbox 3 7  5 2  2 2 1 -2
   1
    Wbox 3 7  4 2  1 1 2 -2
     s^(-1)
    Wbox 3 7  4 2  1 2 1 -2
     s^(-1)
    Wbox 3 7  4 2  2 1 1 -2
     s^(-1)
    Wbox 3 7  4 1  1 2 1 -1
     2*s^(-1)*(-1+t)
    Wbox 3 7  3 1  1 1 1 -1
     -2*s^(-1)
;
  Wbox 3 7  5 2  2 1 2 -2
   1
    Wbox 3 7  4 2  1 1 2 -2
     -s^(-1)
    Wbox 3 7  4 2  1 2 1 -2
     -s^(-1)
    Wbox 3 7  4 2  2 1 1 -2
     s^(-1)*(-4+d)
    Wbox 3 7  4 1  2 1 1 -1
     2*(-1+mW^2)*s^(-1)
    Wbox 3 7  3 1  1 1 1 -1
     2*s^(-1)
;
  Wbox 3 7  5 2  2 1 2 -2
   1
    Wbox 3 7  4 2  1 1 2 -2
     -s^(-1)
    Wbox 3 7  4 2  1 2 1 -2
     -s^(-1)
    Wbox 3 7  4 2  2 1 1 -2
     -s^(-1)
    Wbox 3 7  4 1  2 1 1 -1
     2*s^(-1)*(-1+t)
    Wbox 3 7  3 1  1 1 1 -1
     2*s^(-1)
    Wbox 2 5  4 2  2 0 2 -2
     s^(-1)
    Wbox 2 5  4 2  3 0 1 -2
     2*s^(-1)
    Wbox 2 5  3 1  2 0 1 -1
     -2*s^(-1)
;
  Wbox 3 7  5 2  2 1 2 -2
   1
    Wbox 3 7  4 2  1 1 2 -2
     -s^(-1)
    Wbox 3 7  4 2  1 2 1 -2
     -s^(-1)
    Wbox 3 7  4 2  2 1 1 -2
     -s^(-1)
    Wbox 3 7  4 1  1 1 2 -1
     2*s^(-1)*(-1+t)
    Wbox 3 7  3 1  1 1 1 -1
     2*s^(-1)
    Wbox 2 5  4 2  1 0 3 -2
     2*s^(-1)
    Wbox 2 5  4 2  2 0 2 -2
     s^(-1)
    Wbox 2 5  3 1  1 0 2 -1
     -2*s^(-1)
;
  Wbox 3 7  5 2  2 1 2 -2
   1
    Wbox 3 7  5 2  2 2 1 -2
     1
    Wbox 3 7  5 2  3 1 1 -2
     2
    Wbox 3 7  5 1  2 1 2 -1
     -1+s+mW^2
    Wbox 3 7  5 1  2 2 1 -1
     -t+mW^2
    Wbox 3 7  5 1  3 1 1 -1
     -2+2*mW^2
    Wbox 3 7  4 1  1 1 2 -1
     -1
    Wbox 3 7  4 1  1 2 1 -1
     -1
    Wbox 3 7  4 1  2 1 1 -1
     -3
    Wbox 3 7  4 0  2 1 1 0
     -1-mW^2
    Wbox 3 7  3 0  1 1 1 0
     1
;
  Wbox 3 7  5 2  1 2 2 -2
   1
    Wbox 3 7  4 2  1 2 1 -2
     s^(-1)*(-3+d)
    Wbox 3 7  4 1  1 2 1 -1
     2*(-1+mW^2)*s^(-1)
;
  Wbox 3 7  5 2  1 2 2 -2
   1
    Wbox 3 7  4 2  1 1 2 -2
     s^(-1)
    Wbox 3 7  4 2  1 2 1 -2
     s^(-1)
    Wbox 3 7  4 2  2 1 1 -2
     s^(-1)
    Wbox 3 7  4 1  1 2 1 -1
     2*s^(-1)*(-1+t)
    Wbox 3 7  3 1  1 1 1 -1
     -2*s^(-1)
;
  Wbox 3 7  5 2  1 2 2 -2
   1
    Wbox 3 7  5 2  1 3 1 -2
     2
    Wbox 3 7  5 2  2 2 1 -2
     1
    Wbox 3 7  5 1  1 2 2 -1
     -1+s+mW^2
    Wbox 3 7  5 1  1 3 1 -1
     -2*t+2*mW^2
    Wbox 3 7  5 1  2 2 1 -1
     -1+mW^2
    Wbox 3 7  4 1  1 2 1 -1
     -2
    Wbox 3 7  4 0  1 2 1 0
     -1-mW^2
;
  Wbox 3 7  5 2  1 1 3 -2
   1
    Wbox 3 7  4 1  1 1 2 -1
     s^(-1)*(-1+t)
    Wbox 2 5  4 2  1 0 3 -2
     s^(-1)
    Wbox 2 5  4 2  2 0 2 -2
     1/2*s^(-1)
    Wbox 2 5  3 1  1 0 2 -1
     -s^(-1)
;
  Wbox 3 7  5 2  1 1 3 -2
   1
    Wbox 3 7  4 2  1 1 2 -2
     1/2*s^(-1)*(-3+d)
    Wbox 3 7  4 1  1 1 2 -1
     (-1+mW^2)*s^(-1)
;
  Wbox 3 7  5 2  1 1 3 -2
   1
    Wbox 3 7  5 2  1 2 2 -2
     1/2
    Wbox 3 7  5 2  2 1 2 -2
     1/2
    Wbox 3 7  5 1  1 1 3 -1
     -1+s+mW^2
    Wbox 3 7  5 1  1 2 2 -1
     -1/2*t+1/2*mW^2
    Wbox 3 7  5 1  2 1 2 -1
     -1/2+1/2*mW^2
    Wbox 3 7  4 1  1 1 2 -1
     -1
    Wbox 3 7  4 0  1 1 2 0
     -1/2-1/2*mW^2
;
  Wbox 3 7  5 3  2 1 2 -3
   1
    Wbox 3 7  5 3  2 2 1 -3
     1
    Wbox 3 7  5 3  3 1 1 -3
     2
    Wbox 3 7  5 2  2 1 2 -2
     -1+s+mW^2
    Wbox 3 7  5 2  2 2 1 -2
     -t+mW^2
    Wbox 3 7  5 2  3 1 1 -2
     -2+2*mW^2
    Wbox 3 7  4 2  1 1 2 -2
     -1
    Wbox 3 7  4 2  1 2 1 -2
     -1
    Wbox 3 7  4 2  2 1 1 -2
     -4
    Wbox 3 7  4 1  2 1 1 -1
     -2-2*mW^2
    Wbox 3 7  3 1  1 1 1 -1
     2
;
  Wbox 3 7  5 3  1 2 2 -3
   1
    Wbox 3 7  5 3  1 3 1 -3
     2
    Wbox 3 7  5 3  2 2 1 -3
     1
    Wbox 3 7  5 2  1 2 2 -2
     -1+s+mW^2
    Wbox 3 7  5 2  1 3 1 -2
     -2*t+2*mW^2
    Wbox 3 7  5 2  2 2 1 -2
     -1+mW^2
    Wbox 3 7  4 2  1 2 1 -2
     -3
    Wbox 3 7  4 1  1 2 1 -1
     -2-2*mW^2
;
  Wbox 3 7  5 3  1 1 3 -3
   1
    Wbox 3 7  5 3  1 2 2 -3
     1/2
    Wbox 3 7  5 3  2 1 2 -3
     1/2
    Wbox 3 7  5 2  1 1 3 -2
     -1+s+mW^2
    Wbox 3 7  5 2  1 2 2 -2
     -1/2*t+1/2*mW^2
    Wbox 3 7  5 2  2 1 2 -2
     -1/2+1/2*mW^2
    Wbox 3 7  4 2  1 1 2 -2
     -3/2
    Wbox 3 7  4 1  1 1 2 -1
     -1-mW^2
;
