  Zbox 1 1  1 1  1 -1 0 0
   1
;
  Zbox 1 1  1 1  1 0 -1 0
   1
    Zbox 1 1  1 0  1 0 0 0
     -s
;
  Zbox 1 1  1 1  1 0 0 -1
   1
    Zbox 1 1  1 0  1 0 0 0
     -2+mZ^2
;
  Zbox 1 1  1 2  1 -2 0 0
   1
;
  Zbox 1 1  1 2  1 -1 -1 0
   1
    Zbox 1 1  1 0  1 0 0 0
     -2*s*d^(-1)
;
  Zbox 1 1  1 2  1 -1 0 -1
   1
    Zbox 1 1  1 0  1 0 0 0
     2*(-1+t)*d^(-1)
;
  Zbox 1 1  1 2  1 0 -2 0
   1
    Zbox 1 1  1 0  1 0 0 0
     -(4*s+s^2*d)*d^(-1)
;
  Zbox 1 1  1 2  1 0 -1 -1
   1
    Zbox 1 1  1 0  1 0 0 0
     -d^(-1)*(2*s*d+2*s-s*mZ^2*d)
;
  Zbox 1 1  1 2  1 0 0 -2
   1
    Zbox 1 1  1 0  1 0 0 0
     -d^(-1)*(4+mZ^4*d+4*d-4*mZ^2*d)
;
  Zbox 1 1  2 0  2 0 0 0
   1
    Zbox 1 1  1 0  1 0 0 0
     1-1/2*d
;
  Zbox 1 1  2 1  2 -1 0 0
   1
    Zbox 1 1  1 0  1 0 0 0
     -1
;
  Zbox 1 1  2 1  2 0 -1 0
   1
    Zbox 1 1  1 0  1 0 0 0
     -1-1/2*s*d+s
;
  Zbox 1 1  2 1  2 0 0 -1
   1
    Zbox 1 1  1 0  1 0 0 0
     1-mZ^2-d+1/2*mZ^2*d
;
  Zbox 1 1  2 2  2 -2 0 0
   1
;
  Zbox 1 1  2 2  2 -1 -1 0
   1
    Zbox 1 1  1 0  1 0 0 0
     -2*s
;
  Zbox 1 1  2 2  2 -1 0 -1
   1
    Zbox 1 1  1 0  1 0 0 0
     -3+mZ^2+t
;
  Zbox 1 1  2 2  2 0 -2 0
   1
    Zbox 1 1  1 0  1 0 0 0
     -4*s+s^2-1/2*s^2*d
;
  Zbox 1 1  2 2  2 0 -1 -1
   1
    Zbox 1 1  1 0  1 0 0 0
     -2-s*d+mZ^2+1/2*s*mZ^2*d-s*mZ^2
;
  Zbox 1 1  2 2  2 0 0 -2
   1
    Zbox 1 1  1 0  1 0 0 0
     -2-2*mZ^2-1/2*mZ^4*d-2*d+2*mZ^2*d+mZ^4
;
  Zbox 1 1  2 3  2 -3 0 0
   1
    Zbox 1 1  1 2  1 -2 0 0
     -3
;
  Zbox 1 1  2 3  2 -2 -1 0
   1
    Zbox 1 1  1 2  1 -1 -1 0
     -2
    Zbox 1 1  1 2  1 -2 0 0
     -1
    Zbox 1 1  1 1  1 -1 0 0
     -s
;
  Zbox 1 1  2 3  2 -2 -1 0
   1
    Zbox 1 1  2 3  2 -3 0 0
     -1
    Zbox 1 1  2 2  2 -2 0 0
     -s
    Zbox 1 1  1 2  1 -1 -1 0
     -2
    Zbox 1 1  1 2  1 -2 0 0
     2
;
  Zbox 1 1  2 3  2 -2 0 -1
   1
    Zbox 1 1  1 2  1 -1 0 -1
     -2
    Zbox 1 1  1 2  1 -2 0 0
     -1
    Zbox 1 1  1 1  1 -1 0 0
     -1+t
;
  Zbox 1 1  2 3  2 -2 0 -1
   1
    Zbox 1 1  2 2  2 -2 0 0
     -2+mZ^2
    Zbox 1 1  1 2  1 -1 0 -1
     -2
    Zbox 1 1  1 2  1 -2 0 0
     -1
    Zbox 1 1  1 1  1 -1 0 0
     2-2*mZ^2+2*t
;
  Zbox 1 1  2 3  2 -1 -2 0
   1
    Zbox 1 1  1 2  1 0 -2 0
     -1
    Zbox 1 1  1 2  1 -1 -1 0
     -2
    Zbox 1 1  1 1  1 0 -1 0
     -2*s
;
  Zbox 1 1  2 3  2 -1 -2 0
   1
    Zbox 1 1  2 3  2 -2 -1 0
     -1
    Zbox 1 1  2 2  2 -1 -1 0
     -s
    Zbox 1 1  1 2  1 0 -2 0
     -1
    Zbox 1 1  1 2  1 -2 0 0
     1
;
  Zbox 1 1  2 3  2 -1 -1 -1
   1
    Zbox 1 1  1 2  1 0 -1 -1
     -1
    Zbox 1 1  1 2  1 -1 0 -1
     -1
    Zbox 1 1  1 2  1 -1 -1 0
     -1
    Zbox 1 1  1 1  1 0 0 -1
     -s
    Zbox 1 1  1 1  1 0 -1 0
     -1+t
;
  Zbox 1 1  2 3  2 -1 -1 -1
   1
    Zbox 1 1  2 2  2 -1 -1 0
     -2+mZ^2
    Zbox 1 1  1 2  1 0 -1 -1
     -1
    Zbox 1 1  1 2  1 -1 0 -1
     -1
    Zbox 1 1  1 2  1 -1 -1 0
     -1
    Zbox 1 1  1 1  1 0 -1 0
     1-mZ^2+t
    Zbox 1 1  1 1  1 -1 0 0
     2-s-mZ^2
;
  Zbox 1 1  2 3  2 -1 -1 -1
   1
    Zbox 1 1  2 3  2 -2 0 -1
     -1
    Zbox 1 1  2 2  2 -1 0 -1
     -s
    Zbox 1 1  1 2  1 0 -1 -1
     -1
    Zbox 1 1  1 2  1 -1 0 -1
     1
    Zbox 1 1  1 2  1 -1 -1 0
     -1
    Zbox 1 1  1 2  1 -2 0 0
     1
    Zbox 1 1  1 1  1 -1 0 0
     1-t
;
  Zbox 1 1  2 3  2 -1 0 -2
   1
    Zbox 1 1  1 2  1 0 0 -2
     -1
    Zbox 1 1  1 2  1 -1 0 -1
     -2
    Zbox 1 1  1 1  1 0 0 -1
     -2+2*t
;
  Zbox 1 1  2 3  2 -1 0 -2
   1
    Zbox 1 1  2 2  2 -1 0 -1
     -2+mZ^2
    Zbox 1 1  1 2  1 0 0 -2
     -1
    Zbox 1 1  1 2  1 -1 0 -1
     -2
    Zbox 1 1  1 1  1 0 0 -1
     1-mZ^2+t
    Zbox 1 1  1 1  1 -1 0 0
     -mZ^2
;
  Zbox 1 1  2 3  2 0 -3 0
   1
    Zbox 1 1  2 3  2 -1 -2 0
     -1
    Zbox 1 1  2 2  2 0 -2 0
     -s
    Zbox 1 1  1 2  1 0 -2 0
     -2
    Zbox 1 1  1 2  1 -1 -1 0
     2
;
  Zbox 1 1  2 3  2 0 -2 -1
   1
    Zbox 1 1  2 2  2 0 -2 0
     -2+mZ^2
    Zbox 1 1  1 2  1 0 -1 -1
     -2
    Zbox 1 1  1 2  1 0 -2 0
     -1
    Zbox 1 1  1 1  1 0 -1 0
     4-2*s-2*mZ^2
;
  Zbox 1 1  2 3  2 0 -2 -1
   1
    Zbox 1 1  2 3  2 -1 -1 -1
     -1
    Zbox 1 1  2 2  2 0 -1 -1
     -s
    Zbox 1 1  1 2  1 0 -1 -1
     -1
    Zbox 1 1  1 2  1 0 -2 0
     -1
    Zbox 1 1  1 2  1 -1 0 -1
     1
    Zbox 1 1  1 2  1 -1 -1 0
     1
    Zbox 1 1  1 1  1 0 -1 0
     1-t
;
  Zbox 1 1  2 3  2 0 -1 -2
   1
    Zbox 1 1  2 2  2 0 -1 -1
     -2+mZ^2
    Zbox 1 1  1 2  1 0 0 -2
     -1
    Zbox 1 1  1 2  1 0 -1 -1
     -2
    Zbox 1 1  1 1  1 0 0 -1
     2-s-mZ^2
    Zbox 1 1  1 1  1 0 -1 0
     -mZ^2
;
  Zbox 1 1  2 3  2 0 -1 -2
   1
    Zbox 1 1  2 3  2 -1 0 -2
     -1
    Zbox 1 1  2 2  2 0 0 -2
     -s
    Zbox 1 1  1 2  1 0 -1 -1
     -2
    Zbox 1 1  1 2  1 -1 0 -1
     2
    Zbox 1 1  1 1  1 0 0 -1
     2-2*t
;
  Zbox 1 1  2 3  2 0 0 -3
   1
    Zbox 1 1  2 2  2 0 0 -2
     -2+mZ^2
    Zbox 1 1  1 2  1 0 0 -2
     -3
    Zbox 1 1  1 1  1 0 0 -1
     -2*mZ^2
;
  Zbox 1 1  3 0  3 0 0 0
   1
    Zbox 1 1  1 0  1 0 0 0
     -1/8*(-4+d)*(-2+d)
;
  Zbox 1 1  3 1  3 -1 0 0
   1
    Zbox 1 1  1 0  1 0 0 0
     1-1/2*d
;
  Zbox 1 1  3 1  3 0 -1 0
   1
    Zbox 1 1  1 0  1 0 0 0
     1+3/4*s*d-s-1/8*s*d^2-1/2*d
;
  Zbox 1 1  3 1  3 0 0 -1
   1
    Zbox 1 1  1 0  1 0 0 0
     -1-1/4*d^2+mZ^2+d+1/8*mZ^2*d^2-3/4*mZ^2*d
;
  Zbox 1 1  3 2  3 -2 0 0
   1
    Zbox 1 1  1 0  1 0 0 0
     -1
;
  Zbox 1 1  3 2  3 -1 -1 0
   1
    Zbox 1 1  1 0  1 0 0 0
     -1-3/4*s*d+3/2*s
;
  Zbox 1 1  3 2  3 -1 0 -1
   1
    Zbox 1 1  1 0  1 0 0 0
     3/2-mZ^2+1/4*d*t-5/4*d-1/2*t+1/2*mZ^2*d
;
  Zbox 1 1  3 2  3 0 -2 0
   1
    Zbox 1 1  1 0  1 0 0 0
     -1-3/2*s*d+3*s-1/8*s^2*d^2-s^2+3/4*s^2*d
;
  Zbox 1 1  3 2  3 0 -1 -1
   1
    Zbox 1 1  1 0  1 0 0 0
     1+3/4*s*d-1/2*s-mZ^2-3/4*s*mZ^2*d+1/8*s*mZ^2*d^2-1/4*s*d^2-d+s*mZ^2+1/2*mZ^2*d
;
  Zbox 1 1  3 2  3 0 0 -2
   1
    Zbox 1 1  1 0  1 0 0 0
     -1/2*d^2+2*mZ^2-1/8*mZ^4*d^2+3/4*mZ^4*d+1/2*d+1/2*mZ^2*d^2-2*mZ^2*d-mZ^4
;
  Zbox 1 1  3 3  3 -3 0 0
   1
    Zbox 1 1  2 2  2 -2 0 0
     -2
    Zbox 1 1  1 1  1 -1 0 0
     1
;
  Zbox 1 1  3 3  3 -2 -1 0
   1
    Zbox 1 1  2 2  2 -1 -1 0
     -3/2
    Zbox 1 1  2 2  2 -2 0 0
     -1/2
    Zbox 1 1  2 1  2 -1 0 0
     -1/2*s
    Zbox 1 1  1 1  1 0 -1 0
     1/2
    Zbox 1 1  1 1  1 -1 0 0
     1/2
;
  Zbox 1 1  3 3  3 -2 -1 0
   1
    Zbox 1 1  3 3  3 -3 0 0
     -1
    Zbox 1 1  3 2  3 -2 0 0
     -s
    Zbox 1 1  2 2  2 -1 -1 0
     -1
    Zbox 1 1  2 2  2 -2 0 0
     1
;
  Zbox 1 1  3 3  3 -2 0 -1
   1
    Zbox 1 1  2 2  2 -1 0 -1
     -3/2
    Zbox 1 1  2 2  2 -2 0 0
     -1/2
    Zbox 1 1  2 1  2 -1 0 0
     -1/2+1/2*t
    Zbox 1 1  1 1  1 0 0 -1
     1/2
    Zbox 1 1  1 1  1 -1 0 0
     1/2
;
  Zbox 1 1  3 3  3 -2 0 -1
   1
    Zbox 1 1  3 2  3 -2 0 0
     -2+mZ^2
    Zbox 1 1  2 2  2 -1 0 -1
     -1
    Zbox 1 1  2 2  2 -2 0 0
     -1
    Zbox 1 1  2 1  2 -1 0 0
     1-mZ^2+t
    Zbox 1 1  1 1  1 -1 0 0
     1
;
  Zbox 1 1  3 3  3 -1 -2 0
   1
    Zbox 1 1  2 2  2 0 -2 0
     -1
    Zbox 1 1  2 2  2 -1 -1 0
     -1
    Zbox 1 1  2 1  2 0 -1 0
     -s
    Zbox 1 1  1 1  1 0 -1 0
     1
;
  Zbox 1 1  3 3  3 -1 -2 0
   1
    Zbox 1 1  3 3  3 -2 -1 0
     -1
    Zbox 1 1  3 2  3 -1 -1 0
     -s
    Zbox 1 1  2 2  2 0 -2 0
     -1/2
    Zbox 1 1  2 2  2 -2 0 0
     1/2
;
  Zbox 1 1  3 3  3 -1 -1 -1
   1
    Zbox 1 1  2 2  2 0 -1 -1
     -1
    Zbox 1 1  2 2  2 -1 0 -1
     -1/2
    Zbox 1 1  2 2  2 -1 -1 0
     -1/2
    Zbox 1 1  2 1  2 0 0 -1
     -1/2*s
    Zbox 1 1  2 1  2 0 -1 0
     -1/2+1/2*t
    Zbox 1 1  1 1  1 0 0 -1
     1/2
    Zbox 1 1  1 1  1 0 -1 0
     1/2
;
  Zbox 1 1  3 3  3 -1 -1 -1
   1
    Zbox 1 1  3 2  3 -1 -1 0
     -2+mZ^2
    Zbox 1 1  2 2  2 0 -1 -1
     -1/2
    Zbox 1 1  2 2  2 -1 0 -1
     -1/2
    Zbox 1 1  2 2  2 -1 -1 0
     -1
    Zbox 1 1  2 1  2 0 -1 0
     1/2-1/2*mZ^2+1/2*t
    Zbox 1 1  2 1  2 -1 0 0
     1-1/2*s-1/2*mZ^2
    Zbox 1 1  1 1  1 0 -1 0
     1/2
    Zbox 1 1  1 1  1 -1 0 0
     1/2
;
  Zbox 1 1  3 3  3 -1 -1 -1
   1
    Zbox 1 1  3 3  3 -2 0 -1
     -1
    Zbox 1 1  3 2  3 -1 0 -1
     -s
    Zbox 1 1  2 2  2 0 -1 -1
     -1/2
    Zbox 1 1  2 2  2 -1 0 -1
     1/2
    Zbox 1 1  2 2  2 -1 -1 0
     -1/2
    Zbox 1 1  2 2  2 -2 0 0
     1/2
    Zbox 1 1  2 1  2 -1 0 0
     1/2-1/2*t
;
  Zbox 1 1  3 3  3 -1 0 -2
   1
    Zbox 1 1  2 2  2 0 0 -2
     -1
    Zbox 1 1  2 2  2 -1 0 -1
     -1
    Zbox 1 1  2 1  2 0 0 -1
     -1+t
    Zbox 1 1  1 1  1 0 0 -1
     1
;
  Zbox 1 1  3 3  3 -1 0 -2
   1
    Zbox 1 1  3 2  3 -1 0 -1
     -2+mZ^2
    Zbox 1 1  2 2  2 0 0 -2
     -1/2
    Zbox 1 1  2 2  2 -1 0 -1
     -3/2
    Zbox 1 1  2 1  2 0 0 -1
     1/2-1/2*mZ^2+1/2*t
    Zbox 1 1  2 1  2 -1 0 0
     -1/2*mZ^2
    Zbox 1 1  1 1  1 0 0 -1
     1/2
    Zbox 1 1  1 1  1 -1 0 0
     1/2
;
  Zbox 1 1  3 3  3 0 -3 0
   1
    Zbox 1 1  3 3  3 -1 -2 0
     -1
    Zbox 1 1  3 2  3 0 -2 0
     -s
    Zbox 1 1  2 2  2 0 -2 0
     -1
    Zbox 1 1  2 2  2 -1 -1 0
     1
;
  Zbox 1 1  3 3  3 0 -2 -1
   1
    Zbox 1 1  3 2  3 0 -2 0
     -2+mZ^2
    Zbox 1 1  2 2  2 0 -1 -1
     -1
    Zbox 1 1  2 2  2 0 -2 0
     -1
    Zbox 1 1  2 1  2 0 -1 0
     2-s-mZ^2
    Zbox 1 1  1 1  1 0 -1 0
     1
;
  Zbox 1 1  3 3  3 0 -2 -1
   1
    Zbox 1 1  3 3  3 -1 -1 -1
     -1
    Zbox 1 1  3 2  3 0 -1 -1
     -s
    Zbox 1 1  2 2  2 0 -1 -1
     -1/2
    Zbox 1 1  2 2  2 0 -2 0
     -1/2
    Zbox 1 1  2 2  2 -1 0 -1
     1/2
    Zbox 1 1  2 2  2 -1 -1 0
     1/2
    Zbox 1 1  2 1  2 0 -1 0
     1/2-1/2*t
;
  Zbox 1 1  3 3  3 0 -1 -2
   1
    Zbox 1 1  3 2  3 0 -1 -1
     -2+mZ^2
    Zbox 1 1  2 2  2 0 0 -2
     -1/2
    Zbox 1 1  2 2  2 0 -1 -1
     -3/2
    Zbox 1 1  2 1  2 0 0 -1
     1-1/2*s-1/2*mZ^2
    Zbox 1 1  2 1  2 0 -1 0
     -1/2*mZ^2
    Zbox 1 1  1 1  1 0 0 -1
     1/2
    Zbox 1 1  1 1  1 0 -1 0
     1/2
;
  Zbox 1 1  3 3  3 0 -1 -2
   1
    Zbox 1 1  3 3  3 -1 0 -2
     -1
    Zbox 1 1  3 2  3 0 0 -2
     -s
    Zbox 1 1  2 2  2 0 -1 -1
     -1
    Zbox 1 1  2 2  2 -1 0 -1
     1
    Zbox 1 1  2 1  2 0 0 -1
     1-t
;
  Zbox 1 1  3 3  3 0 0 -3
   1
    Zbox 1 1  3 2  3 0 0 -2
     -2+mZ^2
    Zbox 1 1  2 2  2 0 0 -2
     -2
    Zbox 1 1  2 1  2 0 0 -1
     -mZ^2
    Zbox 1 1  1 1  1 0 0 -1
     1
;
  Zbox 1 1  4 0  4 0 0 0
   1
    Zbox 1 1  1 0  1 0 0 0
     -1/48*(-6+d)*(-4+d)*(-2+d)
;
  Zbox 1 1  4 1  4 -1 0 0
   1
    Zbox 1 1  1 0  1 0 0 0
     -1/8*(-4+d)*(-2+d)
;
  Zbox 1 1  4 1  4 0 -1 0
   1
    Zbox 1 1  1 0  1 0 0 0
     -1-11/12*s*d-1/8*d^2+s-1/48*s*d^3+1/4*s*d^2+3/4*d
;
  Zbox 1 1  4 1  4 0 0 -1
   1
    Zbox 1 1  1 0  1 0 0 0
     1-1/24*d^3+3/8*d^2-mZ^2-13/12*d-1/4*mZ^2*d^2+1/48*mZ^2*d^3+11/12*mZ^2*d
;
  Zbox 1 1  4 2  4 -2 0 0
   1
    Zbox 1 1  1 0  1 0 0 0
     1-1/2*d
;
  Zbox 1 1  4 2  4 -1 -1 0
   1
    Zbox 1 1  1 0  1 0 0 0
     1+s*d-4/3*s-1/6*s*d^2-1/2*d
;
  Zbox 1 1  4 2  4 -1 0 -1
   1
    Zbox 1 1  1 0  1 0 0 0
     -4/3-7/24*d^2+mZ^2-1/4*d*t+5/4*d+1/8*mZ^2*d^2+1/24*d^2*t+1/3*t-3/4*mZ^2*d
;
  Zbox 1 1  4 2  4 0 -2 0
   1
    Zbox 1 1  1 0  1 0 0 0
     1+2*s*d-8/3*s-1/3*s*d^2-1/2*d+1/4*s^2*d^2+s^2-1/48*s^2*d^3-11/12*s^2*d
;
  Zbox 1 1  4 2  4 0 -1 -1
   1
    Zbox 1 1  1 0  1 0 0 0
     -1-5/6*s*d-1/4*d^2+2/3*s+mZ^2+11/12*s*mZ^2*d-1/4*s*mZ^2*d^2-1/24*s*d^3+1/3*s*d^2+d+1/48*s*mZ^2*d^3-s*mZ^2+1/8*mZ^2*d^2-3/4*mZ^2*d
;
  Zbox 1 1  4 2  4 0 0 -2
   1
    Zbox 1 1  1 0  1 0 0 0
     1/3-1/12*d^3-1/48*mZ^4*d^3+5/12*d^2-2*mZ^2+1/4*mZ^4*d^2-11/12*mZ^4*d-2/3*d-3/4*mZ^2*d^2+1/12*mZ^2*d^3+13/6*mZ^2*d+mZ^4
;
  Zbox 1 1  4 3  4 -3 0 0
   1
    Zbox 1 1  3 2  3 -2 0 0
     -5/3
    Zbox 1 1  2 1  2 -1 0 0
     2/3
;
  Zbox 1 1  4 3  4 -2 -1 0
   1
    Zbox 1 1  3 2  3 -1 -1 0
     -4/3
    Zbox 1 1  3 2  3 -2 0 0
     -1/3
    Zbox 1 1  3 1  3 -1 0 0
     -1/3*s
    Zbox 1 1  2 1  2 0 -1 0
     1/3
    Zbox 1 1  2 1  2 -1 0 0
     1/3
;
  Zbox 1 1  4 3  4 -2 -1 0
   1
    Zbox 1 1  4 3  4 -3 0 0
     -1
    Zbox 1 1  4 2  4 -2 0 0
     -s
    Zbox 1 1  3 2  3 -1 -1 0
     -2/3
    Zbox 1 1  3 2  3 -2 0 0
     2/3
;
  Zbox 1 1  4 3  4 -2 0 -1
   1
    Zbox 1 1  3 2  3 -1 0 -1
     -4/3
    Zbox 1 1  3 2  3 -2 0 0
     -1/3
    Zbox 1 1  3 1  3 -1 0 0
     -1/3+1/3*t
    Zbox 1 1  2 1  2 0 0 -1
     1/3
    Zbox 1 1  2 1  2 -1 0 0
     1/3
;
  Zbox 1 1  4 3  4 -2 0 -1
   1
    Zbox 1 1  4 2  4 -2 0 0
     -2+mZ^2
    Zbox 1 1  3 2  3 -1 0 -1
     -2/3
    Zbox 1 1  3 2  3 -2 0 0
     -1
    Zbox 1 1  3 1  3 -1 0 0
     2/3-2/3*mZ^2+2/3*t
    Zbox 1 1  2 1  2 -1 0 0
     2/3
;
  Zbox 1 1  4 3  4 -1 -2 0
   1
    Zbox 1 1  3 2  3 0 -2 0
     -1
    Zbox 1 1  3 2  3 -1 -1 0
     -2/3
    Zbox 1 1  3 1  3 0 -1 0
     -2/3*s
    Zbox 1 1  2 1  2 0 -1 0
     2/3
;
  Zbox 1 1  4 3  4 -1 -2 0
   1
    Zbox 1 1  4 3  4 -2 -1 0
     -1
    Zbox 1 1  4 2  4 -1 -1 0
     -s
    Zbox 1 1  3 2  3 0 -2 0
     -1/3
    Zbox 1 1  3 2  3 -2 0 0
     1/3
;
  Zbox 1 1  4 3  4 -1 -1 -1
   1
    Zbox 1 1  3 2  3 0 -1 -1
     -1
    Zbox 1 1  3 2  3 -1 0 -1
     -1/3
    Zbox 1 1  3 2  3 -1 -1 0
     -1/3
    Zbox 1 1  3 1  3 0 0 -1
     -1/3*s
    Zbox 1 1  3 1  3 0 -1 0
     -1/3+1/3*t
    Zbox 1 1  2 1  2 0 0 -1
     1/3
    Zbox 1 1  2 1  2 0 -1 0
     1/3
;
  Zbox 1 1  4 3  4 -1 -1 -1
   1
    Zbox 1 1  4 2  4 -1 -1 0
     -2+mZ^2
    Zbox 1 1  3 2  3 0 -1 -1
     -1/3
    Zbox 1 1  3 2  3 -1 0 -1
     -1/3
    Zbox 1 1  3 2  3 -1 -1 0
     -1
    Zbox 1 1  3 1  3 0 -1 0
     1/3-1/3*mZ^2+1/3*t
    Zbox 1 1  3 1  3 -1 0 0
     2/3-1/3*s-1/3*mZ^2
    Zbox 1 1  2 1  2 0 -1 0
     1/3
    Zbox 1 1  2 1  2 -1 0 0
     1/3
;
  Zbox 1 1  4 3  4 -1 -1 -1
   1
    Zbox 1 1  4 3  4 -2 0 -1
     -1
    Zbox 1 1  4 2  4 -1 0 -1
     -s
    Zbox 1 1  3 2  3 0 -1 -1
     -1/3
    Zbox 1 1  3 2  3 -1 0 -1
     1/3
    Zbox 1 1  3 2  3 -1 -1 0
     -1/3
    Zbox 1 1  3 2  3 -2 0 0
     1/3
    Zbox 1 1  3 1  3 -1 0 0
     1/3-1/3*t
;
  Zbox 1 1  4 3  4 -1 0 -2
   1
    Zbox 1 1  3 2  3 0 0 -2
     -1
    Zbox 1 1  3 2  3 -1 0 -1
     -2/3
    Zbox 1 1  3 1  3 0 0 -1
     -2/3+2/3*t
    Zbox 1 1  2 1  2 0 0 -1
     2/3
;
  Zbox 1 1  4 3  4 -1 0 -2
   1
    Zbox 1 1  4 2  4 -1 0 -1
     -2+mZ^2
    Zbox 1 1  3 2  3 0 0 -2
     -1/3
    Zbox 1 1  3 2  3 -1 0 -1
     -4/3
    Zbox 1 1  3 1  3 0 0 -1
     1/3-1/3*mZ^2+1/3*t
    Zbox 1 1  3 1  3 -1 0 0
     -1/3*mZ^2
    Zbox 1 1  2 1  2 0 0 -1
     1/3
    Zbox 1 1  2 1  2 -1 0 0
     1/3
;
  Zbox 1 1  4 3  4 0 -3 0
   1
    Zbox 1 1  4 3  4 -1 -2 0
     -1
    Zbox 1 1  4 2  4 0 -2 0
     -s
    Zbox 1 1  3 2  3 0 -2 0
     -2/3
    Zbox 1 1  3 2  3 -1 -1 0
     2/3
;
  Zbox 1 1  4 3  4 0 -2 -1
   1
    Zbox 1 1  4 2  4 0 -2 0
     -2+mZ^2
    Zbox 1 1  3 2  3 0 -1 -1
     -2/3
    Zbox 1 1  3 2  3 0 -2 0
     -1
    Zbox 1 1  3 1  3 0 -1 0
     4/3-2/3*s-2/3*mZ^2
    Zbox 1 1  2 1  2 0 -1 0
     2/3
;
  Zbox 1 1  4 3  4 0 -2 -1
   1
    Zbox 1 1  4 3  4 -1 -1 -1
     -1
    Zbox 1 1  4 2  4 0 -1 -1
     -s
    Zbox 1 1  3 2  3 0 -1 -1
     -1/3
    Zbox 1 1  3 2  3 0 -2 0
     -1/3
    Zbox 1 1  3 2  3 -1 0 -1
     1/3
    Zbox 1 1  3 2  3 -1 -1 0
     1/3
    Zbox 1 1  3 1  3 0 -1 0
     1/3-1/3*t
;
  Zbox 1 1  4 3  4 0 -1 -2
   1
    Zbox 1 1  4 2  4 0 -1 -1
     -2+mZ^2
    Zbox 1 1  3 2  3 0 0 -2
     -1/3
    Zbox 1 1  3 2  3 0 -1 -1
     -4/3
    Zbox 1 1  3 1  3 0 0 -1
     2/3-1/3*s-1/3*mZ^2
    Zbox 1 1  3 1  3 0 -1 0
     -1/3*mZ^2
    Zbox 1 1  2 1  2 0 0 -1
     1/3
    Zbox 1 1  2 1  2 0 -1 0
     1/3
;
  Zbox 1 1  4 3  4 0 -1 -2
   1
    Zbox 1 1  4 3  4 -1 0 -2
     -1
    Zbox 1 1  4 2  4 0 0 -2
     -s
    Zbox 1 1  3 2  3 0 -1 -1
     -2/3
    Zbox 1 1  3 2  3 -1 0 -1
     2/3
    Zbox 1 1  3 1  3 0 0 -1
     2/3-2/3*t
;
  Zbox 1 1  4 3  4 0 0 -3
   1
    Zbox 1 1  4 2  4 0 0 -2
     -2+mZ^2
    Zbox 1 1  3 2  3 0 0 -2
     -5/3
    Zbox 1 1  3 1  3 0 0 -1
     -2/3*mZ^2
    Zbox 1 1  2 1  2 0 0 -1
     2/3
;
  Zbox 1 1  5 0  5 0 0 0
   1
    Zbox 1 1  4 0  4 0 0 0
     1-1/8*d
;
  Zbox 1 1  5 1  5 -1 0 0
   1
    Zbox 1 1  4 0  4 0 0 0
     -1
;
  Zbox 1 1  5 1  5 -1 0 0
   1
    Zbox 1 1  4 1  4 -1 0 0
     7/8-1/8*d
    Zbox 1 1  4 0  4 0 0 0
     -1/4
    Zbox 1 1  3 0  3 0 0 0
     -1/8
;
  Zbox 1 1  5 1  5 0 -1 0
   1
    Zbox 1 1  4 1  4 0 -1 0
     7/8-1/8*d
    Zbox 1 1  4 0  4 0 0 0
     -1/4+1/8*s
    Zbox 1 1  3 0  3 0 0 0
     -1/8
;
  Zbox 1 1  5 1  5 0 -1 0
   1
    Zbox 1 1  5 1  5 -1 0 0
     -1
    Zbox 1 1  5 0  5 0 0 0
     -s
;
  Zbox 1 1  5 1  5 0 0 -1
   1
    Zbox 1 1  4 1  4 0 0 -1
     7/8-1/8*d
    Zbox 1 1  4 0  4 0 0 0
     -1/8*mZ^2
    Zbox 1 1  3 0  3 0 0 0
     -1/8
;
  Zbox 1 1  5 1  5 0 0 -1
   1
    Zbox 1 1  5 0  5 0 0 0
     -2+mZ^2
    Zbox 1 1  4 0  4 0 0 0
     -1
;
  Zbox 1 1  5 2  5 -2 0 0
   1
    Zbox 1 1  4 1  4 -1 0 0
     -5/4
    Zbox 1 1  3 0  3 0 0 0
     1/4
;
  Zbox 1 1  5 2  5 -2 0 0
   1
    Zbox 1 1  4 2  4 -2 0 0
     3/4-1/8*d
    Zbox 1 1  4 1  4 -1 0 0
     -1/2
    Zbox 1 1  3 1  3 -1 0 0
     -1/4
;
  Zbox 1 1  5 2  5 -1 -1 0
   1
    Zbox 1 1  4 1  4 0 -1 0
     -1
    Zbox 1 1  4 1  4 -1 0 0
     -1/4
    Zbox 1 1  4 0  4 0 0 0
     -1/4*s
    Zbox 1 1  3 0  3 0 0 0
     1/4
;
  Zbox 1 1  5 2  5 -1 -1 0
   1
    Zbox 1 1  4 2  4 -1 -1 0
     3/4-1/8*d
    Zbox 1 1  4 1  4 0 -1 0
     -1/4
    Zbox 1 1  4 1  4 -1 0 0
     -1/4+1/8*s
    Zbox 1 1  3 1  3 0 -1 0
     -1/8
    Zbox 1 1  3 1  3 -1 0 0
     -1/8
;
  Zbox 1 1  5 2  5 -1 -1 0
   1
    Zbox 1 1  5 2  5 -2 0 0
     -1
    Zbox 1 1  5 1  5 -1 0 0
     -s
    Zbox 1 1  4 1  4 0 -1 0
     -1/4
    Zbox 1 1  4 1  4 -1 0 0
     1/4
;
  Zbox 1 1  5 2  5 -1 0 -1
   1
    Zbox 1 1  4 1  4 0 0 -1
     -1
    Zbox 1 1  4 1  4 -1 0 0
     -1/4
    Zbox 1 1  4 0  4 0 0 0
     -1/4+1/4*t
    Zbox 1 1  3 0  3 0 0 0
     1/4
;
  Zbox 1 1  5 2  5 -1 0 -1
   1
    Zbox 1 1  4 2  4 -1 0 -1
     3/4-1/8*d
    Zbox 1 1  4 1  4 0 0 -1
     -1/4
    Zbox 1 1  4 1  4 -1 0 0
     -1/8*mZ^2
    Zbox 1 1  3 1  3 0 0 -1
     -1/8
    Zbox 1 1  3 1  3 -1 0 0
     -1/8
;
  Zbox 1 1  5 2  5 -1 0 -1
   1
    Zbox 1 1  5 1  5 -1 0 0
     -2+mZ^2
    Zbox 1 1  4 1  4 0 0 -1
     -1/4
    Zbox 1 1  4 1  4 -1 0 0
     -1
    Zbox 1 1  4 0  4 0 0 0
     1/4-1/4*mZ^2+1/4*t
    Zbox 1 1  3 0  3 0 0 0
     1/4
;
  Zbox 1 1  5 2  5 0 -2 0
   1
    Zbox 1 1  4 2  4 0 -2 0
     3/4-1/8*d
    Zbox 1 1  4 1  4 0 -1 0
     -1/2+1/4*s
    Zbox 1 1  3 1  3 0 -1 0
     -1/4
;
  Zbox 1 1  5 2  5 0 -2 0
   1
    Zbox 1 1  5 2  5 -1 -1 0
     -1
    Zbox 1 1  5 1  5 0 -1 0
     -s
    Zbox 1 1  4 1  4 0 -1 0
     -1/4
    Zbox 1 1  4 1  4 -1 0 0
     1/4
;
  Zbox 1 1  5 2  5 0 -1 -1
   1
    Zbox 1 1  4 2  4 0 -1 -1
     3/4-1/8*d
    Zbox 1 1  4 1  4 0 0 -1
     -1/4+1/8*s
    Zbox 1 1  4 1  4 0 -1 0
     -1/8*mZ^2
    Zbox 1 1  3 1  3 0 0 -1
     -1/8
    Zbox 1 1  3 1  3 0 -1 0
     -1/8
;
  Zbox 1 1  5 2  5 0 -1 -1
   1
    Zbox 1 1  5 1  5 0 -1 0
     -2+mZ^2
    Zbox 1 1  4 1  4 0 0 -1
     -1/4
    Zbox 1 1  4 1  4 0 -1 0
     -1
    Zbox 1 1  4 0  4 0 0 0
     1/2-1/4*s-1/4*mZ^2
    Zbox 1 1  3 0  3 0 0 0
     1/4
;
  Zbox 1 1  5 2  5 0 -1 -1
   1
    Zbox 1 1  5 2  5 -1 0 -1
     -1
    Zbox 1 1  5 1  5 0 0 -1
     -s
    Zbox 1 1  4 1  4 0 -1 0
     -1/4
    Zbox 1 1  4 1  4 -1 0 0
     1/4
    Zbox 1 1  4 0  4 0 0 0
     1/4-1/4*t
;
  Zbox 1 1  5 2  5 0 0 -2
   1
    Zbox 1 1  4 2  4 0 0 -2
     3/4-1/8*d
    Zbox 1 1  4 1  4 0 0 -1
     -1/4*mZ^2
    Zbox 1 1  3 1  3 0 0 -1
     -1/4
;
  Zbox 1 1  5 2  5 0 0 -2
   1
    Zbox 1 1  5 1  5 0 0 -1
     -2+mZ^2
    Zbox 1 1  4 1  4 0 0 -1
     -5/4
    Zbox 1 1  4 0  4 0 0 0
     -1/4*mZ^2
    Zbox 1 1  3 0  3 0 0 0
     1/4
;
  Zbox 1 1  5 3  5 -3 0 0
   1
    Zbox 1 1  4 2  4 -2 0 0
     -3/2
    Zbox 1 1  3 1  3 -1 0 0
     1/2
;
  Zbox 1 1  5 3  5 -2 -1 0
   1
    Zbox 1 1  4 2  4 -1 -1 0
     -5/4
    Zbox 1 1  4 2  4 -2 0 0
     -1/4
    Zbox 1 1  4 1  4 -1 0 0
     -1/4*s
    Zbox 1 1  3 1  3 0 -1 0
     1/4
    Zbox 1 1  3 1  3 -1 0 0
     1/4
;
  Zbox 1 1  5 3  5 -2 -1 0
   1
    Zbox 1 1  5 3  5 -3 0 0
     -1
    Zbox 1 1  5 2  5 -2 0 0
     -s
    Zbox 1 1  4 2  4 -1 -1 0
     -1/2
    Zbox 1 1  4 2  4 -2 0 0
     1/2
;
  Zbox 1 1  5 3  5 -2 0 -1
   1
    Zbox 1 1  4 2  4 -1 0 -1
     -5/4
    Zbox 1 1  4 2  4 -2 0 0
     -1/4
    Zbox 1 1  4 1  4 -1 0 0
     -1/4+1/4*t
    Zbox 1 1  3 1  3 0 0 -1
     1/4
    Zbox 1 1  3 1  3 -1 0 0
     1/4
;
  Zbox 1 1  5 3  5 -2 0 -1
   1
    Zbox 1 1  5 2  5 -2 0 0
     -2+mZ^2
    Zbox 1 1  4 2  4 -1 0 -1
     -1/2
    Zbox 1 1  4 2  4 -2 0 0
     -1
    Zbox 1 1  4 1  4 -1 0 0
     1/2-1/2*mZ^2+1/2*t
    Zbox 1 1  3 1  3 -1 0 0
     1/2
;
  Zbox 1 1  5 3  5 -1 -2 0
   1
    Zbox 1 1  4 2  4 0 -2 0
     -1
    Zbox 1 1  4 2  4 -1 -1 0
     -1/2
    Zbox 1 1  4 1  4 0 -1 0
     -1/2*s
    Zbox 1 1  3 1  3 0 -1 0
     1/2
;
  Zbox 1 1  5 3  5 -1 -2 0
   1
    Zbox 1 1  5 3  5 -2 -1 0
     -1
    Zbox 1 1  5 2  5 -1 -1 0
     -s
    Zbox 1 1  4 2  4 0 -2 0
     -1/4
    Zbox 1 1  4 2  4 -2 0 0
     1/4
;
  Zbox 1 1  5 3  5 -1 -1 -1
   1
    Zbox 1 1  4 2  4 0 -1 -1
     -1
    Zbox 1 1  4 2  4 -1 0 -1
     -1/4
    Zbox 1 1  4 2  4 -1 -1 0
     -1/4
    Zbox 1 1  4 1  4 0 0 -1
     -1/4*s
    Zbox 1 1  4 1  4 0 -1 0
     -1/4+1/4*t
    Zbox 1 1  3 1  3 0 0 -1
     1/4
    Zbox 1 1  3 1  3 0 -1 0
     1/4
;
  Zbox 1 1  5 3  5 -1 -1 -1
   1
    Zbox 1 1  5 2  5 -1 -1 0
     -2+mZ^2
    Zbox 1 1  4 2  4 0 -1 -1
     -1/4
    Zbox 1 1  4 2  4 -1 0 -1
     -1/4
    Zbox 1 1  4 2  4 -1 -1 0
     -1
    Zbox 1 1  4 1  4 0 -1 0
     1/4-1/4*mZ^2+1/4*t
    Zbox 1 1  4 1  4 -1 0 0
     1/2-1/4*s-1/4*mZ^2
    Zbox 1 1  3 1  3 0 -1 0
     1/4
    Zbox 1 1  3 1  3 -1 0 0
     1/4
;
  Zbox 1 1  5 3  5 -1 -1 -1
   1
    Zbox 1 1  5 3  5 -2 0 -1
     -1
    Zbox 1 1  5 2  5 -1 0 -1
     -s
    Zbox 1 1  4 2  4 0 -1 -1
     -1/4
    Zbox 1 1  4 2  4 -1 0 -1
     1/4
    Zbox 1 1  4 2  4 -1 -1 0
     -1/4
    Zbox 1 1  4 2  4 -2 0 0
     1/4
    Zbox 1 1  4 1  4 -1 0 0
     1/4-1/4*t
;
  Zbox 1 1  5 3  5 -1 0 -2
   1
    Zbox 1 1  4 2  4 0 0 -2
     -1
    Zbox 1 1  4 2  4 -1 0 -1
     -1/2
    Zbox 1 1  4 1  4 0 0 -1
     -1/2+1/2*t
    Zbox 1 1  3 1  3 0 0 -1
     1/2
;
  Zbox 1 1  5 3  5 -1 0 -2
   1
    Zbox 1 1  5 2  5 -1 0 -1
     -2+mZ^2
    Zbox 1 1  4 2  4 0 0 -2
     -1/4
    Zbox 1 1  4 2  4 -1 0 -1
     -5/4
    Zbox 1 1  4 1  4 0 0 -1
     1/4-1/4*mZ^2+1/4*t
    Zbox 1 1  4 1  4 -1 0 0
     -1/4*mZ^2
    Zbox 1 1  3 1  3 0 0 -1
     1/4
    Zbox 1 1  3 1  3 -1 0 0
     1/4
;
  Zbox 1 1  5 3  5 0 -3 0
   1
    Zbox 1 1  5 3  5 -1 -2 0
     -1
    Zbox 1 1  5 2  5 0 -2 0
     -s
    Zbox 1 1  4 2  4 0 -2 0
     -1/2
    Zbox 1 1  4 2  4 -1 -1 0
     1/2
;
  Zbox 1 1  5 3  5 0 -2 -1
   1
    Zbox 1 1  5 2  5 0 -2 0
     -2+mZ^2
    Zbox 1 1  4 2  4 0 -1 -1
     -1/2
    Zbox 1 1  4 2  4 0 -2 0
     -1
    Zbox 1 1  4 1  4 0 -1 0
     1-1/2*s-1/2*mZ^2
    Zbox 1 1  3 1  3 0 -1 0
     1/2
;
  Zbox 1 1  5 3  5 0 -2 -1
   1
    Zbox 1 1  5 3  5 -1 -1 -1
     -1
    Zbox 1 1  5 2  5 0 -1 -1
     -s
    Zbox 1 1  4 2  4 0 -1 -1
     -1/4
    Zbox 1 1  4 2  4 0 -2 0
     -1/4
    Zbox 1 1  4 2  4 -1 0 -1
     1/4
    Zbox 1 1  4 2  4 -1 -1 0
     1/4
    Zbox 1 1  4 1  4 0 -1 0
     1/4-1/4*t
;
  Zbox 1 1  5 3  5 0 -1 -2
   1
    Zbox 1 1  5 2  5 0 -1 -1
     -2+mZ^2
    Zbox 1 1  4 2  4 0 0 -2
     -1/4
    Zbox 1 1  4 2  4 0 -1 -1
     -5/4
    Zbox 1 1  4 1  4 0 0 -1
     1/2-1/4*s-1/4*mZ^2
    Zbox 1 1  4 1  4 0 -1 0
     -1/4*mZ^2
    Zbox 1 1  3 1  3 0 0 -1
     1/4
    Zbox 1 1  3 1  3 0 -1 0
     1/4
;
  Zbox 1 1  5 3  5 0 -1 -2
   1
    Zbox 1 1  5 3  5 -1 0 -2
     -1
    Zbox 1 1  5 2  5 0 0 -2
     -s
    Zbox 1 1  4 2  4 0 -1 -1
     -1/2
    Zbox 1 1  4 2  4 -1 0 -1
     1/2
    Zbox 1 1  4 1  4 0 0 -1
     1/2-1/2*t
;
  Zbox 1 1  5 3  5 0 0 -3
   1
    Zbox 1 1  5 2  5 0 0 -2
     -2+mZ^2
    Zbox 1 1  4 2  4 0 0 -2
     -3/2
    Zbox 1 1  4 1  4 0 0 -1
     -1/2*mZ^2
    Zbox 1 1  3 1  3 0 0 -1
     1/2
;
