  Wbox 2 10  2 1  -1 1 0 1
   1
    Wbox 2 10  2 0  0 1 0 1
     1/2*(t-mW^2)*(-1+t)*t^(-1)
    Wbox 1 8  1 0  0 0 0 1
     -1/2*(1+t)*t^(-1)
;
  Wbox 2 10  2 1  0 1 -1 1
   1
    Wbox 2 10  2 0  0 1 0 1
     -1/2*(mW^2*t-t^2+t-mW^2)*t^(-1)
    Wbox 1 8  1 0  0 0 0 1
     -1/2*(1+t)*t^(-1)
;
  Wbox 2 10  2 2  -2 1 0 1
   1
    Wbox 2 10  2 0  0 1 0 1
     -1/4*(t-mW^2)*(d*t^3-mW^2*d*t^2-2*d*t^2+d*t-mW^2*d+2*mW^2*d*t)*(d*t-t)^(-1)*t^(-1)
    Wbox 1 8  1 0  0 0 0 1
     1/4*(d*t-t)^(-1)*(d*t^3-3*mW^2*d*t^2-2*d*t^2-3*d*t+4*mW^2*t^2+mW^2*d-2*mW^2*d*t+4*t)*t^(-1)
;
  Wbox 2 10  2 2  -1 1 -1 1
   1
    Wbox 2 10  2 0  0 1 0 1
     1/4*(-1+d)^(-1)*(2*d*t^3-2*s*t^3+4*mW^2*s*t^2-4*mW^2*d*t^2+2*mW^2*d*t^3-d*t^2+2*mW^4*d*t-2*mW^4*s*t-mW^4*d*t^2+2*mW^2*d*t-mW^4*d-d*t^4)*t^(-2)
    Wbox 1 8  1 0  0 0 0 1
     1/4*(-1+d)^(-1)*(d*t^3-3*mW^2*d*t^2-2*d*t^2+2*s*t^2-3*d*t+4*mW^2*t^2+mW^2*d-2*mW^2*d*t+2*mW^2*s*t+4*t)*t^(-2)
;
  Wbox 2 10  2 2  0 1 -2 1
   1
    Wbox 2 10  2 0  0 1 0 1
     1/4*(-1+d)^(-1)*t^(-2)*(2*d*t^3-4*mW^2*d*t^2+2*mW^2*d*t^3-d*t^2+2*mW^4*d*t-mW^4*d*t^2+2*mW^2*d*t-mW^4*d-d*t^4)
    Wbox 1 8  1 0  0 0 0 1
     1/4*(-1+d)^(-1)*(d*t^3-3*mW^2*d*t^2-2*d*t^2-3*d*t+4*mW^2*t^2+mW^2*d-2*mW^2*d*t+4*t)*t^(-2)
;
  Wbox 2 10  3 0  0 2 0 1
   1
    Wbox 2 10  2 0  0 1 0 1
     (t-mW^2)^(-2)*(d*t+mW^2*d-3*t-3*mW^2)
    Wbox 1 8  1 0  0 0 0 1
     -(t-mW^2)^(-2)*(-2+d)
;
  Wbox 2 10  3 0  0 1 0 2
   1
    Wbox 2 10  2 0  0 1 0 1
     (t-mW^2)^(-1)*(-3+d)
    Wbox 1 8  1 0  0 0 0 1
     -1/2*mW^(-2)*(t-mW^2)^(-1)*(-2+d)
;
  Wbox 2 10  3 1  -1 2 0 1
   1
    Wbox 2 10  2 0  0 1 0 1
     -1/2*(t-mW^2)^(-1)*(d*t^2-4*mW^2*t-d*t-2*t^2-mW^2*d+mW^2*d*t+4*t+2*mW^2)*t^(-1)
    Wbox 1 8  1 0  0 0 0 1
     1/2*(t-mW^2)^(-1)*(2+d*t-d-2*t)*t^(-1)
;
  Wbox 2 10  3 1  -1 1 0 2
   1
    Wbox 2 10  2 0  0 1 0 1
     -1/2*(2+d*t-d-2*t)*t^(-1)
    Wbox 1 8  1 0  0 0 0 1
     -1/2*mW^(-2)*t^(-1)*(-2+d)
;
  Wbox 2 10  3 1  0 2 -1 1
   1
    Wbox 2 10  2 0  0 1 0 1
     -1/2*(t-mW^2)^(-1)*(d*t^2-4*mW^2*t-d*t-2*t^2-mW^2*d+mW^2*d*t+4*t+2*mW^2)*t^(-1)
    Wbox 1 8  1 0  0 0 0 1
     1/2*(t-mW^2)^(-1)*(2+d*t-d-2*t)*t^(-1)
;
  Wbox 2 10  3 1  0 1 -1 2
   1
    Wbox 2 10  2 0  0 1 0 1
     -1/2*(2+d*t-d-2*t)*t^(-1)
    Wbox 1 8  1 0  0 0 0 1
     -1/2*mW^(-2)*t^(-1)*(-2+d)
;
  Wbox 2 10  3 2  -2 2 0 1
   1
    Wbox 2 10  2 0  0 1 0 1
     1/4*(d*t^3+mW^2*d*t^2-2*d*t^2+4*mW^2*t+d*t-4*mW^2*t^2+4*t^2+mW^2*d-2*mW^2*d*t-4*t)*t^(-2)
    Wbox 1 8  1 0  0 0 0 1
     -1/4*(d*t^2-2*d*t+d+4*t)*t^(-2)
;
  Wbox 2 10  3 2  -2 1 0 2
   1
    Wbox 2 10  2 0  0 1 0 1
     1/4*(d*t^3-mW^2*d*t^2-2*d*t^2+d*t-mW^2*d+2*mW^2*d*t)*t^(-2)
    Wbox 1 8  1 0  0 0 0 1
     -1/4*mW^(-2)*(mW^2*d*t^2+2*d*t-mW^2*d+2*mW^2*d*t-4*t)*t^(-2)
;
  Wbox 2 10  3 2  -1 2 -1 1
   1
    Wbox 2 10  2 0  0 1 0 1
     1/4*(d*t^3+mW^2*d*t^2-2*d*t^2+2*s*t^2+4*mW^2*t+d*t-4*mW^2*t^2+4*t^2+mW^2*d-2*mW^2*d*t+2*mW^2*s*t-4*t)*t^(-2)
    Wbox 1 8  1 0  0 0 0 1
     -1/4*(d*t^2+2*s*t-2*d*t+d+4*t)*t^(-2)
;
  Wbox 2 10  3 2  -1 1 -1 2
   1
    Wbox 2 10  2 0  0 1 0 1
     1/4*(d*t^3-mW^2*d*t^2-2*d*t^2+2*s*t^2+d*t-mW^2*d+2*mW^2*d*t-2*mW^2*s*t)*t^(-2)
    Wbox 1 8  1 0  0 0 0 1
     -1/4*mW^(-2)*t^(-2)*(mW^2*d*t^2+2*d*t-mW^2*d+2*mW^2*d*t-2*mW^2*s*t-4*t)
;
  Wbox 2 10  3 2  0 2 -2 1
   1
    Wbox 2 10  2 0  0 1 0 1
     1/4*(d*t^3+mW^2*d*t^2-2*d*t^2+4*mW^2*t+d*t-4*mW^2*t^2+4*t^2+mW^2*d-2*mW^2*d*t-4*t)*t^(-2)
    Wbox 1 8  1 0  0 0 0 1
     -1/4*(d*t^2-2*d*t+d+4*t)*t^(-2)
;
  Wbox 2 10  3 2  0 1 -2 2
   1
    Wbox 2 10  2 0  0 1 0 1
     1/4*(d*t^3-mW^2*d*t^2-2*d*t^2+d*t-mW^2*d+2*mW^2*d*t)*t^(-2)
    Wbox 1 8  1 0  0 0 0 1
     -1/4*mW^(-2)*(mW^2*d*t^2+2*d*t-mW^2*d+2*mW^2*d*t-4*t)*t^(-2)
;
  Wbox 2 10  3 3  -3 1 0 2
   1
    Wbox 2 10  3 3  -3 2 0 1
     1
    Wbox 2 10  2 0  0 1 0 1
     1/4*(-1+d)^(-1)*(3*d*t^3-9*mW^2*d*t^2-d^2*t^4-mW^2*d^2+5*mW^2*d*t^3+6*mW^4*d*t-3*mW^4*d*t^2-d*t+mW^2*d+3*mW^2*d*t+3*mW^2*d^2*t+d^2*t-3*d^2*t^2+mW^2*d^2*t^3-3*mW^4*d-3*mW^2*d^2*t^2+3*d^2*t^3-2*d*t^4)*t^(-2)
    Wbox 1 8  1 0  0 0 0 1
     -1/4*mW^(-2)*(d*t-t)^(-1)*(3*mW^2*d*t^2-mW^2*d^2-2*mW^2*d*t^3-12*mW^2*t+6*mW^4*d*t+3*mW^4*d*t^2-6*d*t+mW^2*d+6*mW^2*d*t+3*mW^2*d^2*t+2*mW^4*d^2*t^2+2*d^2*t-mW^2*d^2*t^3+4*t-3*mW^4*d+3*mW^2*d^2*t^2-8*mW^4*t^2)*t^(-1)
;
  Wbox 2 10  3 3  -2 1 -1 2
   1
    Wbox 2 10  3 3  -2 2 -1 1
     1
    Wbox 2 10  2 0  0 1 0 1
     1/4*(d*t-t)^(-1)*(3*d*t^3+4*mW^2*s*t^2-9*mW^2*d*t^2-d^2*t^4-mW^2*d^2+5*mW^2*d*t^3-4*s*t^2+6*mW^4*d*t-4*mW^4*s*t-3*mW^4*d*t^2-d*t+mW^2*d+3*mW^2*d*t+4*mW^2*s*t+3*mW^2*d^2*t+4*mW^2*s*d*t^2+d^2*t-3*d^2*t^2+mW^2*d^2*t^3-3*mW^4*d-4*mW^2*s*d*t-4*s*d*t^3-3*mW^2*d^2*t^2+3*d^2*t^3-2*d*t^4+4*s*d*t^2)*t^(-1)
    Wbox 1 8  1 0  0 0 0 1
     -1/4*mW^(-2)*(-1+d)^(-1)*(3*mW^2*d*t^2-mW^2*d^2-2*mW^2*d*t^3-12*mW^2*t+6*mW^4*d*t-4*mW^4*s*t+3*mW^4*d*t^2-6*d*t+mW^2*d+6*mW^2*d*t+4*mW^2*s*t+3*mW^2*d^2*t-4*mW^2*s*d*t^2+2*mW^4*d^2*t^2+2*d^2*t-mW^2*d^2*t^3+4*t-3*mW^4*d-4*mW^2*s*d*t+3*mW^2*d^2*t^2-8*mW^4*t^2)*t^(-2)
;
  Wbox 2 10  3 3  -1 1 -2 2
   1
    Wbox 2 10  3 3  -1 2 -2 1
     1
    Wbox 2 10  2 0  0 1 0 1
     1/4*(-1+d)^(-1)*(3*d*t^3+4*mW^2*s*t^2-9*mW^2*d*t^2-d^2*t^4-mW^2*d^2+5*mW^2*d*t^3-4*s*t^2+6*mW^4*d*t-4*mW^4*s*t-3*mW^4*d*t^2-d*t+mW^2*d+3*mW^2*d*t+4*mW^2*s*t+3*mW^2*d^2*t+4*mW^2*s*d*t^2+d^2*t-3*d^2*t^2+mW^2*d^2*t^3-3*mW^4*d-4*mW^2*s*d*t-4*s*d*t^3-3*mW^2*d^2*t^2+3*d^2*t^3-2*d*t^4+4*s*d*t^2)*t^(-2)
    Wbox 1 8  1 0  0 0 0 1
     -1/4*mW^(-2)*(-1+d)^(-1)*(3*mW^2*d*t^2-mW^2*d^2-2*mW^2*d*t^3-12*mW^2*t+6*mW^4*d*t-4*mW^4*s*t+3*mW^4*d*t^2-6*d*t+mW^2*d+6*mW^2*d*t+4*mW^2*s*t+3*mW^2*d^2*t-4*mW^2*s*d*t^2+2*mW^4*d^2*t^2+2*d^2*t-mW^2*d^2*t^3+4*t-3*mW^4*d-4*mW^2*s*d*t+3*mW^2*d^2*t^2-8*mW^4*t^2)*t^(-2)
;
  Wbox 2 10  3 3  0 1 -3 2
   1
    Wbox 2 10  3 3  0 2 -3 1
     1
    Wbox 2 10  2 0  0 1 0 1
     1/4*(-1+d)^(-1)*(3*d*t^3-9*mW^2*d*t^2-d^2*t^4-mW^2*d^2+5*mW^2*d*t^3+6*mW^4*d*t-3*mW^4*d*t^2-d*t+mW^2*d+3*mW^2*d*t+3*mW^2*d^2*t+d^2*t-3*d^2*t^2+mW^2*d^2*t^3-3*mW^4*d-3*mW^2*d^2*t^2+3*d^2*t^3-2*d*t^4)*t^(-2)
    Wbox 1 8  1 0  0 0 0 1
     -1/4*mW^(-2)*(-1+d)^(-1)*(3*mW^2*d*t^2-mW^2*d^2-2*mW^2*d*t^3-12*mW^2*t+6*mW^4*d*t+3*mW^4*d*t^2-6*d*t+mW^2*d+6*mW^2*d*t+3*mW^2*d^2*t+2*mW^4*d^2*t^2+2*d^2*t-mW^2*d^2*t^3+4*t-3*mW^4*d+3*mW^2*d^2*t^2-8*mW^4*t^2)*t^(-2)
;
  Wbox 2 10  4 0  0 3 0 1
   1
    Wbox 2 10  2 0  0 1 0 1
     1/2*(t-mW^2)^(-4)*(7*d*t^2-36*mW^2*t-12*mW^4-12*t^2+18*mW^2*d*t-2*mW^2*d^2*t-mW^4*d^2-d^2*t^2+7*mW^4*d)
    Wbox 1 8  1 0  0 0 0 1
     1/2*(t-mW^2)^(-4)*(mW^2*d^2-7*d*t-7*mW^2*d+d^2*t+10*t+10*mW^2)
;
  Wbox 2 10  4 0  0 2 0 2
   1
    Wbox 2 10  2 0  0 1 0 1
     -(t-mW^2)^(-3)*(mW^2*d^2-9*d*t-7*mW^2*d+d^2*t+18*t+12*mW^2)
    Wbox 1 8  1 0  0 0 0 1
     1/2*mW^(-2)*(t-mW^2)^(-3)*(2*mW^2*d^2-d*t-13*mW^2*d+2*t+18*mW^2)
;
  Wbox 2 10  4 0  0 1 0 3
   1
    Wbox 2 10  2 0  0 1 0 1
     -1/2*(t-mW^2)^(-2)*(12+d^2-7*d)
    Wbox 1 8  1 0  0 0 0 1
     1/8*mW^(-4)*(t-mW^2)^(-2)*(3*mW^2*d^2+6*d*t-18*mW^2*d-d^2*t-8*t+24*mW^2)
;
  Wbox 2 10  4 1  -1 3 0 1
   1
    Wbox 2 10  2 0  0 1 0 1
     -1/4*(t-mW^2)^(-3)*(5*d*t^3+18*mW^2*d*t^2-9*d*t^2+36*mW^2*t+9*mW^4*d*t+6*mW^4-6*t^3-36*mW^2*t^2+18*t^2-18*mW^2*d*t-18*mW^4*t+2*mW^2*d^2*t+mW^4*d^2+d^2*t^2-5*mW^4*d-mW^4*d^2*t-2*mW^2*d^2*t^2-d^2*t^3)*t^(-1)
    Wbox 1 8  1 0  0 0 0 1
     1/4*(mW^2*d^2+5*d*t^2-14*mW^2*t-9*d*t-6*t^2-5*mW^2*d+9*mW^2*d*t-mW^2*d^2*t+d^2*t-d^2*t^2+14*t+6*mW^2)*(t-mW^2)^(-3)*t^(-1)
;
  Wbox 2 10  4 1  -1 2 0 2
   1
    Wbox 2 10  2 0  0 1 0 1
     -1/2*(t-mW^2)^(-2)*(mW^2*d^2+7*d*t^2-12*mW^2*t-9*d*t-12*t^2-5*mW^2*d+7*mW^2*d*t-mW^2*d^2*t+d^2*t-d^2*t^2+18*t+6*mW^2)*t^(-1)
    Wbox 1 8  1 0  0 0 0 1
     1/2*mW^(-2)*(t-mW^2)^(-2)*t^(-1)*(mW^2*d^2-8*mW^2*t-d*t-5*mW^2*d+6*mW^2*d*t-mW^2*d^2*t+2*t+6*mW^2)
;
  Wbox 2 10  4 1  -1 1 0 3
   1
    Wbox 2 10  2 0  0 1 0 1
     -1/4*(t-mW^2)^(-1)*(6+d^2+5*d*t-5*d-d^2*t-6*t)*t^(-1)
    Wbox 1 8  1 0  0 0 0 1
     1/8*mW^(-4)*(t-mW^2)^(-1)*(2*mW^2*d^2-4*mW^2*t+6*d*t-10*mW^2*d+4*mW^2*d*t-mW^2*d^2*t-d^2*t-8*t+12*mW^2)*t^(-1)
;
  Wbox 2 10  4 1  0 3 -1 1
   1
    Wbox 2 10  2 0  0 1 0 1
     -1/4*(t-mW^2)^(-3)*(5*d*t^3+18*mW^2*d*t^2-9*d*t^2+36*mW^2*t+9*mW^4*d*t+6*mW^4-6*t^3-36*mW^2*t^2+18*t^2-18*mW^2*d*t-18*mW^4*t+2*mW^2*d^2*t+mW^4*d^2+d^2*t^2-5*mW^4*d-mW^4*d^2*t-2*mW^2*d^2*t^2-d^2*t^3)*t^(-1)
    Wbox 1 8  1 0  0 0 0 1
     1/4*(mW^2*d^2+5*d*t^2-14*mW^2*t-9*d*t-6*t^2-5*mW^2*d+9*mW^2*d*t-mW^2*d^2*t+d^2*t-d^2*t^2+14*t+6*mW^2)*(t-mW^2)^(-3)*t^(-1)
;
  Wbox 2 10  4 1  0 2 -1 2
   1
    Wbox 2 10  2 0  0 1 0 1
     -1/2*(t-mW^2)^(-2)*(mW^2*d^2+7*d*t^2-12*mW^2*t-9*d*t-12*t^2-5*mW^2*d+7*mW^2*d*t-mW^2*d^2*t+d^2*t-d^2*t^2+18*t+6*mW^2)*t^(-1)
    Wbox 1 8  1 0  0 0 0 1
     1/2*mW^(-2)*(t-mW^2)^(-2)*t^(-1)*(mW^2*d^2-8*mW^2*t-d*t-5*mW^2*d+6*mW^2*d*t-mW^2*d^2*t+2*t+6*mW^2)
;
  Wbox 2 10  4 1  0 1 -1 3
   1
    Wbox 2 10  2 0  0 1 0 1
     -1/4*(t-mW^2)^(-1)*(6+d^2+5*d*t-5*d-d^2*t-6*t)*t^(-1)
    Wbox 1 8  1 0  0 0 0 1
     1/8*mW^(-4)*(t-mW^2)^(-1)*(2*mW^2*d^2-4*mW^2*t+6*d*t-10*mW^2*d+4*mW^2*d*t-mW^2*d^2*t-d^2*t-8*t+12*mW^2)*t^(-1)
;
  Wbox 2 10  4 2  -2 3 0 1
   1
    Wbox 2 10  2 0  0 1 0 1
     -1/8*(t-mW^2)^(-2)*t^(-2)*(12*d*t^3+32*mW^2*d*t^2+d^2*t^4-16*mW^2*d*t^3-10*d*t^2+24*mW^2*t+12*mW^4*d*t-10*mW^4*d*t^2-16*t^3-64*mW^2*t^2+24*t^2+24*mW^2*t^3-16*mW^2*d*t-16*mW^4*t+2*mW^2*d^2*t+mW^4*d^2*t^2+mW^4*d^2+d^2*t^2+2*mW^2*d^2*t^3-2*mW^4*d-2*mW^4*d^2*t-4*mW^2*d^2*t^2-2*d^2*t^3-2*d*t^4+24*mW^4*t^2)
    Wbox 1 8  1 0  0 0 0 1
     -1/8*(2*d*t^3+10*mW^2*d*t^2-mW^2*d^2-12*d*t^2+16*mW^2*t+10*d*t-16*mW^2*t^2+16*t^2+2*mW^2*d-12*mW^2*d*t+2*mW^2*d^2*t-d^2*t+2*d^2*t^2-16*t-mW^2*d^2*t^2-d^2*t^3)*(t-mW^2)^(-2)*t^(-2)
;
  Wbox 2 10  4 2  -2 2 0 2
   1
    Wbox 2 10  2 0  0 1 0 1
     1/4*(t-mW^2)^(-1)*(4*d*t^3+6*mW^2*d*t^2-mW^2*d^2-12*d*t^2+8*mW^2*t-4*t^3+8*d*t-8*mW^2*t^2+16*t^2+2*mW^2*d-8*mW^2*d*t+2*mW^2*d^2*t-d^2*t+2*d^2*t^2-12*t-mW^2*d^2*t^2-d^2*t^3)*t^(-2)
    Wbox 1 8  1 0  0 0 0 1
     -1/4*mW^(-2)*(t-mW^2)^(-1)*t^(-2)*(4*mW^2*d*t^2-mW^2*d^2+8*mW^2*t+2*d*t-4*mW^2*t^2+2*mW^2*d-8*mW^2*d*t+2*mW^2*d^2*t-4*t-mW^2*d^2*t^2)
;
  Wbox 2 10  4 2  -2 1 0 3
   1
    Wbox 2 10  2 0  0 1 0 1
     -1/8*t^(-2)*(d^2-2*d*t^2+4*d*t-2*d-2*d^2*t+d^2*t^2)
    Wbox 1 8  1 0  0 0 0 1
     1/8*mW^(-4)*(mW^2*d^2+6*d*t-2*mW^2*d+4*mW^2*d*t-2*mW^2*d^2*t-d^2*t-8*t)*t^(-2)
;
  Wbox 2 10  4 2  -1 3 -1 1
   1
    Wbox 2 10  2 0  0 1 0 1
     -1/8*(t-mW^2)^(-2)*(12*d*t^3-4*s*t^3-16*mW^2*s*t^2+32*mW^2*d*t^2+d^2*t^4-16*mW^2*d*t^3-10*d*t^2+24*mW^2*t+12*mW^4*d*t-4*mW^4*s*t-10*mW^4*d*t^2-16*t^3+2*mW^4*s*d*t-64*mW^2*t^2+24*t^2+24*mW^2*t^3-16*mW^2*d*t-16*mW^4*t+2*mW^2*d^2*t+4*mW^2*s*d*t^2+mW^4*d^2*t^2+mW^4*d^2+d^2*t^2+2*mW^2*d^2*t^3-2*mW^4*d+2*s*d*t^3-2*mW^4*d^2*t-4*mW^2*d^2*t^2-2*d^2*t^3-2*d*t^4+24*mW^4*t^2)*t^(-2)
    Wbox 1 8  1 0  0 0 0 1
     -1/8*(t-mW^2)^(-2)*(2*d*t^3+10*mW^2*d*t^2-mW^2*d^2-12*d*t^2+4*s*t^2+16*mW^2*t+10*d*t-16*mW^2*t^2+16*t^2+2*mW^2*d-12*mW^2*d*t+4*mW^2*s*t+2*mW^2*d^2*t-d^2*t+2*d^2*t^2-16*t-2*mW^2*s*d*t-mW^2*d^2*t^2-d^2*t^3-2*s*d*t^2)*t^(-2)
;
  Wbox 2 10  4 2  -1 2 -1 2
   1
    Wbox 2 10  2 0  0 1 0 1
     1/4*(t-mW^2)^(-1)*t^(-2)*(4*d*t^3+6*mW^2*d*t^2-mW^2*d^2-12*d*t^2+8*s*t^2+8*mW^2*t-4*t^3+8*d*t-8*mW^2*t^2+16*t^2+2*mW^2*d-8*mW^2*d*t+4*mW^2*s*t+2*mW^2*d^2*t-d^2*t+2*d^2*t^2-12*t-2*mW^2*s*d*t-mW^2*d^2*t^2-d^2*t^3-2*s*d*t^2)
    Wbox 1 8  1 0  0 0 0 1
     -1/4*mW^(-2)*(t-mW^2)^(-1)*(4*mW^2*d*t^2-mW^2*d^2+8*mW^2*t+2*d*t-4*mW^2*t^2+2*mW^2*d-8*mW^2*d*t+4*mW^2*s*t+2*mW^2*d^2*t-4*t-2*mW^2*s*d*t-mW^2*d^2*t^2)*t^(-2)
;
  Wbox 2 10  4 2  -1 1 -1 3
   1
    Wbox 2 10  2 0  0 1 0 1
     -1/8*(d^2-2*d*t^2-4*s*t+4*d*t-2*d+2*s*d*t-2*d^2*t+d^2*t^2)*t^(-2)
    Wbox 1 8  1 0  0 0 0 1
     1/8*mW^(-4)*(mW^2*d^2+6*d*t-2*mW^2*d+4*mW^2*d*t-4*mW^2*s*t-2*mW^2*d^2*t-d^2*t-8*t+2*mW^2*s*d*t)*t^(-2)
;
  Wbox 2 10  4 2  0 3 -2 1
   1
    Wbox 2 10  2 0  0 1 0 1
     -1/8*(t-mW^2)^(-2)*t^(-2)*(12*d*t^3+32*mW^2*d*t^2+d^2*t^4-16*mW^2*d*t^3-10*d*t^2+24*mW^2*t+12*mW^4*d*t-10*mW^4*d*t^2-16*t^3-64*mW^2*t^2+24*t^2+24*mW^2*t^3-16*mW^2*d*t-16*mW^4*t+2*mW^2*d^2*t+mW^4*d^2*t^2+mW^4*d^2+d^2*t^2+2*mW^2*d^2*t^3-2*mW^4*d-2*mW^4*d^2*t-4*mW^2*d^2*t^2-2*d^2*t^3-2*d*t^4+24*mW^4*t^2)
    Wbox 1 8  1 0  0 0 0 1
     -1/8*(2*d*t^3+10*mW^2*d*t^2-mW^2*d^2-12*d*t^2+16*mW^2*t+10*d*t-16*mW^2*t^2+16*t^2+2*mW^2*d-12*mW^2*d*t+2*mW^2*d^2*t-d^2*t+2*d^2*t^2-16*t-mW^2*d^2*t^2-d^2*t^3)*(t-mW^2)^(-2)*t^(-2)
;
  Wbox 2 10  4 2  0 2 -2 2
   1
    Wbox 2 10  2 0  0 1 0 1
     1/4*(t-mW^2)^(-1)*(4*d*t^3+6*mW^2*d*t^2-mW^2*d^2-12*d*t^2+8*mW^2*t-4*t^3+8*d*t-8*mW^2*t^2+16*t^2+2*mW^2*d-8*mW^2*d*t+2*mW^2*d^2*t-d^2*t+2*d^2*t^2-12*t-mW^2*d^2*t^2-d^2*t^3)*t^(-2)
    Wbox 1 8  1 0  0 0 0 1
     -1/4*mW^(-2)*(t-mW^2)^(-1)*t^(-2)*(4*mW^2*d*t^2-mW^2*d^2+8*mW^2*t+2*d*t-4*mW^2*t^2+2*mW^2*d-8*mW^2*d*t+2*mW^2*d^2*t-4*t-mW^2*d^2*t^2)
;
  Wbox 2 10  4 2  0 1 -2 3
   1
    Wbox 2 10  2 0  0 1 0 1
     -1/8*t^(-2)*(d^2-2*d*t^2+4*d*t-2*d-2*d^2*t+d^2*t^2)
    Wbox 1 8  1 0  0 0 0 1
     1/8*mW^(-4)*(mW^2*d^2+6*d*t-2*mW^2*d+4*mW^2*d*t-2*mW^2*d^2*t-d^2*t-8*t)*t^(-2)
;
  Wbox 2 10  4 3  -3 2 0 2
   1
    Wbox 2 10  4 3  -3 3 0 1
     2
    Wbox 2 10  2 0  0 1 0 1
     1/4*(t-mW^2)^(-1)*(6*d*t^3+18*mW^2*d*t^2+d^2*t^4-mW^2*d^2-8*mW^2*d*t^3-15*d*t^2+24*mW^2*t+6*mW^4*d*t-3*mW^4*d*t^2+8*d*t-24*mW^2*t^2+12*t^2+2*mW^2*d-12*mW^2*d*t-12*mW^4*t+3*mW^2*d^2*t-d^2*t+3*d^2*t^2+mW^2*d^2*t^3-12*t-3*mW^4*d-3*mW^2*d^2*t^2-3*d^2*t^3+d*t^4+12*mW^4*t^2)*t^(-2)
    Wbox 1 8  1 0  0 0 0 1
     -1/4*mW^(-2)*(t-mW^2)^(-1)*(6*mW^2*d*t^2-mW^2*d^2+mW^2*d*t^3+12*mW^2*t+6*mW^4*d*t-5*mW^4*d*t^2+2*d*t+2*mW^2*d-9*mW^2*d*t-12*mW^4*t+3*mW^2*d^2*t+mW^2*d^2*t^3-4*t-3*mW^4*d-3*mW^2*d^2*t^2+4*mW^4*t^2)*t^(-2)
;
  Wbox 2 10  4 3  -3 1 0 3
   1
    Wbox 2 10  4 3  -3 3 0 1
     -1
    Wbox 2 10  2 0  0 1 0 1
     -1/4*(t-mW^2)^(-1)*t^(-2)*(3*d*t^3+6*mW^2*d*t^2-mW^2*d^2-2*mW^2*d*t^3-6*d*t^2+12*mW^2*t+6*mW^4*d*t-3*mW^4*d*t^2+3*d*t-12*mW^2*t^2+6*t^2+2*mW^2*d-6*mW^2*d*t-6*mW^4*t+3*mW^2*d^2*t+mW^2*d^2*t^3-6*t-3*mW^4*d-3*mW^2*d^2*t^2+6*mW^4*t^2)
    Wbox 1 8  1 0  0 0 0 1
     1/8*mW^(-4)*(t-mW^2)^(-1)*t^(-2)*(mW^6*d^2*t^2+6*d*t^2+4*mW^2*t-6*mW^4*d*t+12*mW^2*t^2-8*t^2-6*mW^2*d*t-6*mW^6*d+2*mW^2*d^2*t-3*mW^4*d^2*t^2+12*mW^6*d*t-2*mW^4*d^2+4*mW^6*t^2-d^2*t^2-4*mW^6*d*t^2-12*mW^6*t+4*mW^4*d+6*mW^4*d^2*t-3*mW^2*d^2*t^2)
;
  Wbox 2 10  4 3  -2 2 -1 2
   1
    Wbox 2 10  4 3  -2 3 -1 1
     2
    Wbox 2 10  2 0  0 1 0 1
     1/4*(t-mW^2)^(-1)*t^(-2)*(6*d*t^3-4*s*t^3-16*mW^2*s*t^2+18*mW^2*d*t^2+d^2*t^4-mW^2*d^2-8*mW^2*d*t^3-15*d*t^2+16*s*t^2+24*mW^2*t+6*mW^4*d*t-4*mW^4*s*t-3*mW^4*d*t^2+8*d*t-24*mW^2*t^2+12*t^2+2*mW^2*d-12*mW^2*d*t+8*mW^2*s*t-12*mW^4*t+3*mW^2*d^2*t+4*mW^2*s*d*t^2-d^2*t+3*d^2*t^2+mW^2*d^2*t^3-12*t-3*mW^4*d-4*mW^2*s*d*t+4*s*d*t^3-3*mW^2*d^2*t^2-3*d^2*t^3+d*t^4-4*s*d*t^2+12*mW^4*t^2)
    Wbox 1 8  1 0  0 0 0 1
     1/4*mW^(-2)*(t-mW^2)^(-1)*t^(-2)*(4*mW^2*s*t^2-6*mW^2*d*t^2+mW^2*d^2-mW^2*d*t^3-12*mW^2*t-6*mW^4*d*t+4*mW^4*s*t+5*mW^4*d*t^2-2*d*t-2*mW^2*d+9*mW^2*d*t-8*mW^2*s*t+12*mW^4*t-3*mW^2*d^2*t-4*mW^2*s*d*t^2-mW^2*d^2*t^3+4*t+3*mW^4*d+4*mW^2*s*d*t+3*mW^2*d^2*t^2-4*mW^4*t^2)
;
  Wbox 2 10  4 3  -2 1 -1 3
   1
    Wbox 2 10  4 3  -2 3 -1 1
     -1
    Wbox 2 10  2 0  0 1 0 1
     -1/4*(t-mW^2)^(-1)*(3*d*t^3-8*mW^2*s*t^2+6*mW^2*d*t^2-mW^2*d^2-2*mW^2*d*t^3-6*d*t^2+4*s*t^2+12*mW^2*t+6*mW^4*d*t-4*mW^4*s*t-3*mW^4*d*t^2+3*d*t-12*mW^2*t^2+6*t^2+2*mW^2*d-6*mW^2*d*t+8*mW^2*s*t-6*mW^4*t+3*mW^2*d^2*t+4*mW^2*s*d*t^2+mW^2*d^2*t^3-6*t-3*mW^4*d-4*mW^2*s*d*t-3*mW^2*d^2*t^2+6*mW^4*t^2)*t^(-2)
    Wbox 1 8  1 0  0 0 0 1
     -1/8*mW^(-4)*(t-mW^2)^(-1)*(8*mW^2*s*t^2-mW^6*d^2*t^2-6*d*t^2-4*mW^2*t-4*mW^4*s*d*t^2+6*mW^4*d*t-16*mW^4*s*t+8*mW^4*s*d*t-12*mW^2*t^2+8*t^2+6*mW^2*d*t+6*mW^6*d-2*mW^2*d^2*t-4*mW^2*s*d*t^2+3*mW^4*d^2*t^2+8*mW^6*s*t-12*mW^6*d*t+2*mW^4*d^2-4*mW^6*t^2+d^2*t^2+4*mW^6*d*t^2+12*mW^6*t-4*mW^4*d-6*mW^4*d^2*t+3*mW^2*d^2*t^2)*t^(-2)
;
  Wbox 2 10  4 3  -1 2 -2 2
   1
    Wbox 2 10  4 3  -1 3 -2 1
     2
    Wbox 2 10  2 0  0 1 0 1
     1/4*(t-mW^2)^(-1)*t^(-2)*(6*d*t^3-4*s*t^3-16*mW^2*s*t^2+18*mW^2*d*t^2+d^2*t^4-mW^2*d^2-8*mW^2*d*t^3-15*d*t^2+16*s*t^2+24*mW^2*t+6*mW^4*d*t-4*mW^4*s*t-3*mW^4*d*t^2+8*d*t-24*mW^2*t^2+12*t^2+2*mW^2*d-12*mW^2*d*t+8*mW^2*s*t-12*mW^4*t+3*mW^2*d^2*t+4*mW^2*s*d*t^2-d^2*t+3*d^2*t^2+mW^2*d^2*t^3-12*t-3*mW^4*d-4*mW^2*s*d*t+4*s*d*t^3-3*mW^2*d^2*t^2-3*d^2*t^3+d*t^4-4*s*d*t^2+12*mW^4*t^2)
    Wbox 1 8  1 0  0 0 0 1
     1/4*mW^(-2)*(t-mW^2)^(-1)*t^(-2)*(4*mW^2*s*t^2-6*mW^2*d*t^2+mW^2*d^2-mW^2*d*t^3-12*mW^2*t-6*mW^4*d*t+4*mW^4*s*t+5*mW^4*d*t^2-2*d*t-2*mW^2*d+9*mW^2*d*t-8*mW^2*s*t+12*mW^4*t-3*mW^2*d^2*t-4*mW^2*s*d*t^2-mW^2*d^2*t^3+4*t+3*mW^4*d+4*mW^2*s*d*t+3*mW^2*d^2*t^2-4*mW^4*t^2)
;
  Wbox 2 10  4 3  -1 1 -2 3
   1
    Wbox 2 10  4 3  -1 2 -2 2
     1/2
    Wbox 2 10  4 2  -1 1 -1 3
     -1+t
    Wbox 2 10  3 2  0 1 -2 2
     -1/2
    Wbox 2 10  3 2  -1 1 -1 2
     -1
    Wbox 2 10  3 1  0 1 -1 2
     1/2*s
    Wbox 1 8  3 2  -1 0 -1 3
     -1
    Wbox 1 8  2 1  0 0 -1 2
     1/2
    Wbox 1 8  2 1  -1 0 0 2
     1/2
;
  Wbox 2 10  4 3  -1 1 -2 3
   1
    Wbox 2 10  4 3  -1 2 -2 2
     1/2
    Wbox 2 10  4 2  0 1 -2 3
     -1+mW^2
    Wbox 2 10  3 2  0 1 -2 2
     1/2-1/2*d
    Wbox 2 10  3 2  -1 1 -1 2
     -1
    Wbox 2 10  3 1  0 1 -1 2
     s
;
  Wbox 2 10  4 3  -1 1 -2 3
   1
    Wbox 2 10  4 3  -1 2 -2 2
     1/2
    Wbox 2 10  4 2  0 1 -2 3
     -1+t
    Wbox 2 10  3 2  0 1 -2 2
     -1/2
    Wbox 2 10  3 2  -1 1 -1 2
     -1
    Wbox 2 10  3 1  0 1 -1 2
     s
    Wbox 1 8  3 2  0 0 -2 3
     -1
    Wbox 1 8  2 1  0 0 -1 2
     1
;
  Wbox 2 10  4 3  -1 1 -2 3
   1
    Wbox 2 10  4 3  -1 2 -2 2
     1/2
    Wbox 2 10  4 2  0 1 -2 3
     -1-mW^2
    Wbox 2 10  4 2  0 2 -2 2
     1/2*t-1/2*mW^2
    Wbox 2 10  3 2  0 1 -2 2
     -1
    Wbox 2 10  3 2  0 2 -2 1
     -1/2
    Wbox 2 10  3 2  -1 1 -1 2
     -1
    Wbox 2 10  3 1  0 1 -1 2
     -1+s+mW^2
    Wbox 2 10  2 1  0 1 -1 1
     1
;
  Wbox 2 10  4 3  0 2 -3 2
   1
    Wbox 2 10  4 3  0 3 -3 1
     2
    Wbox 2 10  4 2  0 2 -2 2
     -1+t
    Wbox 2 10  3 2  0 1 -2 2
     -1
    Wbox 2 10  3 2  0 2 -2 1
     -4
    Wbox 2 10  2 1  0 1 -1 1
     2
;
  Wbox 2 10  4 3  0 1 -3 3
   1
    Wbox 2 10  4 3  0 2 -3 2
     1/2
    Wbox 2 10  4 2  0 1 -2 3
     -1+t
    Wbox 2 10  3 2  0 1 -2 2
     -3/2
    Wbox 1 8  3 2  0 0 -2 3
     -1
    Wbox 1 8  2 1  0 0 -1 2
     1
;
  Wbox 2 10  5 1  -1 3 0 2
   1
    Wbox 2 10  5 1  -1 4 0 1
     3
    Wbox 2 10  5 0  0 3 0 2
     -1+mW^2
    Wbox 2 10  4 0  0 3 0 1
     4-d
;
  Wbox 2 10  5 1  -1 3 0 2
   1
    Wbox 2 10  5 1  -1 4 0 1
     3
    Wbox 2 10  5 0  0 3 0 2
     -1+t
    Wbox 2 10  4 0  0 2 0 2
     -1
    Wbox 2 10  4 0  0 3 0 1
     -3
;
  Wbox 2 10  5 1  -1 3 0 2
   1
    Wbox 2 10  5 1  -1 4 0 1
     3
    Wbox 2 10  5 0  0 3 0 2
     -1-mW^2
    Wbox 2 10  5 0  0 4 0 1
     3*t-3*mW^2
    Wbox 2 10  4 0  0 3 0 1
     -1
;
  Wbox 2 10  5 1  -1 2 0 3
   1
    Wbox 2 10  5 1  -1 3 0 2
     1
    Wbox 2 10  5 0  0 2 0 3
     -1+mW^2
    Wbox 2 10  4 0  0 2 0 2
     2-1/2*d
;
  Wbox 2 10  5 1  -1 2 0 3
   1
    Wbox 2 10  5 1  -1 3 0 2
     1
    Wbox 2 10  5 0  0 2 0 3
     -1+t
    Wbox 2 10  4 0  0 1 0 3
     -1
    Wbox 2 10  4 0  0 2 0 2
     -1
;
  Wbox 2 10  5 1  -1 2 0 3
   1
    Wbox 2 10  5 1  -1 3 0 2
     1
    Wbox 2 10  5 0  0 2 0 3
     -1-mW^2
    Wbox 2 10  5 0  0 3 0 2
     t-mW^2
    Wbox 2 10  4 0  0 2 0 2
     -1
    Wbox 2 10  4 0  0 3 0 1
     -1
;
  Wbox 2 10  5 1  -1 1 0 4
   1
    Wbox 2 10  5 1  -1 2 0 3
     1/3
    Wbox 2 10  5 0  0 1 0 4
     -1+mW^2
    Wbox 2 10  4 0  0 1 0 3
     4/3-1/3*d
;
  Wbox 2 10  5 1  -1 1 0 4
   1
    Wbox 2 10  5 1  -1 2 0 3
     1/3
    Wbox 2 10  5 0  0 1 0 4
     -1+t
    Wbox 2 10  4 0  0 1 0 3
     -1/3
    Wbox 1 8  4 0  0 0 0 4
     -1
;
  Wbox 2 10  5 1  -1 1 0 4
   1
    Wbox 2 10  5 1  -1 2 0 3
     1/3
    Wbox 2 10  5 0  0 1 0 4
     -1-mW^2
    Wbox 2 10  5 0  0 2 0 3
     1/3*t-1/3*mW^2
    Wbox 2 10  4 0  0 1 0 3
     -1
    Wbox 2 10  4 0  0 2 0 2
     -1/3
;
  Wbox 2 10  5 1  0 3 -1 2
   1
    Wbox 2 10  5 1  0 4 -1 1
     3
    Wbox 2 10  5 0  0 3 0 2
     -1+t
    Wbox 2 10  4 0  0 2 0 2
     -1
    Wbox 2 10  4 0  0 3 0 1
     -3
;
  Wbox 2 10  5 1  0 2 -1 3
   1
    Wbox 2 10  5 1  0 3 -1 2
     1
    Wbox 2 10  5 0  0 2 0 3
     -1+t
    Wbox 2 10  4 0  0 1 0 3
     -1
    Wbox 2 10  4 0  0 2 0 2
     -1
;
  Wbox 2 10  5 1  0 1 -1 4
   1
    Wbox 2 10  5 1  0 2 -1 3
     1/3
    Wbox 2 10  5 0  0 1 0 4
     -1+t
    Wbox 2 10  4 0  0 1 0 3
     -1/3
    Wbox 1 8  4 0  0 0 0 4
     -1
;
  Wbox 2 10  5 2  -2 3 0 2
   1
    Wbox 2 10  5 2  -2 4 0 1
     3
    Wbox 2 10  5 1  -1 3 0 2
     -1+mW^2
    Wbox 2 10  4 1  -1 3 0 1
     2-d
;
  Wbox 2 10  5 2  -2 3 0 2
   1
    Wbox 2 10  5 2  -2 4 0 1
     3
    Wbox 2 10  5 1  -1 3 0 2
     -1+t
    Wbox 2 10  4 1  -1 2 0 2
     -1
    Wbox 2 10  4 1  -1 3 0 1
     -4
    Wbox 2 10  3 0  0 2 0 1
     1
;
  Wbox 2 10  5 2  -2 3 0 2
   1
    Wbox 2 10  5 2  -2 4 0 1
     3
    Wbox 2 10  5 1  -1 3 0 2
     -1-mW^2
    Wbox 2 10  5 1  -1 4 0 1
     3*t-3*mW^2
    Wbox 2 10  4 1  -1 3 0 1
     -2
    Wbox 2 10  4 0  0 3 0 1
     -1+mW^2
;
  Wbox 2 10  5 2  -2 2 0 3
   1
    Wbox 2 10  5 2  -2 3 0 2
     1
    Wbox 2 10  5 1  -1 2 0 3
     -1+mW^2
    Wbox 2 10  4 1  -1 2 0 2
     1-1/2*d
;
  Wbox 2 10  5 2  -2 2 0 3
   1
    Wbox 2 10  5 2  -2 3 0 2
     1
    Wbox 2 10  5 1  -1 2 0 3
     -1+t
    Wbox 2 10  4 1  -1 1 0 3
     -1
    Wbox 2 10  4 1  -1 2 0 2
     -3/2
    Wbox 2 10  3 0  0 1 0 2
     1/2
;
  Wbox 2 10  5 2  -2 2 0 3
   1
    Wbox 2 10  5 2  -2 3 0 2
     1
    Wbox 2 10  5 1  -1 2 0 3
     -1-mW^2
    Wbox 2 10  5 1  -1 3 0 2
     t-mW^2
    Wbox 2 10  4 1  -1 2 0 2
     -3/2
    Wbox 2 10  4 1  -1 3 0 1
     -1
    Wbox 2 10  4 0  0 2 0 2
     -1/2+1/2*mW^2
    Wbox 2 10  3 0  0 2 0 1
     1/2
;
  Wbox 2 10  5 2  -2 1 0 4
   1
    Wbox 2 10  5 2  -2 2 0 3
     1/3
    Wbox 2 10  5 1  -1 1 0 4
     -1+mW^2
    Wbox 2 10  4 1  -1 1 0 3
     2/3-1/3*d
;
  Wbox 2 10  5 2  -2 1 0 4
   1
    Wbox 2 10  5 2  -2 2 0 3
     1/3
    Wbox 2 10  5 1  -1 1 0 4
     -1+t
    Wbox 2 10  4 1  -1 1 0 3
     -2/3
    Wbox 1 8  4 1  -1 0 0 4
     -1
    Wbox 1 8  3 0  0 0 0 3
     1/3
;
  Wbox 2 10  5 2  -2 1 0 4
   1
    Wbox 2 10  5 2  -2 2 0 3
     1/3
    Wbox 2 10  5 1  -1 1 0 4
     -1-mW^2
    Wbox 2 10  5 1  -1 2 0 3
     1/3*t-1/3*mW^2
    Wbox 2 10  4 1  -1 1 0 3
     -4/3
    Wbox 2 10  4 1  -1 2 0 2
     -1/3
    Wbox 2 10  4 0  0 1 0 3
     -1/3+1/3*mW^2
    Wbox 2 10  3 0  0 1 0 2
     1/3
;
  Wbox 2 10  5 2  -1 3 -1 2
   1
    Wbox 2 10  5 2  -1 4 -1 1
     3
    Wbox 2 10  5 1  -1 3 0 2
     -1+t
    Wbox 2 10  4 1  0 3 -1 1
     -1
    Wbox 2 10  4 1  -1 2 0 2
     -1
    Wbox 2 10  4 1  -1 3 0 1
     -3
    Wbox 2 10  4 0  0 3 0 1
     s
    Wbox 2 10  3 0  0 2 0 1
     1
;
  Wbox 2 10  5 2  -1 3 -1 2
   1
    Wbox 2 10  5 2  -1 4 -1 1
     3
    Wbox 2 10  5 1  0 3 -1 2
     -1+mW^2
    Wbox 2 10  4 1  0 3 -1 1
     3-d
    Wbox 2 10  4 1  -1 3 0 1
     -1
    Wbox 2 10  4 0  0 3 0 1
     s
;
  Wbox 2 10  5 2  -1 3 -1 2
   1
    Wbox 2 10  5 2  -1 4 -1 1
     3
    Wbox 2 10  5 1  0 3 -1 2
     -1+t
    Wbox 2 10  4 1  0 2 -1 2
     -1
    Wbox 2 10  4 1  0 3 -1 1
     -3
    Wbox 2 10  4 1  -1 3 0 1
     -1
    Wbox 2 10  4 0  0 3 0 1
     s
    Wbox 2 10  3 0  0 2 0 1
     1
;
  Wbox 2 10  5 2  -1 3 -1 2
   1
    Wbox 2 10  5 2  -1 4 -1 1
     3
    Wbox 2 10  5 1  0 3 -1 2
     -1-mW^2
    Wbox 2 10  5 1  0 4 -1 1
     3*t-3*mW^2
    Wbox 2 10  4 1  0 3 -1 1
     -1
    Wbox 2 10  4 1  -1 3 0 1
     -1
    Wbox 2 10  4 0  0 3 0 1
     -1+s+mW^2
;
  Wbox 2 10  5 2  -1 2 -1 3
   1
    Wbox 2 10  5 2  -1 3 -1 2
     1
    Wbox 2 10  5 1  -1 2 0 3
     -1+t
    Wbox 2 10  4 1  0 2 -1 2
     -1/2
    Wbox 2 10  4 1  -1 1 0 3
     -1
    Wbox 2 10  4 1  -1 2 0 2
     -1
    Wbox 2 10  4 0  0 2 0 2
     1/2*s
    Wbox 2 10  3 0  0 1 0 2
     1/2
;
  Wbox 2 10  5 2  -1 2 -1 3
   1
    Wbox 2 10  5 2  -1 3 -1 2
     1
    Wbox 2 10  5 1  0 2 -1 3
     -1+mW^2
    Wbox 2 10  4 1  0 2 -1 2
     3/2-1/2*d
    Wbox 2 10  4 1  -1 2 0 2
     -1/2
    Wbox 2 10  4 0  0 2 0 2
     1/2*s
;
  Wbox 2 10  5 2  -1 2 -1 3
   1
    Wbox 2 10  5 2  -1 3 -1 2
     1
    Wbox 2 10  5 1  0 2 -1 3
     -1+t
    Wbox 2 10  4 1  0 1 -1 3
     -1
    Wbox 2 10  4 1  0 2 -1 2
     -1
    Wbox 2 10  4 1  -1 2 0 2
     -1/2
    Wbox 2 10  4 0  0 2 0 2
     1/2*s
    Wbox 2 10  3 0  0 1 0 2
     1/2
;
  Wbox 2 10  5 2  -1 2 -1 3
   1
    Wbox 2 10  5 2  -1 3 -1 2
     1
    Wbox 2 10  5 1  0 2 -1 3
     -1-mW^2
    Wbox 2 10  5 1  0 3 -1 2
     t-mW^2
    Wbox 2 10  4 1  0 2 -1 2
     -1
    Wbox 2 10  4 1  0 3 -1 1
     -1
    Wbox 2 10  4 1  -1 2 0 2
     -1/2
    Wbox 2 10  4 0  0 2 0 2
     -1/2+1/2*s+1/2*mW^2
    Wbox 2 10  3 0  0 2 0 1
     1/2
;
  Wbox 2 10  5 2  -1 1 -1 4
   1
    Wbox 2 10  5 2  -1 2 -1 3
     1/3
    Wbox 2 10  5 1  -1 1 0 4
     -1+t
    Wbox 2 10  4 1  0 1 -1 3
     -1/3
    Wbox 2 10  4 1  -1 1 0 3
     -1/3
    Wbox 2 10  4 0  0 1 0 3
     1/3*s
    Wbox 1 8  4 1  -1 0 0 4
     -1
    Wbox 1 8  3 0  0 0 0 3
     1/3
;
  Wbox 2 10  5 2  -1 1 -1 4
   1
    Wbox 2 10  5 2  -1 2 -1 3
     1/3
    Wbox 2 10  5 1  0 1 -1 4
     -1+mW^2
    Wbox 2 10  4 1  0 1 -1 3
     1-1/3*d
    Wbox 2 10  4 1  -1 1 0 3
     -1/3
    Wbox 2 10  4 0  0 1 0 3
     1/3*s
;
  Wbox 2 10  5 2  -1 1 -1 4
   1
    Wbox 2 10  5 2  -1 2 -1 3
     1/3
    Wbox 2 10  5 1  0 1 -1 4
     -1+t
    Wbox 2 10  4 1  0 1 -1 3
     -1/3
    Wbox 2 10  4 1  -1 1 0 3
     -1/3
    Wbox 2 10  4 0  0 1 0 3
     1/3*s
    Wbox 1 8  4 1  0 0 -1 4
     -1
    Wbox 1 8  3 0  0 0 0 3
     1/3
;
  Wbox 2 10  5 2  -1 1 -1 4
   1
    Wbox 2 10  5 2  -1 2 -1 3
     1/3
    Wbox 2 10  5 1  0 1 -1 4
     -1-mW^2
    Wbox 2 10  5 1  0 2 -1 3
     1/3*t-1/3*mW^2
    Wbox 2 10  4 1  0 1 -1 3
     -1
    Wbox 2 10  4 1  0 2 -1 2
     -1/3
    Wbox 2 10  4 1  -1 1 0 3
     -1/3
    Wbox 2 10  4 0  0 1 0 3
     -1/3+1/3*s+1/3*mW^2
    Wbox 2 10  3 0  0 1 0 2
     1/3
;
  Wbox 2 10  5 2  0 3 -2 2
   1
    Wbox 2 10  5 2  0 4 -2 1
     3
    Wbox 2 10  5 1  0 3 -1 2
     -1+t
    Wbox 2 10  4 1  0 2 -1 2
     -1
    Wbox 2 10  4 1  0 3 -1 1
     -4
    Wbox 2 10  3 0  0 2 0 1
     1
;
  Wbox 2 10  5 2  0 2 -2 3
   1
    Wbox 2 10  5 2  0 3 -2 2
     1
    Wbox 2 10  5 1  0 2 -1 3
     -1+t
    Wbox 2 10  4 1  0 1 -1 3
     -1
    Wbox 2 10  4 1  0 2 -1 2
     -3/2
    Wbox 2 10  3 0  0 1 0 2
     1/2
;
  Wbox 2 10  5 2  0 1 -2 4
   1
    Wbox 2 10  5 2  0 2 -2 3
     1/3
    Wbox 2 10  5 1  0 1 -1 4
     -1+t
    Wbox 2 10  4 1  0 1 -1 3
     -2/3
    Wbox 1 8  4 1  0 0 -1 4
     -1
    Wbox 1 8  3 0  0 0 0 3
     1/3
;
  Wbox 2 10  5 3  -3 3 0 2
   1
    Wbox 2 10  5 3  -3 4 0 1
     3
    Wbox 2 10  5 2  -2 3 0 2
     -1+mW^2
    Wbox 2 10  4 2  -2 3 0 1
     -d
;
  Wbox 2 10  5 3  -3 3 0 2
   1
    Wbox 2 10  5 3  -3 4 0 1
     3
    Wbox 2 10  5 2  -2 3 0 2
     -1+t
    Wbox 2 10  4 2  -2 2 0 2
     -1
    Wbox 2 10  4 2  -2 3 0 1
     -5
    Wbox 2 10  3 1  -1 2 0 1
     2
;
  Wbox 2 10  5 3  -3 3 0 2
   1
    Wbox 2 10  5 3  -3 4 0 1
     3
    Wbox 2 10  5 2  -2 3 0 2
     -1-mW^2
    Wbox 2 10  5 2  -2 4 0 1
     3*t-3*mW^2
    Wbox 2 10  4 2  -2 3 0 1
     -3
    Wbox 2 10  4 1  -1 3 0 1
     -2+2*mW^2
;
  Wbox 2 10  5 3  -3 2 0 3
   1
    Wbox 2 10  5 3  -3 3 0 2
     1
    Wbox 2 10  5 2  -2 2 0 3
     -1+mW^2
    Wbox 2 10  4 2  -2 2 0 2
     -1/2*d
;
  Wbox 2 10  5 3  -3 2 0 3
   1
    Wbox 2 10  5 3  -3 3 0 2
     1
    Wbox 2 10  5 2  -2 2 0 3
     -1+t
    Wbox 2 10  4 2  -2 1 0 3
     -1
    Wbox 2 10  4 2  -2 2 0 2
     -2
    Wbox 2 10  3 1  -1 1 0 2
     1
;
  Wbox 2 10  5 3  -3 2 0 3
   1
    Wbox 2 10  5 3  -3 3 0 2
     1
    Wbox 2 10  5 2  -2 2 0 3
     -1-mW^2
    Wbox 2 10  5 2  -2 3 0 2
     t-mW^2
    Wbox 2 10  4 2  -2 2 0 2
     -2
    Wbox 2 10  4 2  -2 3 0 1
     -1
    Wbox 2 10  4 1  -1 2 0 2
     -1+mW^2
    Wbox 2 10  3 1  -1 2 0 1
     1
;
  Wbox 2 10  5 3  -3 1 0 4
   1
    Wbox 2 10  5 3  -3 2 0 3
     1/3
    Wbox 2 10  5 2  -2 1 0 4
     -1+mW^2
    Wbox 2 10  4 2  -2 1 0 3
     -1/3*d
;
  Wbox 2 10  5 3  -3 1 0 4
   1
    Wbox 2 10  5 3  -3 2 0 3
     1/3
    Wbox 2 10  5 2  -2 1 0 4
     -1+t
    Wbox 2 10  4 2  -2 1 0 3
     -1
    Wbox 1 8  4 2  -2 0 0 4
     -1
    Wbox 1 8  3 1  -1 0 0 3
     2/3
;
  Wbox 2 10  5 3  -3 1 0 4
   1
    Wbox 2 10  5 3  -3 2 0 3
     1/3
    Wbox 2 10  5 2  -2 1 0 4
     -1-mW^2
    Wbox 2 10  5 2  -2 2 0 3
     1/3*t-1/3*mW^2
    Wbox 2 10  4 2  -2 1 0 3
     -5/3
    Wbox 2 10  4 2  -2 2 0 2
     -1/3
    Wbox 2 10  4 1  -1 1 0 3
     -2/3+2/3*mW^2
    Wbox 2 10  3 1  -1 1 0 2
     2/3
;
  Wbox 2 10  5 3  -2 3 -1 2
   1
    Wbox 2 10  5 3  -2 4 -1 1
     3
    Wbox 2 10  5 2  -2 3 0 2
     -1+t
    Wbox 2 10  4 2  -1 3 -1 1
     -2
    Wbox 2 10  4 2  -2 2 0 2
     -1
    Wbox 2 10  4 2  -2 3 0 1
     -3
    Wbox 2 10  4 1  -1 3 0 1
     2*s
    Wbox 2 10  3 1  -1 2 0 1
     2
;
  Wbox 2 10  5 3  -2 3 -1 2
   1
    Wbox 2 10  5 3  -2 4 -1 1
     3
    Wbox 2 10  5 2  -1 3 -1 2
     -1+mW^2
    Wbox 2 10  4 2  -1 3 -1 1
     1-d
    Wbox 2 10  4 2  -2 3 0 1
     -1
    Wbox 2 10  4 1  -1 3 0 1
     s
;
  Wbox 2 10  5 3  -2 3 -1 2
   1
    Wbox 2 10  5 3  -2 4 -1 1
     3
    Wbox 2 10  5 2  -1 3 -1 2
     -1+t
    Wbox 2 10  4 2  -1 2 -1 2
     -1
    Wbox 2 10  4 2  -1 3 -1 1
     -4
    Wbox 2 10  4 2  -2 3 0 1
     -1
    Wbox 2 10  4 1  -1 3 0 1
     s
    Wbox 2 10  3 1  0 2 -1 1
     1
    Wbox 2 10  3 1  -1 2 0 1
     1
;
  Wbox 2 10  5 3  -2 3 -1 2
   1
    Wbox 2 10  5 3  -2 4 -1 1
     3
    Wbox 2 10  5 2  -1 3 -1 2
     -1-mW^2
    Wbox 2 10  5 2  -1 4 -1 1
     3*t-3*mW^2
    Wbox 2 10  4 2  -1 3 -1 1
     -2
    Wbox 2 10  4 2  -2 3 0 1
     -1
    Wbox 2 10  4 1  0 3 -1 1
     -1+mW^2
    Wbox 2 10  4 1  -1 3 0 1
     -1+s+mW^2
;
  Wbox 2 10  5 3  -2 2 -1 3
   1
    Wbox 2 10  5 3  -2 3 -1 2
     1
    Wbox 2 10  5 2  -2 2 0 3
     -1+t
    Wbox 2 10  4 2  -1 2 -1 2
     -1
    Wbox 2 10  4 2  -2 1 0 3
     -1
    Wbox 2 10  4 2  -2 2 0 2
     -1
    Wbox 2 10  4 1  -1 2 0 2
     s
    Wbox 2 10  3 1  -1 1 0 2
     1
;
  Wbox 2 10  5 3  -2 2 -1 3
   1
    Wbox 2 10  5 3  -2 3 -1 2
     1
    Wbox 2 10  5 2  -1 2 -1 3
     -1+mW^2
    Wbox 2 10  4 2  -1 2 -1 2
     1/2-1/2*d
    Wbox 2 10  4 2  -2 2 0 2
     -1/2
    Wbox 2 10  4 1  -1 2 0 2
     1/2*s
;
  Wbox 2 10  5 3  -2 2 -1 3
   1
    Wbox 2 10  5 3  -2 3 -1 2
     1
    Wbox 2 10  5 2  -1 2 -1 3
     -1+t
    Wbox 2 10  4 2  -1 1 -1 3
     -1
    Wbox 2 10  4 2  -1 2 -1 2
     -3/2
    Wbox 2 10  4 2  -2 2 0 2
     -1/2
    Wbox 2 10  4 1  -1 2 0 2
     1/2*s
    Wbox 2 10  3 1  0 1 -1 2
     1/2
    Wbox 2 10  3 1  -1 1 0 2
     1/2
;
  Wbox 2 10  5 3  -2 2 -1 3
   1
    Wbox 2 10  5 3  -2 3 -1 2
     1
    Wbox 2 10  5 2  -1 2 -1 3
     -1-mW^2
    Wbox 2 10  5 2  -1 3 -1 2
     t-mW^2
    Wbox 2 10  4 2  -1 2 -1 2
     -3/2
    Wbox 2 10  4 2  -1 3 -1 1
     -1
    Wbox 2 10  4 2  -2 2 0 2
     -1/2
    Wbox 2 10  4 1  0 2 -1 2
     -1/2+1/2*mW^2
    Wbox 2 10  4 1  -1 2 0 2
     -1/2+1/2*s+1/2*mW^2
    Wbox 2 10  3 1  0 2 -1 1
     1/2
    Wbox 2 10  3 1  -1 2 0 1
     1/2
;
  Wbox 2 10  5 3  -2 1 -1 4
   1
    Wbox 2 10  5 3  -2 2 -1 3
     1/3
    Wbox 2 10  5 2  -2 1 0 4
     -1+t
    Wbox 2 10  4 2  -1 1 -1 3
     -2/3
    Wbox 2 10  4 2  -2 1 0 3
     -1/3
    Wbox 2 10  4 1  -1 1 0 3
     2/3*s
    Wbox 1 8  4 2  -2 0 0 4
     -1
    Wbox 1 8  3 1  -1 0 0 3
     2/3
;
  Wbox 2 10  5 3  -2 1 -1 4
   1
    Wbox 2 10  5 3  -2 2 -1 3
     1/3
    Wbox 2 10  5 2  -1 1 -1 4
     -1+mW^2
    Wbox 2 10  4 2  -1 1 -1 3
     1/3-1/3*d
    Wbox 2 10  4 2  -2 1 0 3
     -1/3
    Wbox 2 10  4 1  -1 1 0 3
     1/3*s
;
  Wbox 2 10  5 3  -2 1 -1 4
   1
    Wbox 2 10  5 3  -2 2 -1 3
     1/3
    Wbox 2 10  5 2  -1 1 -1 4
     -1+t
    Wbox 2 10  4 2  -1 1 -1 3
     -2/3
    Wbox 2 10  4 2  -2 1 0 3
     -1/3
    Wbox 2 10  4 1  -1 1 0 3
     1/3*s
    Wbox 1 8  4 2  -1 0 -1 4
     -1
    Wbox 1 8  3 1  0 0 -1 3
     1/3
    Wbox 1 8  3 1  -1 0 0 3
     1/3
;
  Wbox 2 10  5 3  -2 1 -1 4
   1
    Wbox 2 10  5 3  -2 2 -1 3
     1/3
    Wbox 2 10  5 2  -1 1 -1 4
     -1-mW^2
    Wbox 2 10  5 2  -1 2 -1 3
     1/3*t-1/3*mW^2
    Wbox 2 10  4 2  -1 1 -1 3
     -4/3
    Wbox 2 10  4 2  -1 2 -1 2
     -1/3
    Wbox 2 10  4 2  -2 1 0 3
     -1/3
    Wbox 2 10  4 1  0 1 -1 3
     -1/3+1/3*mW^2
    Wbox 2 10  4 1  -1 1 0 3
     -1/3+1/3*s+1/3*mW^2
    Wbox 2 10  3 1  0 1 -1 2
     1/3
    Wbox 2 10  3 1  -1 1 0 2
     1/3
;
  Wbox 2 10  5 3  -1 3 -2 2
   1
    Wbox 2 10  5 3  -1 4 -2 1
     3
    Wbox 2 10  5 2  -1 3 -1 2
     -1+t
    Wbox 2 10  4 2  0 3 -2 1
     -1
    Wbox 2 10  4 2  -1 2 -1 2
     -1
    Wbox 2 10  4 2  -1 3 -1 1
     -4
    Wbox 2 10  4 1  0 3 -1 1
     s
    Wbox 2 10  3 1  0 2 -1 1
     1
    Wbox 2 10  3 1  -1 2 0 1
     1
;
  Wbox 2 10  5 3  -1 3 -2 2
   1
    Wbox 2 10  5 3  -1 4 -2 1
     3
    Wbox 2 10  5 2  0 3 -2 2
     -1+mW^2
    Wbox 2 10  4 2  0 3 -2 1
     2-d
    Wbox 2 10  4 2  -1 3 -1 1
     -2
    Wbox 2 10  4 1  0 3 -1 1
     2*s
;
  Wbox 2 10  5 3  -1 3 -2 2
   1
    Wbox 2 10  5 3  -1 4 -2 1
     3
    Wbox 2 10  5 2  0 3 -2 2
     -1+t
    Wbox 2 10  4 2  0 2 -2 2
     -1
    Wbox 2 10  4 2  0 3 -2 1
     -3
    Wbox 2 10  4 2  -1 3 -1 1
     -2
    Wbox 2 10  4 1  0 3 -1 1
     2*s
    Wbox 2 10  3 1  0 2 -1 1
     2
;
  Wbox 2 10  5 3  -1 3 -2 2
   1
    Wbox 2 10  5 3  -1 4 -2 1
     3
    Wbox 2 10  5 2  0 3 -2 2
     -1-mW^2
    Wbox 2 10  5 2  0 4 -2 1
     3*t-3*mW^2
    Wbox 2 10  4 2  0 3 -2 1
     -1
    Wbox 2 10  4 2  -1 3 -1 1
     -2
    Wbox 2 10  4 1  0 3 -1 1
     -2+2*s+2*mW^2
;
  Wbox 2 10  5 3  -1 2 -2 3
   1
    Wbox 2 10  5 3  -1 3 -2 2
     1
    Wbox 2 10  5 2  -1 2 -1 3
     -1+t
    Wbox 2 10  4 2  0 2 -2 2
     -1/2
    Wbox 2 10  4 2  -1 1 -1 3
     -1
    Wbox 2 10  4 2  -1 2 -1 2
     -3/2
    Wbox 2 10  4 1  0 2 -1 2
     1/2*s
    Wbox 2 10  3 1  0 1 -1 2
     1/2
    Wbox 2 10  3 1  -1 1 0 2
     1/2
;
  Wbox 2 10  5 3  -1 2 -2 3
   1
    Wbox 2 10  5 3  -1 3 -2 2
     1
    Wbox 2 10  5 2  0 2 -2 3
     -1+mW^2
    Wbox 2 10  4 2  0 2 -2 2
     1-1/2*d
    Wbox 2 10  4 2  -1 2 -1 2
     -1
    Wbox 2 10  4 1  0 2 -1 2
     s
;
  Wbox 2 10  5 3  -1 2 -2 3
   1
    Wbox 2 10  5 3  -1 3 -2 2
     1
    Wbox 2 10  5 2  0 2 -2 3
     -1+t
    Wbox 2 10  4 2  0 1 -2 3
     -1
    Wbox 2 10  4 2  0 2 -2 2
     -1
    Wbox 2 10  4 2  -1 2 -1 2
     -1
    Wbox 2 10  4 1  0 2 -1 2
     s
    Wbox 2 10  3 1  0 1 -1 2
     1
;
  Wbox 2 10  5 3  -1 2 -2 3
   1
    Wbox 2 10  5 3  -1 3 -2 2
     1
    Wbox 2 10  5 2  0 2 -2 3
     -1-mW^2
    Wbox 2 10  5 2  0 3 -2 2
     t-mW^2
    Wbox 2 10  4 2  0 2 -2 2
     -1
    Wbox 2 10  4 2  0 3 -2 1
     -1
    Wbox 2 10  4 2  -1 2 -1 2
     -1
    Wbox 2 10  4 1  0 2 -1 2
     -1+s+mW^2
    Wbox 2 10  3 1  0 2 -1 1
     1
;
  Wbox 2 10  5 3  -1 1 -2 4
   1
    Wbox 2 10  5 3  -1 2 -2 3
     1/3
    Wbox 2 10  5 2  -1 1 -1 4
     -1+t
    Wbox 2 10  4 2  0 1 -2 3
     -1/3
    Wbox 2 10  4 2  -1 1 -1 3
     -2/3
    Wbox 2 10  4 1  0 1 -1 3
     1/3*s
    Wbox 1 8  4 2  -1 0 -1 4
     -1
    Wbox 1 8  3 1  0 0 -1 3
     1/3
    Wbox 1 8  3 1  -1 0 0 3
     1/3
;
  Wbox 2 10  5 3  -1 1 -2 4
   1
    Wbox 2 10  5 3  -1 2 -2 3
     1/3
    Wbox 2 10  5 2  0 1 -2 4
     -1+mW^2
    Wbox 2 10  4 2  0 1 -2 3
     2/3-1/3*d
    Wbox 2 10  4 2  -1 1 -1 3
     -2/3
    Wbox 2 10  4 1  0 1 -1 3
     2/3*s
;
  Wbox 2 10  5 3  -1 1 -2 4
   1
    Wbox 2 10  5 3  -1 2 -2 3
     1/3
    Wbox 2 10  5 2  0 1 -2 4
     -1+t
    Wbox 2 10  4 2  0 1 -2 3
     -1/3
    Wbox 2 10  4 2  -1 1 -1 3
     -2/3
    Wbox 2 10  4 1  0 1 -1 3
     2/3*s
    Wbox 1 8  4 2  0 0 -2 4
     -1
    Wbox 1 8  3 1  0 0 -1 3
     2/3
;
  Wbox 2 10  5 3  -1 1 -2 4
   1
    Wbox 2 10  5 3  -1 2 -2 3
     1/3
    Wbox 2 10  5 2  0 1 -2 4
     -1-mW^2
    Wbox 2 10  5 2  0 2 -2 3
     1/3*t-1/3*mW^2
    Wbox 2 10  4 2  0 1 -2 3
     -1
    Wbox 2 10  4 2  0 2 -2 2
     -1/3
    Wbox 2 10  4 2  -1 1 -1 3
     -2/3
    Wbox 2 10  4 1  0 1 -1 3
     -2/3+2/3*s+2/3*mW^2
    Wbox 2 10  3 1  0 1 -1 2
     2/3
;
  Wbox 2 10  5 3  0 3 -3 2
   1
    Wbox 2 10  5 3  0 4 -3 1
     3
    Wbox 2 10  5 2  0 3 -2 2
     -1+t
    Wbox 2 10  4 2  0 2 -2 2
     -1
    Wbox 2 10  4 2  0 3 -2 1
     -5
    Wbox 2 10  3 1  0 2 -1 1
     2
;
  Wbox 2 10  5 3  0 2 -3 3
   1
    Wbox 2 10  5 3  0 3 -3 2
     1
    Wbox 2 10  5 2  0 2 -2 3
     -1+t
    Wbox 2 10  4 2  0 1 -2 3
     -1
    Wbox 2 10  4 2  0 2 -2 2
     -2
    Wbox 2 10  3 1  0 1 -1 2
     1
;
  Wbox 2 10  5 3  0 1 -3 4
   1
    Wbox 2 10  5 3  0 2 -3 3
     1/3
    Wbox 2 10  5 2  0 1 -2 4
     -1+t
    Wbox 2 10  4 2  0 1 -2 3
     -1
    Wbox 1 8  4 2  0 0 -2 4
     -1
    Wbox 1 8  3 1  0 0 -1 3
     2/3
;
