  Wbox 1 8  1 1  -1 0 0 1
   1
    Wbox 1 8  1 0  0 0 0 1
     -1-mW^2
;
  Wbox 1 8  1 1  0 -1 0 1
   1
    Wbox 1 8  1 0  0 0 0 1
     -t-mW^2
;
  Wbox 1 8  1 1  0 0 -1 1
   1
    Wbox 1 8  1 0  0 0 0 1
     -1-mW^2
;
  Wbox 1 8  1 2  -2 0 0 1
   1
    Wbox 1 8  1 0  0 0 0 1
     -d^(-1)*(d+2*mW^2*d+mW^4*d+4*mW^2)
;
  Wbox 1 8  1 2  -1 -1 0 1
   1
    Wbox 1 8  1 0  0 0 0 1
     -(2*mW^2*t+d*t+mW^2*d+mW^2*d*t+mW^4*d+2*mW^2)*d^(-1)
;
  Wbox 1 8  1 2  -1 0 -1 1
   1
    Wbox 1 8  1 0  0 0 0 1
     -(d+2*mW^2*d+mW^4*d-2*mW^2*s+4*mW^2)*d^(-1)
;
  Wbox 1 8  1 2  0 -2 0 1
   1
    Wbox 1 8  1 0  0 0 0 1
     -(d*t^2+4*mW^2*t+2*mW^2*d*t+mW^4*d)*d^(-1)
;
  Wbox 1 8  1 2  0 -1 -1 1
   1
    Wbox 1 8  1 0  0 0 0 1
     -(2*mW^2*t+d*t+mW^2*d+mW^2*d*t+mW^4*d+2*mW^2)*d^(-1)
;
  Wbox 1 8  1 2  0 0 -2 1
   1
    Wbox 1 8  1 0  0 0 0 1
     -d^(-1)*(d+2*mW^2*d+mW^4*d+4*mW^2)
;
  Wbox 1 8  2 0  0 0 0 2
   1
    Wbox 1 8  1 0  0 0 0 1
     -1/2*mW^(-2)*(-2+d)
;
  Wbox 1 8  2 1  -1 0 0 2
   1
    Wbox 1 8  1 0  0 0 0 1
     -1/2*mW^(-2)*(-2+d+mW^2*d)
;
  Wbox 1 8  2 1  0 -1 0 2
   1
    Wbox 1 8  1 0  0 0 0 1
     -1/2*mW^(-2)*(d*t+mW^2*d-2*t)
;
  Wbox 1 8  2 1  0 0 -1 2
   1
    Wbox 1 8  1 0  0 0 0 1
     -1/2*mW^(-2)*(-2+d+mW^2*d)
;
  Wbox 1 8  2 2  -2 0 0 2
   1
    Wbox 1 8  1 0  0 0 0 1
     -1/2*mW^(-2)*(-2+2*mW^4+d+2*mW^2*d+mW^4*d+4*mW^2)
;
  Wbox 1 8  2 2  -1 -1 0 2
   1
    Wbox 1 8  1 0  0 0 0 1
     -1/2*mW^(-2)*(2*mW^2*t+2*mW^4+d*t+mW^2*d+mW^2*d*t-2*t+mW^4*d+2*mW^2)
;
  Wbox 1 8  2 2  -1 0 -1 2
   1
    Wbox 1 8  1 0  0 0 0 1
     -1/2*mW^(-2)*(-2+2*mW^4+d+2*mW^2*d+mW^4*d-2*mW^2*s+4*mW^2)
;
  Wbox 1 8  2 2  0 -2 0 2
   1
    Wbox 1 8  1 0  0 0 0 1
     -1/2*mW^(-2)*(d*t^2+4*mW^2*t+2*mW^4-2*t^2+2*mW^2*d*t+mW^4*d)
;
  Wbox 1 8  2 2  0 -1 -1 2
   1
    Wbox 1 8  1 0  0 0 0 1
     -1/2*mW^(-2)*(2*mW^2*t+2*mW^4+d*t+mW^2*d+mW^2*d*t-2*t+mW^4*d+2*mW^2)
;
  Wbox 1 8  2 2  0 0 -2 2
   1
    Wbox 1 8  1 0  0 0 0 1
     -1/2*mW^(-2)*(-2+2*mW^4+d+2*mW^2*d+mW^4*d+4*mW^2)
;
  Wbox 1 8  2 3  -3 0 0 2
   1
    Wbox 1 8  1 0  0 0 0 1
     -1/2*mW^(-2)*d^(-1)*(3*mW^2*d^2+d^2+24*mW^4-2*d+12*mW^2*d+4*mW^6*d+3*mW^4*d^2+18*mW^4*d+mW^6*d^2)
;
  Wbox 1 8  2 3  -2 -1 0 2
   1
    Wbox 1 8  1 0  0 0 0 1
     -1/2*mW^(-2)*d^(-1)*(mW^2*d^2+6*mW^4*d*t+16*mW^4-2*d*t+4*mW^2*d+8*mW^2*d*t+4*mW^6*d+8*mW^4*t+2*mW^2*d^2*t+d^2*t+2*mW^4*d^2+12*mW^4*d+mW^4*d^2*t+mW^6*d^2)
;
  Wbox 1 8  2 3  -2 0 -1 2
   1
    Wbox 1 8  1 0  0 0 0 1
     -1/2*mW^(-2)*d^(-1)*(3*mW^2*d^2+d^2-4*mW^2*s*d+24*mW^4-8*mW^4*s-2*d+12*mW^2*d-4*mW^4*s*d+4*mW^6*d+3*mW^4*d^2+18*mW^4*d+mW^6*d^2)
;
  Wbox 1 8  2 3  -1 -2 0 2
   1
    Wbox 1 8  1 0  0 0 0 1
     -1/2*mW^(-2)*(4*mW^2*d*t^2-2*d*t^2+12*mW^4*d*t+8*mW^4+8*mW^2*d*t+4*mW^6*d+16*mW^4*t+2*mW^2*d^2*t+mW^4*d^2+d^2*t^2+6*mW^4*d+2*mW^4*d^2*t+mW^2*d^2*t^2+mW^6*d^2)*d^(-1)
;
  Wbox 1 8  2 3  -1 -1 -1 2
   1
    Wbox 1 8  1 0  0 0 0 1
     -1/2*mW^(-2)*d^(-1)*(mW^2*d^2+6*mW^4*d*t+16*mW^4-4*mW^4*s-2*d*t+4*mW^2*d+8*mW^2*d*t-2*mW^4*s*d+4*mW^6*d+8*mW^4*t+2*mW^2*d^2*t+d^2*t+2*mW^4*d^2+12*mW^4*d-2*mW^2*s*d*t+mW^4*d^2*t+mW^6*d^2)
;
  Wbox 1 8  2 3  -1 0 -2 2
   1
    Wbox 1 8  1 0  0 0 0 1
     -1/2*mW^(-2)*d^(-1)*(3*mW^2*d^2+d^2-4*mW^2*s*d+24*mW^4-8*mW^4*s-2*d+12*mW^2*d-4*mW^4*s*d+4*mW^6*d+3*mW^4*d^2+18*mW^4*d+mW^6*d^2)
;
  Wbox 1 8  2 3  0 -3 0 2
   1
    Wbox 1 8  1 0  0 0 0 1
     1/2*mW^(-2)*d^(-1)*(2*d*t^3-12*mW^2*d*t^2-18*mW^4*d*t-4*mW^6*d-24*mW^4*t-3*mW^4*d^2*t-3*mW^2*d^2*t^2-d^2*t^3-mW^6*d^2)
;
  Wbox 1 8  2 3  0 -2 -1 2
   1
    Wbox 1 8  1 0  0 0 0 1
     -1/2*mW^(-2)*(4*mW^2*d*t^2-2*d*t^2+12*mW^4*d*t+8*mW^4+8*mW^2*d*t+4*mW^6*d+16*mW^4*t+2*mW^2*d^2*t+mW^4*d^2+d^2*t^2+6*mW^4*d+2*mW^4*d^2*t+mW^2*d^2*t^2+mW^6*d^2)*d^(-1)
;
  Wbox 1 8  2 3  0 -1 -2 2
   1
    Wbox 1 8  1 0  0 0 0 1
     -1/2*mW^(-2)*d^(-1)*(mW^2*d^2+6*mW^4*d*t+16*mW^4-2*d*t+4*mW^2*d+8*mW^2*d*t+4*mW^6*d+8*mW^4*t+2*mW^2*d^2*t+d^2*t+2*mW^4*d^2+12*mW^4*d+mW^4*d^2*t+mW^6*d^2)
;
  Wbox 1 8  2 3  0 0 -3 2
   1
    Wbox 1 8  1 0  0 0 0 1
     -1/2*mW^(-2)*d^(-1)*(3*mW^2*d^2+d^2+24*mW^4-2*d+12*mW^2*d+4*mW^6*d+3*mW^4*d^2+18*mW^4*d+mW^6*d^2)
;
  Wbox 1 8  3 0  0 0 0 3
   1
    Wbox 1 8  1 0  0 0 0 1
     -1/8*mW^(-4)*(8+d^2-6*d)
;
  Wbox 1 8  3 1  -1 0 0 3
   1
    Wbox 1 8  1 0  0 0 0 1
     -1/8*mW^(-4)*(8+mW^2*d^2+d^2-6*d-2*mW^2*d)
;
  Wbox 1 8  3 1  0 -1 0 3
   1
    Wbox 1 8  1 0  0 0 0 1
     -1/8*mW^(-4)*(mW^2*d^2-6*d*t-2*mW^2*d+d^2*t+8*t)
;
  Wbox 1 8  3 1  0 0 -1 3
   1
    Wbox 1 8  1 0  0 0 0 1
     -1/8*mW^(-4)*(8+mW^2*d^2+d^2-6*d-2*mW^2*d)
;
  Wbox 1 8  3 2  -2 0 0 3
   1
    Wbox 1 8  1 0  0 0 0 1
     -1/8*mW^(-4)*(8+2*mW^2*d^2+d^2-6*d+mW^4*d^2+2*mW^4*d-8*mW^2)
;
  Wbox 1 8  3 2  -1 -1 0 3
   1
    Wbox 1 8  1 0  0 0 0 1
     -1/8*mW^(-4)*(mW^2*d^2-4*mW^2*t-6*d*t+mW^2*d^2*t+d^2*t+mW^4*d^2+8*t+2*mW^4*d-4*mW^2)
;
  Wbox 1 8  3 2  -1 0 -1 3
   1
    Wbox 1 8  1 0  0 0 0 1
     -1/8*mW^(-4)*(8+2*mW^2*d^2+d^2-2*mW^2*s*d-6*d+mW^4*d^2+2*mW^4*d+4*mW^2*s-8*mW^2)
;
  Wbox 1 8  3 2  0 -2 0 3
   1
    Wbox 1 8  1 0  0 0 0 1
     1/8*mW^(-4)*(6*d*t^2+8*mW^2*t-8*t^2-2*mW^2*d^2*t-mW^4*d^2-d^2*t^2-2*mW^4*d)
;
  Wbox 1 8  3 2  0 -1 -1 3
   1
    Wbox 1 8  1 0  0 0 0 1
     -1/8*mW^(-4)*(mW^2*d^2-4*mW^2*t-6*d*t+mW^2*d^2*t+d^2*t+mW^4*d^2+8*t+2*mW^4*d-4*mW^2)
;
  Wbox 1 8  3 2  0 0 -2 3
   1
    Wbox 1 8  1 0  0 0 0 1
     -1/8*mW^(-4)*(8+2*mW^2*d^2+d^2-6*d+mW^4*d^2+2*mW^4*d-8*mW^2)
;
  Wbox 1 8  3 3  -3 0 0 3
   1
    Wbox 1 8  1 0  0 0 0 1
     -1/8*mW^(-4)*(8+8*mW^6+3*mW^2*d^2+d^2+24*mW^4-6*d+6*mW^2*d+6*mW^6*d+3*mW^4*d^2+18*mW^4*d-24*mW^2+mW^6*d^2)
;
  Wbox 1 8  3 3  -2 -1 0 3
   1
    Wbox 1 8  1 0  0 0 0 1
     -1/8*mW^(-4)*(8*mW^6+mW^2*d^2-16*mW^2*t+6*mW^4*d*t+16*mW^4-6*d*t+2*mW^2*d+4*mW^2*d*t+6*mW^6*d+8*mW^4*t+2*mW^2*d^2*t+d^2*t+2*mW^4*d^2+8*t+12*mW^4*d+mW^4*d^2*t-8*mW^2+mW^6*d^2)
;
  Wbox 1 8  3 3  -2 0 -1 3
   1
    Wbox 1 8  1 0  0 0 0 1
     -1/8*mW^(-4)*(8+8*mW^6+3*mW^2*d^2+d^2-4*mW^2*s*d+24*mW^4-8*mW^4*s-6*d+6*mW^2*d-4*mW^4*s*d+6*mW^6*d+3*mW^4*d^2+18*mW^4*d+8*mW^2*s-24*mW^2+mW^6*d^2)
;
  Wbox 1 8  3 3  -1 -2 0 3
   1
    Wbox 1 8  1 0  0 0 0 1
     -1/8*mW^(-4)*(2*mW^2*d*t^2+8*mW^6-6*d*t^2-16*mW^2*t+12*mW^4*d*t+8*mW^4-8*mW^2*t^2+8*t^2+4*mW^2*d*t+6*mW^6*d+16*mW^4*t+2*mW^2*d^2*t+mW^4*d^2+d^2*t^2+6*mW^4*d+2*mW^4*d^2*t+mW^2*d^2*t^2+mW^6*d^2)
;
  Wbox 1 8  3 3  -1 -1 -1 3
   1
    Wbox 1 8  1 0  0 0 0 1
     -1/8*mW^(-4)*(8*mW^6+mW^2*d^2-16*mW^2*t+6*mW^4*d*t+16*mW^4-4*mW^4*s-6*d*t+2*mW^2*d+4*mW^2*d*t+4*mW^2*s*t-2*mW^4*s*d+6*mW^6*d+8*mW^4*t+2*mW^2*d^2*t+d^2*t+2*mW^4*d^2+8*t+12*mW^4*d-2*mW^2*s*d*t+mW^4*d^2*t-8*mW^2+mW^6*d^2)
;
  Wbox 1 8  3 3  -1 0 -2 3
   1
    Wbox 1 8  1 0  0 0 0 1
     -1/8*mW^(-4)*(8+8*mW^6+3*mW^2*d^2+d^2-4*mW^2*s*d+24*mW^4-8*mW^4*s-6*d+6*mW^2*d-4*mW^4*s*d+6*mW^6*d+3*mW^4*d^2+18*mW^4*d+8*mW^2*s-24*mW^2+mW^6*d^2)
;
  Wbox 1 8  3 3  0 -3 0 3
   1
    Wbox 1 8  1 0  0 0 0 1
     1/8*mW^(-4)*(6*d*t^3-6*mW^2*d*t^2-8*mW^6-18*mW^4*d*t-8*t^3+24*mW^2*t^2-6*mW^6*d-24*mW^4*t-3*mW^4*d^2*t-3*mW^2*d^2*t^2-d^2*t^3-mW^6*d^2)
;
  Wbox 1 8  3 3  0 -2 -1 3
   1
    Wbox 1 8  1 0  0 0 0 1
     -1/8*mW^(-4)*(2*mW^2*d*t^2+8*mW^6-6*d*t^2-16*mW^2*t+12*mW^4*d*t+8*mW^4-8*mW^2*t^2+8*t^2+4*mW^2*d*t+6*mW^6*d+16*mW^4*t+2*mW^2*d^2*t+mW^4*d^2+d^2*t^2+6*mW^4*d+2*mW^4*d^2*t+mW^2*d^2*t^2+mW^6*d^2)
;
  Wbox 1 8  3 3  0 -1 -2 3
   1
    Wbox 1 8  1 0  0 0 0 1
     -1/8*mW^(-4)*(8*mW^6+mW^2*d^2-16*mW^2*t+6*mW^4*d*t+16*mW^4-6*d*t+2*mW^2*d+4*mW^2*d*t+6*mW^6*d+8*mW^4*t+2*mW^2*d^2*t+d^2*t+2*mW^4*d^2+8*t+12*mW^4*d+mW^4*d^2*t-8*mW^2+mW^6*d^2)
;
  Wbox 1 8  3 3  0 0 -3 3
   1
    Wbox 1 8  1 0  0 0 0 1
     -1/8*mW^(-4)*(8+8*mW^6+3*mW^2*d^2+d^2+24*mW^4-6*d+6*mW^2*d+6*mW^6*d+3*mW^4*d^2+18*mW^4*d-24*mW^2+mW^6*d^2)
;
  Wbox 1 8  4 0  0 0 0 4
   1
    Wbox 1 8  1 0  0 0 0 1
     -1/48*mW^(-6)*(-48+d^3-12*d^2+44*d)
;
  Wbox 1 8  4 1  -1 0 0 4
   1
    Wbox 1 8  1 0  0 0 0 1
     -1/48*mW^(-6)*(-48+d^3-6*mW^2*d^2-12*d^2+mW^2*d^3+44*d+8*mW^2*d)
;
  Wbox 1 8  4 1  0 -1 0 4
   1
    Wbox 1 8  1 0  0 0 0 1
     1/48*mW^(-6)*(6*mW^2*d^2-mW^2*d^3-44*d*t-8*mW^2*d+12*d^2*t+48*t-d^3*t)
;
  Wbox 1 8  4 1  0 0 -1 4
   1
    Wbox 1 8  1 0  0 0 0 1
     -1/48*mW^(-6)*(-48+d^3-6*mW^2*d^2-12*d^2+mW^2*d^3+44*d+8*mW^2*d)
;
  Wbox 1 8  4 2  -2 0 0 4
   1
    Wbox 1 8  1 0  0 0 0 1
     -1/48*mW^(-6)*(-48+d^3-8*mW^2*d^2-12*d^2+2*mW^2*d^3+44*d-8*mW^2*d+mW^4*d^3-4*mW^4*d+32*mW^2)
;
  Wbox 1 8  4 2  -1 -1 0 4
   1
    Wbox 1 8  1 0  0 0 0 1
     1/48*mW^(-6)*(4*mW^2*d^2-16*mW^2*t-mW^2*d^3-44*d*t+4*mW^2*d+4*mW^2*d*t-mW^4*d^3+4*mW^2*d^2*t+12*d^2*t-mW^2*d^3*t+48*t+4*mW^4*d-d^3*t-16*mW^2)
;
  Wbox 1 8  4 2  -1 0 -1 4
   1
    Wbox 1 8  1 0  0 0 0 1
     -1/48*mW^(-6)*(-48+d^3-8*mW^2*d^2-12*d^2+2*mW^2*d^3+12*mW^2*s*d-2*mW^2*s*d^2+44*d-8*mW^2*d+mW^4*d^3-4*mW^4*d-16*mW^2*s+32*mW^2)
;
  Wbox 1 8  4 2  0 -2 0 4
   1
    Wbox 1 8  1 0  0 0 0 1
     -1/48*mW^(-6)*(44*d*t^2+32*mW^2*t-48*t^2-8*mW^2*d*t+mW^4*d^3+d^3*t^2-8*mW^2*d^2*t+2*mW^2*d^3*t-12*d^2*t^2-4*mW^4*d)
;
  Wbox 1 8  4 2  0 -1 -1 4
   1
    Wbox 1 8  1 0  0 0 0 1
     1/48*mW^(-6)*(4*mW^2*d^2-16*mW^2*t-mW^2*d^3-44*d*t+4*mW^2*d+4*mW^2*d*t-mW^4*d^3+4*mW^2*d^2*t+12*d^2*t-mW^2*d^3*t+48*t+4*mW^4*d-d^3*t-16*mW^2)
;
  Wbox 1 8  4 2  0 0 -2 4
   1
    Wbox 1 8  1 0  0 0 0 1
     -1/48*mW^(-6)*(-48+d^3-8*mW^2*d^2-12*d^2+2*mW^2*d^3+44*d-8*mW^2*d+mW^4*d^3-4*mW^4*d+32*mW^2)
;
  Wbox 1 8  4 3  -3 0 0 4
   1
    Wbox 1 8  4 2  -2 0 0 4
     -1+mW^2
    Wbox 1 8  3 2  -2 0 0 3
     -1/3-1/3*d
;
  Wbox 1 8  4 3  -3 0 0 4
   1
    Wbox 1 8  4 2  -2 0 0 4
     -1-mW^2
    Wbox 1 8  3 2  -2 0 0 3
     -5/3
    Wbox 1 8  3 1  -1 0 0 3
     -2/3+2/3*mW^2
    Wbox 1 8  2 1  -1 0 0 2
     2/3
;
  Wbox 1 8  4 3  -2 -1 0 4
   1
    Wbox 1 8  4 2  -1 -1 0 4
     -1+mW^2
    Wbox 1 8  3 2  -1 -1 0 3
     -1/3*d
    Wbox 1 8  3 2  -2 0 0 3
     -1/3
;
  Wbox 1 8  4 3  -2 -1 0 4
   1
    Wbox 1 8  4 2  -1 -1 0 4
     -1-mW^2
    Wbox 1 8  3 2  -1 -1 0 3
     -4/3
    Wbox 1 8  3 2  -2 0 0 3
     -1/3
    Wbox 1 8  3 1  0 -1 0 3
     -1/3+1/3*mW^2
    Wbox 1 8  3 1  -1 0 0 3
     -1/3*t+1/3*mW^2
    Wbox 1 8  2 1  0 -1 0 2
     1/3
    Wbox 1 8  2 1  -1 0 0 2
     1/3
;
  Wbox 1 8  4 3  -2 -1 0 4
   1
    Wbox 1 8  4 3  -3 0 0 4
     -1
    Wbox 1 8  4 2  -2 0 0 4
     1-t
    Wbox 1 8  3 2  -1 -1 0 3
     -2/3
    Wbox 1 8  3 2  -2 0 0 3
     2/3
;
  Wbox 1 8  4 3  -2 0 -1 4
   1
    Wbox 1 8  4 2  -1 0 -1 4
     -1+mW^2
    Wbox 1 8  3 2  -1 0 -1 3
     -1/3*d
    Wbox 1 8  3 2  -2 0 0 3
     -1/3
    Wbox 1 8  3 1  -1 0 0 3
     1/3*s
;
  Wbox 1 8  4 3  -2 0 -1 4
   1
    Wbox 1 8  4 2  -1 0 -1 4
     -1-mW^2
    Wbox 1 8  3 2  -1 0 -1 3
     -4/3
    Wbox 1 8  3 2  -2 0 0 3
     -1/3
    Wbox 1 8  3 1  0 0 -1 3
     -1/3+1/3*mW^2
    Wbox 1 8  3 1  -1 0 0 3
     -1/3+1/3*s+1/3*mW^2
    Wbox 1 8  2 1  0 0 -1 2
     1/3
    Wbox 1 8  2 1  -1 0 0 2
     1/3
;
  Wbox 1 8  4 3  -2 0 -1 4
   1
    Wbox 1 8  4 3  -2 -1 0 4
     -1
    Wbox 1 8  4 2  -2 0 0 4
     -1+t
    Wbox 1 8  3 2  -1 0 -1 3
     -2/3
    Wbox 1 8  3 2  -1 -1 0 3
     2/3
    Wbox 1 8  3 1  -1 0 0 3
     2/3*s
;
  Wbox 1 8  4 3  -1 -2 0 4
   1
    Wbox 1 8  4 2  0 -2 0 4
     -1+mW^2
    Wbox 1 8  3 2  0 -2 0 3
     1/3-1/3*d
    Wbox 1 8  3 2  -1 -1 0 3
     -2/3
;
  Wbox 1 8  4 3  -1 -2 0 4
   1
    Wbox 1 8  4 2  0 -2 0 4
     -1-mW^2
    Wbox 1 8  3 2  0 -2 0 3
     -1
    Wbox 1 8  3 2  -1 -1 0 3
     -2/3
    Wbox 1 8  3 1  0 -1 0 3
     -2/3*t+2/3*mW^2
    Wbox 1 8  2 1  0 -1 0 2
     2/3
;
  Wbox 1 8  4 3  -1 -2 0 4
   1
    Wbox 1 8  4 3  -2 -1 0 4
     -1
    Wbox 1 8  4 2  -1 -1 0 4
     1-t
    Wbox 1 8  3 2  0 -2 0 3
     -1/3
    Wbox 1 8  3 2  -2 0 0 3
     1/3
;
  Wbox 1 8  4 3  -1 -1 -1 4
   1
    Wbox 1 8  4 2  0 -1 -1 4
     -1+mW^2
    Wbox 1 8  3 2  0 -1 -1 3
     1/3-1/3*d
    Wbox 1 8  3 2  -1 0 -1 3
     -1/3
    Wbox 1 8  3 2  -1 -1 0 3
     -1/3
    Wbox 1 8  3 1  0 -1 0 3
     1/3*s
;
  Wbox 1 8  4 3  -1 -1 -1 4
   1
    Wbox 1 8  4 2  0 -1 -1 4
     -1-mW^2
    Wbox 1 8  3 2  0 -1 -1 3
     -1
    Wbox 1 8  3 2  -1 0 -1 3
     -1/3
    Wbox 1 8  3 2  -1 -1 0 3
     -1/3
    Wbox 1 8  3 1  0 0 -1 3
     -1/3*t+1/3*mW^2
    Wbox 1 8  3 1  0 -1 0 3
     -1/3+1/3*s+1/3*mW^2
    Wbox 1 8  2 1  0 0 -1 2
     1/3
    Wbox 1 8  2 1  0 -1 0 2
     1/3
;
  Wbox 1 8  4 3  -1 -1 -1 4
   1
    Wbox 1 8  4 3  -2 0 -1 4
     -1
    Wbox 1 8  4 2  -1 0 -1 4
     1-t
    Wbox 1 8  3 2  0 -1 -1 3
     -1/3
    Wbox 1 8  3 2  -1 0 -1 3
     1/3
    Wbox 1 8  3 2  -1 -1 0 3
     -1/3
    Wbox 1 8  3 2  -2 0 0 3
     1/3
    Wbox 1 8  3 1  -1 0 0 3
     -1/3*s
;
  Wbox 1 8  4 3  -1 -1 -1 4
   1
    Wbox 1 8  4 3  -1 -2 0 4
     -1
    Wbox 1 8  4 2  -1 -1 0 4
     -1+t
    Wbox 1 8  3 2  0 -1 -1 3
     -1/3
    Wbox 1 8  3 2  0 -2 0 3
     1/3
    Wbox 1 8  3 2  -1 0 -1 3
     -1/3
    Wbox 1 8  3 2  -1 -1 0 3
     1/3
    Wbox 1 8  3 1  0 -1 0 3
     1/3*s
;
  Wbox 1 8  4 3  -1 0 -2 4
   1
    Wbox 1 8  4 2  0 0 -2 4
     -1+mW^2
    Wbox 1 8  3 2  0 0 -2 3
     1/3-1/3*d
    Wbox 1 8  3 2  -1 0 -1 3
     -2/3
    Wbox 1 8  3 1  0 0 -1 3
     2/3*s
;
  Wbox 1 8  4 3  -1 0 -2 4
   1
    Wbox 1 8  4 2  0 0 -2 4
     -1-mW^2
    Wbox 1 8  3 2  0 0 -2 3
     -1
    Wbox 1 8  3 2  -1 0 -1 3
     -2/3
    Wbox 1 8  3 1  0 0 -1 3
     -2/3+2/3*s+2/3*mW^2
    Wbox 1 8  2 1  0 0 -1 2
     2/3
;
  Wbox 1 8  4 3  -1 0 -2 4
   1
    Wbox 1 8  4 3  -1 -1 -1 4
     -1
    Wbox 1 8  4 2  -1 0 -1 4
     -1+t
    Wbox 1 8  3 2  0 0 -2 3
     -1/3
    Wbox 1 8  3 2  0 -1 -1 3
     1/3
    Wbox 1 8  3 2  -1 0 -1 3
     -1/3
    Wbox 1 8  3 2  -1 -1 0 3
     1/3
    Wbox 1 8  3 1  0 0 -1 3
     1/3*s
;
  Wbox 1 8  4 3  0 -3 0 4
   1
    Wbox 1 8  4 3  -1 -2 0 4
     -1
    Wbox 1 8  4 2  0 -2 0 4
     1-t
    Wbox 1 8  3 2  0 -2 0 3
     -2/3
    Wbox 1 8  3 2  -1 -1 0 3
     2/3
;
  Wbox 1 8  4 3  0 -2 -1 4
   1
    Wbox 1 8  4 3  -1 -1 -1 4
     -1
    Wbox 1 8  4 2  0 -1 -1 4
     1-t
    Wbox 1 8  3 2  0 -1 -1 3
     -1/3
    Wbox 1 8  3 2  0 -2 0 3
     -1/3
    Wbox 1 8  3 2  -1 0 -1 3
     1/3
    Wbox 1 8  3 2  -1 -1 0 3
     1/3
    Wbox 1 8  3 1  0 -1 0 3
     -1/3*s
;
  Wbox 1 8  4 3  0 -2 -1 4
   1
    Wbox 1 8  4 3  0 -3 0 4
     -1
    Wbox 1 8  4 2  0 -2 0 4
     -1+t
    Wbox 1 8  3 2  0 -1 -1 3
     -2/3
    Wbox 1 8  3 2  0 -2 0 3
     2/3
;
  Wbox 1 8  4 3  0 -1 -2 4
   1
    Wbox 1 8  4 3  -1 0 -2 4
     -1
    Wbox 1 8  4 2  0 0 -2 4
     1-t
    Wbox 1 8  3 2  0 -1 -1 3
     -2/3
    Wbox 1 8  3 2  -1 0 -1 3
     2/3
    Wbox 1 8  3 1  0 0 -1 3
     -2/3*s
;
  Wbox 1 8  4 3  0 -1 -2 4
   1
    Wbox 1 8  4 3  0 -2 -1 4
     -1
    Wbox 1 8  4 2  0 -1 -1 4
     -1+t
    Wbox 1 8  3 2  0 0 -2 3
     -1/3
    Wbox 1 8  3 2  0 -2 0 3
     1/3
;
  Wbox 1 8  4 3  0 0 -3 4
   1
    Wbox 1 8  4 3  0 -1 -2 4
     -1
    Wbox 1 8  4 2  0 0 -2 4
     -1+t
    Wbox 1 8  3 2  0 0 -2 3
     -2/3
    Wbox 1 8  3 2  0 -1 -1 3
     2/3
;
  Wbox 1 8  5 1  -1 0 0 5
   1
    Wbox 1 8  5 0  0 0 0 5
     -1+mW^2
    Wbox 1 8  4 0  0 0 0 4
     1-1/4*d
;
  Wbox 1 8  5 1  -1 0 0 5
   1
    Wbox 1 8  5 0  0 0 0 5
     -1-mW^2
    Wbox 1 8  4 0  0 0 0 4
     -1
;
  Wbox 1 8  5 1  0 -1 0 5
   1
    Wbox 1 8  5 1  -1 0 0 5
     -1
    Wbox 1 8  5 0  0 0 0 5
     1-t
;
  Wbox 1 8  5 1  0 0 -1 5
   1
    Wbox 1 8  5 1  0 -1 0 5
     -1
    Wbox 1 8  5 0  0 0 0 5
     -1+t
;
  Wbox 1 8  5 2  -2 0 0 5
   1
    Wbox 1 8  5 1  -1 0 0 5
     -1+mW^2
    Wbox 1 8  4 1  -1 0 0 4
     1/2-1/4*d
;
  Wbox 1 8  5 2  -2 0 0 5
   1
    Wbox 1 8  5 1  -1 0 0 5
     -1-mW^2
    Wbox 1 8  4 1  -1 0 0 4
     -5/4
    Wbox 1 8  4 0  0 0 0 4
     -1/4+1/4*mW^2
    Wbox 1 8  3 0  0 0 0 3
     1/4
;
  Wbox 1 8  5 2  -1 -1 0 5
   1
    Wbox 1 8  5 1  0 -1 0 5
     -1+mW^2
    Wbox 1 8  4 1  0 -1 0 4
     3/4-1/4*d
    Wbox 1 8  4 1  -1 0 0 4
     -1/4
;
  Wbox 1 8  5 2  -1 -1 0 5
   1
    Wbox 1 8  5 1  0 -1 0 5
     -1-mW^2
    Wbox 1 8  4 1  0 -1 0 4
     -1
    Wbox 1 8  4 1  -1 0 0 4
     -1/4
    Wbox 1 8  4 0  0 0 0 4
     -1/4*t+1/4*mW^2
    Wbox 1 8  3 0  0 0 0 3
     1/4
;
  Wbox 1 8  5 2  -1 -1 0 5
   1
    Wbox 1 8  5 2  -2 0 0 5
     -1
    Wbox 1 8  5 1  -1 0 0 5
     1-t
    Wbox 1 8  4 1  0 -1 0 4
     -1/4
    Wbox 1 8  4 1  -1 0 0 4
     1/4
;
  Wbox 1 8  5 2  -1 0 -1 5
   1
    Wbox 1 8  5 1  0 0 -1 5
     -1+mW^2
    Wbox 1 8  4 1  0 0 -1 4
     3/4-1/4*d
    Wbox 1 8  4 1  -1 0 0 4
     -1/4
    Wbox 1 8  4 0  0 0 0 4
     1/4*s
;
  Wbox 1 8  5 2  -1 0 -1 5
   1
    Wbox 1 8  5 1  0 0 -1 5
     -1-mW^2
    Wbox 1 8  4 1  0 0 -1 4
     -1
    Wbox 1 8  4 1  -1 0 0 4
     -1/4
    Wbox 1 8  4 0  0 0 0 4
     -1/4+1/4*s+1/4*mW^2
    Wbox 1 8  3 0  0 0 0 3
     1/4
;
  Wbox 1 8  5 2  -1 0 -1 5
   1
    Wbox 1 8  5 2  -1 -1 0 5
     -1
    Wbox 1 8  5 1  -1 0 0 5
     -1+t
    Wbox 1 8  4 1  0 0 -1 4
     -1/4
    Wbox 1 8  4 1  0 -1 0 4
     1/4
    Wbox 1 8  4 0  0 0 0 4
     1/4*s
;
  Wbox 1 8  5 2  0 -2 0 5
   1
    Wbox 1 8  5 2  -1 -1 0 5
     -1
    Wbox 1 8  5 1  0 -1 0 5
     1-t
    Wbox 1 8  4 1  0 -1 0 4
     -1/4
    Wbox 1 8  4 1  -1 0 0 4
     1/4
;
  Wbox 1 8  5 2  0 -1 -1 5
   1
    Wbox 1 8  5 2  -1 0 -1 5
     -1
    Wbox 1 8  5 1  0 0 -1 5
     1-t
    Wbox 1 8  4 1  0 -1 0 4
     -1/4
    Wbox 1 8  4 1  -1 0 0 4
     1/4
    Wbox 1 8  4 0  0 0 0 4
     -1/4*s
;
  Wbox 1 8  5 2  0 -1 -1 5
   1
    Wbox 1 8  5 2  0 -2 0 5
     -1
    Wbox 1 8  5 1  0 -1 0 5
     -1+t
    Wbox 1 8  4 1  0 0 -1 4
     -1/4
    Wbox 1 8  4 1  0 -1 0 4
     1/4
;
  Wbox 1 8  5 2  0 0 -2 5
   1
    Wbox 1 8  5 2  0 -1 -1 5
     -1
    Wbox 1 8  5 1  0 0 -1 5
     -1+t
    Wbox 1 8  4 1  0 0 -1 4
     -1/4
    Wbox 1 8  4 1  0 -1 0 4
     1/4
;
  Wbox 1 8  5 3  -3 0 0 5
   1
    Wbox 1 8  5 2  -2 0 0 5
     -1+mW^2
    Wbox 1 8  4 2  -2 0 0 4
     -1/4*d
;
  Wbox 1 8  5 3  -3 0 0 5
   1
    Wbox 1 8  5 2  -2 0 0 5
     -1-mW^2
    Wbox 1 8  4 2  -2 0 0 4
     -3/2
    Wbox 1 8  4 1  -1 0 0 4
     -1/2+1/2*mW^2
    Wbox 1 8  3 1  -1 0 0 3
     1/2
;
  Wbox 1 8  5 3  -2 -1 0 5
   1
    Wbox 1 8  5 2  -1 -1 0 5
     -1+mW^2
    Wbox 1 8  4 2  -1 -1 0 4
     1/4-1/4*d
    Wbox 1 8  4 2  -2 0 0 4
     -1/4
;
  Wbox 1 8  5 3  -2 -1 0 5
   1
    Wbox 1 8  5 2  -1 -1 0 5
     -1-mW^2
    Wbox 1 8  4 2  -1 -1 0 4
     -5/4
    Wbox 1 8  4 2  -2 0 0 4
     -1/4
    Wbox 1 8  4 1  0 -1 0 4
     -1/4+1/4*mW^2
    Wbox 1 8  4 1  -1 0 0 4
     -1/4*t+1/4*mW^2
    Wbox 1 8  3 1  0 -1 0 3
     1/4
    Wbox 1 8  3 1  -1 0 0 3
     1/4
;
  Wbox 1 8  5 3  -2 -1 0 5
   1
    Wbox 1 8  5 3  -3 0 0 5
     -1
    Wbox 1 8  5 2  -2 0 0 5
     1-t
    Wbox 1 8  4 2  -1 -1 0 4
     -1/2
    Wbox 1 8  4 2  -2 0 0 4
     1/2
;
  Wbox 1 8  5 3  -2 0 -1 5
   1
    Wbox 1 8  5 2  -1 0 -1 5
     -1+mW^2
    Wbox 1 8  4 2  -1 0 -1 4
     1/4-1/4*d
    Wbox 1 8  4 2  -2 0 0 4
     -1/4
    Wbox 1 8  4 1  -1 0 0 4
     1/4*s
;
  Wbox 1 8  5 3  -2 0 -1 5
   1
    Wbox 1 8  5 2  -1 0 -1 5
     -1-mW^2
    Wbox 1 8  4 2  -1 0 -1 4
     -5/4
    Wbox 1 8  4 2  -2 0 0 4
     -1/4
    Wbox 1 8  4 1  0 0 -1 4
     -1/4+1/4*mW^2
    Wbox 1 8  4 1  -1 0 0 4
     -1/4+1/4*s+1/4*mW^2
    Wbox 1 8  3 1  0 0 -1 3
     1/4
    Wbox 1 8  3 1  -1 0 0 3
     1/4
;
  Wbox 1 8  5 3  -2 0 -1 5
   1
    Wbox 1 8  5 3  -2 -1 0 5
     -1
    Wbox 1 8  5 2  -2 0 0 5
     -1+t
    Wbox 1 8  4 2  -1 0 -1 4
     -1/2
    Wbox 1 8  4 2  -1 -1 0 4
     1/2
    Wbox 1 8  4 1  -1 0 0 4
     1/2*s
;
  Wbox 1 8  5 3  -1 -2 0 5
   1
    Wbox 1 8  5 2  0 -2 0 5
     -1+mW^2
    Wbox 1 8  4 2  0 -2 0 4
     1/2-1/4*d
    Wbox 1 8  4 2  -1 -1 0 4
     -1/2
;
  Wbox 1 8  5 3  -1 -2 0 5
   1
    Wbox 1 8  5 2  0 -2 0 5
     -1-mW^2
    Wbox 1 8  4 2  0 -2 0 4
     -1
    Wbox 1 8  4 2  -1 -1 0 4
     -1/2
    Wbox 1 8  4 1  0 -1 0 4
     -1/2*t+1/2*mW^2
    Wbox 1 8  3 1  0 -1 0 3
     1/2
;
  Wbox 1 8  5 3  -1 -2 0 5
   1
    Wbox 1 8  5 3  -2 -1 0 5
     -1
    Wbox 1 8  5 2  -1 -1 0 5
     1-t
    Wbox 1 8  4 2  0 -2 0 4
     -1/4
    Wbox 1 8  4 2  -2 0 0 4
     1/4
;
  Wbox 1 8  5 3  -1 -1 -1 5
   1
    Wbox 1 8  5 2  0 -1 -1 5
     -1+mW^2
    Wbox 1 8  4 2  0 -1 -1 4
     1/2-1/4*d
    Wbox 1 8  4 2  -1 0 -1 4
     -1/4
    Wbox 1 8  4 2  -1 -1 0 4
     -1/4
    Wbox 1 8  4 1  0 -1 0 4
     1/4*s
;
  Wbox 1 8  5 3  -1 -1 -1 5
   1
    Wbox 1 8  5 2  0 -1 -1 5
     -1-mW^2
    Wbox 1 8  4 2  0 -1 -1 4
     -1
    Wbox 1 8  4 2  -1 0 -1 4
     -1/4
    Wbox 1 8  4 2  -1 -1 0 4
     -1/4
    Wbox 1 8  4 1  0 0 -1 4
     -1/4*t+1/4*mW^2
    Wbox 1 8  4 1  0 -1 0 4
     -1/4+1/4*s+1/4*mW^2
    Wbox 1 8  3 1  0 0 -1 3
     1/4
    Wbox 1 8  3 1  0 -1 0 3
     1/4
;
  Wbox 1 8  5 3  -1 -1 -1 5
   1
    Wbox 1 8  5 3  -2 0 -1 5
     -1
    Wbox 1 8  5 2  -1 0 -1 5
     1-t
    Wbox 1 8  4 2  0 -1 -1 4
     -1/4
    Wbox 1 8  4 2  -1 0 -1 4
     1/4
    Wbox 1 8  4 2  -1 -1 0 4
     -1/4
    Wbox 1 8  4 2  -2 0 0 4
     1/4
    Wbox 1 8  4 1  -1 0 0 4
     -1/4*s
;
  Wbox 1 8  5 3  -1 -1 -1 5
   1
    Wbox 1 8  5 3  -1 -2 0 5
     -1
    Wbox 1 8  5 2  -1 -1 0 5
     -1+t
    Wbox 1 8  4 2  0 -1 -1 4
     -1/4
    Wbox 1 8  4 2  0 -2 0 4
     1/4
    Wbox 1 8  4 2  -1 0 -1 4
     -1/4
    Wbox 1 8  4 2  -1 -1 0 4
     1/4
    Wbox 1 8  4 1  0 -1 0 4
     1/4*s
;
  Wbox 1 8  5 3  -1 0 -2 5
   1
    Wbox 1 8  5 2  0 0 -2 5
     -1+mW^2
    Wbox 1 8  4 2  0 0 -2 4
     1/2-1/4*d
    Wbox 1 8  4 2  -1 0 -1 4
     -1/2
    Wbox 1 8  4 1  0 0 -1 4
     1/2*s
;
  Wbox 1 8  5 3  -1 0 -2 5
   1
    Wbox 1 8  5 2  0 0 -2 5
     -1-mW^2
    Wbox 1 8  4 2  0 0 -2 4
     -1
    Wbox 1 8  4 2  -1 0 -1 4
     -1/2
    Wbox 1 8  4 1  0 0 -1 4
     -1/2+1/2*s+1/2*mW^2
    Wbox 1 8  3 1  0 0 -1 3
     1/2
;
  Wbox 1 8  5 3  -1 0 -2 5
   1
    Wbox 1 8  5 3  -1 -1 -1 5
     -1
    Wbox 1 8  5 2  -1 0 -1 5
     -1+t
    Wbox 1 8  4 2  0 0 -2 4
     -1/4
    Wbox 1 8  4 2  0 -1 -1 4
     1/4
    Wbox 1 8  4 2  -1 0 -1 4
     -1/4
    Wbox 1 8  4 2  -1 -1 0 4
     1/4
    Wbox 1 8  4 1  0 0 -1 4
     1/4*s
;
  Wbox 1 8  5 3  0 -3 0 5
   1
    Wbox 1 8  5 3  -1 -2 0 5
     -1
    Wbox 1 8  5 2  0 -2 0 5
     1-t
    Wbox 1 8  4 2  0 -2 0 4
     -1/2
    Wbox 1 8  4 2  -1 -1 0 4
     1/2
;
  Wbox 1 8  5 3  0 -2 -1 5
   1
    Wbox 1 8  5 3  -1 -1 -1 5
     -1
    Wbox 1 8  5 2  0 -1 -1 5
     1-t
    Wbox 1 8  4 2  0 -1 -1 4
     -1/4
    Wbox 1 8  4 2  0 -2 0 4
     -1/4
    Wbox 1 8  4 2  -1 0 -1 4
     1/4
    Wbox 1 8  4 2  -1 -1 0 4
     1/4
    Wbox 1 8  4 1  0 -1 0 4
     -1/4*s
;
  Wbox 1 8  5 3  0 -2 -1 5
   1
    Wbox 1 8  5 3  0 -3 0 5
     -1
    Wbox 1 8  5 2  0 -2 0 5
     -1+t
    Wbox 1 8  4 2  0 -1 -1 4
     -1/2
    Wbox 1 8  4 2  0 -2 0 4
     1/2
;
  Wbox 1 8  5 3  0 -1 -2 5
   1
    Wbox 1 8  5 3  -1 0 -2 5
     -1
    Wbox 1 8  5 2  0 0 -2 5
     1-t
    Wbox 1 8  4 2  0 -1 -1 4
     -1/2
    Wbox 1 8  4 2  -1 0 -1 4
     1/2
    Wbox 1 8  4 1  0 0 -1 4
     -1/2*s
;
  Wbox 1 8  5 3  0 -1 -2 5
   1
    Wbox 1 8  5 3  0 -2 -1 5
     -1
    Wbox 1 8  5 2  0 -1 -1 5
     -1+t
    Wbox 1 8  4 2  0 0 -2 4
     -1/4
    Wbox 1 8  4 2  0 -2 0 4
     1/4
;
  Wbox 1 8  5 3  0 0 -3 5
   1
    Wbox 1 8  5 3  0 -1 -2 5
     -1
    Wbox 1 8  5 2  0 0 -2 5
     -1+t
    Wbox 1 8  4 2  0 0 -2 4
     -1/2
    Wbox 1 8  4 2  0 -1 -1 4
     1/2
;
