-12.500000000000000 0
-12.000000000000000 0
-11.500000000000000 0
-11.000000000000000 0
-10.500000000000000 0
-10.000000000000000 0
-9.5000000000000000 0
-9.0000000000000000 0
-8.5000000000000000 0
-8.0000000000000000 0
-7.5000000000000000 0
-7.0000000000000000 0
-6.5000000000000000 0
-6.0000000000000000 0
-5.5000000000000000 0
-5.0000000000000000 0
-4.5000000000000000 0
-4.0000000000000000 0
-3.5000000000000000 0
-3.0000000000000000 0
-2.5000000000000000 0
-2.0000000000000000 0
-1.5000000000000000 0
-1.0000000000000000 0
-0.50000000000000000 0
0.0000000000000000 0
0.50000000000000000 0
1.0000000000000000 0
1.5000000000000000 0
2.0000000000000000 0
2.5000000000000000 0
3.0000000000000000 0
3.5000000000000000 0
4.0000000000000000 0
4.5000000000000000 0
5.0000000000000000 0
5.5000000000000000 0
6.0000000000000000 0
6.5000000000000000 0
7.0000000000000000 0
7.5000000000000000 0
8.0000000000000000 0
8.5000000000000000 0
9.0000000000000000 0
9.5000000000000000 0
10.000000000000000 0
10.500000000000000 0
11.000000000000000 0
11.500000000000000 0
12.000000000000000 0
