  C 3 14  4 1  -1 1 1 2
   1
    C 3 14  4 1  -1 1 2 1
     1
    C 3 14  4 1  -1 2 1 1
     1
    C 3 14  4 0  0 1 2 1
     -s+mt^2
    C 3 14  4 0  0 2 1 1
     2*mt^2
    C 3 14  3 0  0 1 1 1
     3-d
;
  C 3 14  4 1  -1 1 1 2
   1
    C 3 14  4 1  -1 1 2 1
     1
    C 3 14  4 1  -1 2 1 1
     1
    C 3 14  4 0  0 1 1 2
     -mt^2+t
    C 3 14  4 0  0 1 2 1
     -s
    C 3 14  3 0  0 1 1 1
     -1
    C 2 12  3 0  0 0 1 2
     -1
    C 2 12  3 0  0 0 2 1
     -1
;
  C 3 14  4 0  0 1 1 2
   1
    C 3 14  4 0  0 1 2 1
     (2*mt^2-t)^(-1)*mt^2
    C 3 14  4 0  0 2 1 1
     (2*mt^2-t)^(-1)*mt^2
    C 2 12  3 0  0 0 1 2
     (2*mt^2-t)^(-1)
    C 2 12  3 0  0 0 2 1
     (2*mt^2-t)^(-1)
    A 2 10  3 0  0 1 0 2
     -(2*mt^2-t)^(-1)
    A 2 10  3 0  0 2 0 1
     -(2*mt^2-t)^(-1)
;
  C 3 14  4 1  -1 1 1 2
   1
    C 3 14  4 1  -1 1 2 1
     1
    C 3 14  4 1  -1 2 1 1
     1
    C 3 14  4 0  0 1 2 1
     -s+2*mt^2
    C 3 14  4 0  0 2 1 1
     mt^2+t
    C 3 14  3 0  0 1 1 1
     -1
    C 2 6  3 0  0 1 2 0
     -1
    C 2 6  3 0  0 2 1 0
     -1
;
  C 3 14  4 2  -2 1 1 2
   1
    C 3 14  4 2  -2 1 2 1
     1
    C 3 14  4 2  -2 2 1 1
     1
    C 3 14  4 1  -1 1 2 1
     -s+mt^2
    C 3 14  4 1  -1 2 1 1
     2*mt^2
    C 3 14  3 1  -1 1 1 1
     1-d
    C 3 14  3 0  0 1 1 1
     -2*mt^2
;
  C 3 14  4 2  -2 1 1 2
   1
    C 3 14  4 2  -2 1 2 1
     1
    C 3 14  4 2  -2 2 1 1
     1
    C 3 14  4 1  -1 1 1 2
     -mt^2+t
    C 3 14  4 1  -1 1 2 1
     -s
    C 3 14  3 1  -1 1 1 1
     -2
    C 2 12  3 1  -1 0 1 2
     -1
    C 2 12  3 1  -1 0 2 1
     -1
    C 2 12  2 0  0 0 1 1
     1
;
  C 3 14  4 1  -1 1 1 2
   1
    C 3 14  4 1  -1 1 2 1
     (2*mt^2-t)^(-1)*mt^2
    C 3 14  4 1  -1 2 1 1
     (2*mt^2-t)^(-1)*mt^2
    C 3 14  3 0  0 1 1 1
     -(2*mt^2-t)^(-1)*(s+mt^2)
    C 2 12  3 1  -1 0 1 2
     (2*mt^2-t)^(-1)
    C 2 12  3 1  -1 0 2 1
     (2*mt^2-t)^(-1)
    C 2 12  2 0  0 0 1 1
     -(2*mt^2-t)^(-1)
    A 2 10  3 1  -1 1 0 2
     -(2*mt^2-t)^(-1)
    A 2 10  3 1  -1 2 0 1
     -(2*mt^2-t)^(-1)
    A 2 10  2 0  0 1 0 1
     (2*mt^2-t)^(-1)
;
  C 3 14  4 2  -2 1 1 2
   1
    C 3 14  4 2  -2 1 2 1
     1
    C 3 14  4 2  -2 2 1 1
     1
    C 3 14  4 1  -1 1 2 1
     -s+2*mt^2
    C 3 14  4 1  -1 2 1 1
     mt^2+t
    C 3 14  3 1  -1 1 1 1
     -2
    C 3 14  3 0  0 1 1 1
     -2*mt^2
    C 2 6  3 1  -1 1 2 0
     -1
    C 2 6  3 1  -1 2 1 0
     -1
    C 2 6  2 0  0 1 1 0
     1
;
  C 3 14  4 3  -3 1 1 2
   1
    C 3 14  4 3  -3 1 2 1
     1
    C 3 14  4 3  -3 2 1 1
     1
    C 3 14  4 2  -2 1 2 1
     -s+mt^2
    C 3 14  4 2  -2 2 1 1
     2*mt^2
    C 3 14  3 2  -2 1 1 1
     -1-d
    C 3 14  3 1  -1 1 1 1
     -4*mt^2
;
  C 3 14  4 3  -3 1 1 2
   1
    C 3 14  4 3  -3 1 2 1
     1
    C 3 14  4 3  -3 2 1 1
     1
    C 3 14  4 2  -2 1 1 2
     -mt^2+t
    C 3 14  4 2  -2 1 2 1
     -s
    C 3 14  3 2  -2 1 1 1
     -3
    C 2 12  3 2  -2 0 1 2
     -1
    C 2 12  3 2  -2 0 2 1
     -1
    C 2 12  2 1  -1 0 1 1
     2
;
  C 3 14  4 2  -2 1 1 2
   1
    C 3 14  4 2  -2 1 2 1
     (2*mt^2-t)^(-1)*mt^2
    C 3 14  4 2  -2 2 1 1
     (2*mt^2-t)^(-1)*mt^2
    C 3 14  3 1  -1 1 1 1
     -2*(2*mt^2-t)^(-1)*(s+mt^2)
    C 2 12  3 2  -2 0 1 2
     (2*mt^2-t)^(-1)
    C 2 12  3 2  -2 0 2 1
     (2*mt^2-t)^(-1)
    C 2 12  2 1  -1 0 1 1
     -2*(2*mt^2-t)^(-1)
    A 2 10  3 2  -2 1 0 2
     -(2*mt^2-t)^(-1)
    A 2 10  3 2  -2 2 0 1
     -(2*mt^2-t)^(-1)
    A 2 10  2 1  -1 1 0 1
     2*(2*mt^2-t)^(-1)
;
  C 3 14  4 3  -3 1 1 2
   1
    C 3 14  4 3  -3 1 2 1
     1
    C 3 14  4 3  -3 2 1 1
     1
    C 3 14  4 2  -2 1 2 1
     -s+2*mt^2
    C 3 14  4 2  -2 2 1 1
     mt^2+t
    C 3 14  3 2  -2 1 1 1
     -3
    C 3 14  3 1  -1 1 1 1
     -4*mt^2
    C 2 6  3 2  -2 1 2 0
     -1
    C 2 6  3 2  -2 2 1 0
     -1
    C 2 6  2 1  -1 1 1 0
     2
;
  C 3 14  4 4  -4 1 1 2
   1
    C 3 14  4 4  -4 1 2 1
     1
    C 3 14  4 4  -4 2 1 1
     1
    C 3 14  4 3  -3 1 2 1
     -s+mt^2
    C 3 14  4 3  -3 2 1 1
     2*mt^2
    C 3 14  3 3  -3 1 1 1
     -3-d
    C 3 14  3 2  -2 1 1 1
     -6*mt^2
;
  C 3 14  4 4  -4 1 1 2
   1
    C 3 14  4 4  -4 1 2 1
     1
    C 3 14  4 4  -4 2 1 1
     1
    C 3 14  4 3  -3 1 1 2
     -mt^2+t
    C 3 14  4 3  -3 1 2 1
     -s
    C 3 14  3 3  -3 1 1 1
     -4
    C 2 12  3 3  -3 0 1 2
     -1
    C 2 12  3 3  -3 0 2 1
     -1
    C 2 12  2 2  -2 0 1 1
     3
;
  C 3 14  4 3  -3 1 1 2
   1
    C 3 14  4 3  -3 1 2 1
     (2*mt^2-t)^(-1)*mt^2
    C 3 14  4 3  -3 2 1 1
     (2*mt^2-t)^(-1)*mt^2
    C 3 14  3 2  -2 1 1 1
     -3*(2*mt^2-t)^(-1)*(s+mt^2)
    C 2 12  3 3  -3 0 1 2
     (2*mt^2-t)^(-1)
    C 2 12  3 3  -3 0 2 1
     (2*mt^2-t)^(-1)
    C 2 12  2 2  -2 0 1 1
     -3*(2*mt^2-t)^(-1)
    A 2 10  3 3  -3 1 0 2
     -(2*mt^2-t)^(-1)
    A 2 10  3 3  -3 2 0 1
     -(2*mt^2-t)^(-1)
    A 2 10  2 2  -2 1 0 1
     3*(2*mt^2-t)^(-1)
;
  C 3 14  4 4  -4 1 1 2
   1
    C 3 14  4 4  -4 1 2 1
     1
    C 3 14  4 4  -4 2 1 1
     1
    C 3 14  4 3  -3 1 2 1
     -s+2*mt^2
    C 3 14  4 3  -3 2 1 1
     mt^2+t
    C 3 14  3 3  -3 1 1 1
     -4
    C 3 14  3 2  -2 1 1 1
     -6*mt^2
    C 2 6  3 3  -3 1 2 0
     -1
    C 2 6  3 3  -3 2 1 0
     -1
    C 2 6  2 2  -2 1 1 0
     3
;
  C 3 14  5 1  -1 2 1 2
   1
    C 3 14  5 1  -1 2 2 1
     1
    C 3 14  5 1  -1 3 1 1
     2
    C 3 14  5 0  0 2 2 1
     -s+mt^2
    C 3 14  5 0  0 3 1 1
     4*mt^2
    C 3 14  4 0  0 2 1 1
     4-d
;
  C 3 14  5 1  -1 2 1 2
   1
    C 3 14  5 1  -1 2 2 1
     1
    C 3 14  5 1  -1 3 1 1
     2
    C 3 14  5 0  0 2 1 2
     -mt^2+t
    C 3 14  5 0  0 2 2 1
     -s
    C 3 14  4 0  0 1 1 2
     -1
    C 3 14  4 0  0 1 2 1
     -1
    C 3 14  4 0  0 2 1 1
     -2
;
  C 3 14  5 0  0 2 1 2
   1
    C 3 14  5 0  0 2 2 1
     (2*mt^2-t)^(-1)*mt^2
    C 3 14  5 0  0 3 1 1
     2*(2*mt^2-t)^(-1)*mt^2
    C 3 14  4 0  0 1 1 2
     (2*mt^2-t)^(-1)
    C 3 14  4 0  0 1 2 1
     (2*mt^2-t)^(-1)
    C 3 14  4 0  0 2 1 1
     (2*mt^2-t)^(-1)
    A 2 10  4 0  0 2 0 2
     -(2*mt^2-t)^(-1)
    A 2 10  4 0  0 3 0 1
     -2*(2*mt^2-t)^(-1)
;
  C 3 14  5 1  -1 2 1 2
   1
    C 3 14  5 1  -1 2 2 1
     1
    C 3 14  5 1  -1 3 1 1
     2
    C 3 14  5 0  0 2 2 1
     -s+2*mt^2
    C 3 14  5 0  0 3 1 1
     2*mt^2+2*t
    C 3 14  4 0  0 2 1 1
     -1
    C 2 6  4 0  0 2 2 0
     -1
    C 2 6  4 0  0 3 1 0
     -2
;
  C 3 14  5 1  -1 1 2 2
   1
    C 3 14  5 1  -1 1 3 1
     2
    C 3 14  5 1  -1 2 2 1
     1
    C 3 14  5 0  0 1 3 1
     -2*s+2*mt^2
    C 3 14  5 0  0 2 2 1
     2*mt^2
    C 3 14  4 0  0 1 2 1
     4-d
;
  C 3 14  5 1  -1 1 2 2
   1
    C 3 14  5 1  -1 1 3 1
     2
    C 3 14  5 1  -1 2 2 1
     1
    C 3 14  5 0  0 1 2 2
     -mt^2+t
    C 3 14  5 0  0 1 3 1
     -2*s
    C 3 14  4 0  0 1 2 1
     -1
    C 2 12  4 0  0 0 2 2
     -1
    C 2 12  4 0  0 0 3 1
     -2
;
  C 3 14  5 0  0 1 2 2
   1
    C 3 14  5 0  0 1 3 1
     2*(2*mt^2-t)^(-1)*mt^2
    C 3 14  5 0  0 2 2 1
     (2*mt^2-t)^(-1)*mt^2
    C 3 14  4 0  0 1 1 2
     -(2*mt^2-t)^(-1)
    C 3 14  4 0  0 1 2 1
     -(2*mt^2-t)^(-1)
    C 3 14  4 0  0 2 1 1
     -(2*mt^2-t)^(-1)
    C 2 12  4 0  0 0 2 2
     (2*mt^2-t)^(-1)
    C 2 12  4 0  0 0 3 1
     2*(2*mt^2-t)^(-1)
;
  C 3 14  5 1  -1 1 2 2
   1
    C 3 14  5 1  -1 1 3 1
     2
    C 3 14  5 1  -1 2 2 1
     1
    C 3 14  5 0  0 1 3 1
     -2*s+4*mt^2
    C 3 14  5 0  0 2 2 1
     mt^2+t
    C 3 14  4 0  0 1 2 1
     -1
    C 2 6  4 0  0 1 3 0
     -2
    C 2 6  4 0  0 2 2 0
     -1
;
  C 3 14  5 1  -1 1 1 3
   1
    C 3 14  5 1  -1 1 2 2
     1/2
    C 3 14  5 1  -1 2 1 2
     1/2
    C 3 14  5 0  0 1 2 2
     -1/2*s+1/2*mt^2
    C 3 14  5 0  0 2 1 2
     mt^2
    C 3 14  4 0  0 1 1 2
     2-1/2*d
;
  C 3 14  5 1  -1 1 1 3
   1
    C 3 14  5 1  -1 1 2 2
     1/2
    C 3 14  5 1  -1 2 1 2
     1/2
    C 3 14  5 0  0 1 1 3
     -mt^2+t
    C 3 14  5 0  0 1 2 2
     -1/2*s
    C 3 14  4 0  0 1 1 2
     -1/2
    C 2 12  4 0  0 0 1 3
     -1
    C 2 12  4 0  0 0 2 2
     -1/2
;
  C 3 14  5 0  0 1 1 3
   1
    C 3 14  5 0  0 1 2 2
     1/2*(2*mt^2-t)^(-1)*mt^2
    C 3 14  5 0  0 2 1 2
     1/2*(2*mt^2-t)^(-1)*mt^2
    C 2 12  4 0  0 0 1 3
     (2*mt^2-t)^(-1)
    C 2 12  4 0  0 0 2 2
     1/2*(2*mt^2-t)^(-1)
    A 2 10  4 0  0 1 0 3
     -(2*mt^2-t)^(-1)
    A 2 10  4 0  0 2 0 2
     -1/2*(2*mt^2-t)^(-1)
;
  C 3 14  5 1  -1 1 1 3
   1
    C 3 14  5 1  -1 1 2 2
     1/2
    C 3 14  5 1  -1 2 1 2
     1/2
    C 3 14  5 0  0 1 2 2
     -1/2*s+mt^2
    C 3 14  5 0  0 2 1 2
     1/2*mt^2+1/2*t
    C 3 14  4 0  0 1 1 2
     -1
    C 3 14  4 0  0 1 2 1
     -1/2
    C 3 14  4 0  0 2 1 1
     -1/2
;
  C 3 14  5 2  -2 2 1 2
   1
    C 3 14  5 2  -2 2 2 1
     1
    C 3 14  5 2  -2 3 1 1
     2
    C 3 14  5 1  -1 2 2 1
     -s+mt^2
    C 3 14  5 1  -1 3 1 1
     4*mt^2
    C 3 14  4 1  -1 2 1 1
     2-d
    C 3 14  4 0  0 2 1 1
     -2*mt^2
;
  C 3 14  5 2  -2 2 1 2
   1
    C 3 14  5 2  -2 2 2 1
     1
    C 3 14  5 2  -2 3 1 1
     2
    C 3 14  5 1  -1 2 1 2
     -mt^2+t
    C 3 14  5 1  -1 2 2 1
     -s
    C 3 14  4 1  -1 1 1 2
     -1
    C 3 14  4 1  -1 1 2 1
     -1
    C 3 14  4 1  -1 2 1 1
     -3
    C 3 14  3 0  0 1 1 1
     1
;
  C 3 14  5 1  -1 2 1 2
   1
    C 3 14  5 1  -1 2 2 1
     (2*mt^2-t)^(-1)*mt^2
    C 3 14  5 1  -1 3 1 1
     2*(2*mt^2-t)^(-1)*mt^2
    C 3 14  4 1  -1 1 1 2
     (2*mt^2-t)^(-1)
    C 3 14  4 1  -1 1 2 1
     (2*mt^2-t)^(-1)
    C 3 14  4 1  -1 2 1 1
     (2*mt^2-t)^(-1)
    C 3 14  4 0  0 2 1 1
     -(2*mt^2-t)^(-1)*(s+mt^2)
    C 3 14  3 0  0 1 1 1
     -(2*mt^2-t)^(-1)
    A 2 10  4 1  -1 2 0 2
     -(2*mt^2-t)^(-1)
    A 2 10  4 1  -1 3 0 1
     -2*(2*mt^2-t)^(-1)
    A 2 10  3 0  0 2 0 1
     (2*mt^2-t)^(-1)
;
  C 3 14  5 2  -2 2 1 2
   1
    C 3 14  5 2  -2 2 2 1
     1
    C 3 14  5 2  -2 3 1 1
     2
    C 3 14  5 1  -1 2 2 1
     -s+2*mt^2
    C 3 14  5 1  -1 3 1 1
     2*mt^2+2*t
    C 3 14  4 1  -1 2 1 1
     -2
    C 3 14  4 0  0 2 1 1
     -2*mt^2
    C 2 6  4 1  -1 2 2 0
     -1
    C 2 6  4 1  -1 3 1 0
     -2
    C 2 6  3 0  0 2 1 0
     1
;
  C 3 14  5 2  -2 1 2 2
   1
    C 3 14  5 2  -2 1 3 1
     2
    C 3 14  5 2  -2 2 2 1
     1
    C 3 14  5 1  -1 1 3 1
     -2*s+2*mt^2
    C 3 14  5 1  -1 2 2 1
     2*mt^2
    C 3 14  4 1  -1 1 2 1
     2-d
    C 3 14  4 0  0 1 2 1
     -2*mt^2
;
  C 3 14  5 2  -2 1 2 2
   1
    C 3 14  5 2  -2 1 3 1
     2
    C 3 14  5 2  -2 2 2 1
     1
    C 3 14  5 1  -1 1 2 2
     -mt^2+t
    C 3 14  5 1  -1 1 3 1
     -2*s
    C 3 14  4 1  -1 1 2 1
     -2
    C 2 12  4 1  -1 0 2 2
     -1
    C 2 12  4 1  -1 0 3 1
     -2
    C 2 12  3 0  0 0 2 1
     1
;
  C 3 14  5 1  -1 1 2 2
   1
    C 3 14  5 1  -1 1 3 1
     2*(2*mt^2-t)^(-1)*mt^2
    C 3 14  5 1  -1 2 2 1
     (2*mt^2-t)^(-1)*mt^2
    C 3 14  4 1  -1 1 1 2
     -(2*mt^2-t)^(-1)
    C 3 14  4 1  -1 1 2 1
     -(2*mt^2-t)^(-1)
    C 3 14  4 1  -1 2 1 1
     -(2*mt^2-t)^(-1)
    C 3 14  4 0  0 1 2 1
     -(2*mt^2-t)^(-1)*(s+mt^2)
    C 3 14  3 0  0 1 1 1
     (2*mt^2-t)^(-1)
    C 2 12  4 1  -1 0 2 2
     (2*mt^2-t)^(-1)
    C 2 12  4 1  -1 0 3 1
     2*(2*mt^2-t)^(-1)
    C 2 12  3 0  0 0 2 1
     -(2*mt^2-t)^(-1)
;
  C 3 14  5 2  -2 1 2 2
   1
    C 3 14  5 2  -2 1 3 1
     2
    C 3 14  5 2  -2 2 2 1
     1
    C 3 14  5 1  -1 1 3 1
     -2*s+4*mt^2
    C 3 14  5 1  -1 2 2 1
     mt^2+t
    C 3 14  4 1  -1 1 2 1
     -2
    C 3 14  4 0  0 1 2 1
     -2*mt^2
    C 2 6  4 1  -1 1 3 0
     -2
    C 2 6  4 1  -1 2 2 0
     -1
    C 2 6  3 0  0 1 2 0
     1
;
  C 3 14  5 2  -2 1 1 3
   1
    C 3 14  5 2  -2 1 2 2
     1/2
    C 3 14  5 2  -2 2 1 2
     1/2
    C 3 14  5 1  -1 1 2 2
     -1/2*s+1/2*mt^2
    C 3 14  5 1  -1 2 1 2
     mt^2
    C 3 14  4 1  -1 1 1 2
     1-1/2*d
    C 3 14  4 0  0 1 1 2
     -mt^2
;
  C 3 14  5 2  -2 1 1 3
   1
    C 3 14  5 2  -2 1 2 2
     1/2
    C 3 14  5 2  -2 2 1 2
     1/2
    C 3 14  5 1  -1 1 1 3
     -mt^2+t
    C 3 14  5 1  -1 1 2 2
     -1/2*s
    C 3 14  4 1  -1 1 1 2
     -1
    C 2 12  4 1  -1 0 1 3
     -1
    C 2 12  4 1  -1 0 2 2
     -1/2
    C 2 12  3 0  0 0 1 2
     1/2
;
  C 3 14  5 1  -1 1 1 3
   1
    C 3 14  5 1  -1 1 2 2
     1/2*(2*mt^2-t)^(-1)*mt^2
    C 3 14  5 1  -1 2 1 2
     1/2*(2*mt^2-t)^(-1)*mt^2
    C 3 14  4 0  0 1 1 2
     -1/2*(2*mt^2-t)^(-1)*(s+mt^2)
    C 2 12  4 1  -1 0 1 3
     (2*mt^2-t)^(-1)
    C 2 12  4 1  -1 0 2 2
     1/2*(2*mt^2-t)^(-1)
    C 2 12  3 0  0 0 1 2
     -1/2*(2*mt^2-t)^(-1)
    A 2 10  4 1  -1 1 0 3
     -(2*mt^2-t)^(-1)
    A 2 10  4 1  -1 2 0 2
     -1/2*(2*mt^2-t)^(-1)
    A 2 10  3 0  0 1 0 2
     1/2*(2*mt^2-t)^(-1)
;
  C 3 14  5 2  -2 1 1 3
   1
    C 3 14  5 2  -2 1 2 2
     1/2
    C 3 14  5 2  -2 2 1 2
     1/2
    C 3 14  5 1  -1 1 2 2
     -1/2*s+mt^2
    C 3 14  5 1  -1 2 1 2
     1/2*mt^2+1/2*t
    C 3 14  4 1  -1 1 1 2
     -3/2
    C 3 14  4 1  -1 1 2 1
     -1/2
    C 3 14  4 1  -1 2 1 1
     -1/2
    C 3 14  4 0  0 1 1 2
     -mt^2
    C 3 14  3 0  0 1 1 1
     1/2
;
  C 3 14  5 3  -3 2 1 2
   1
    C 3 14  5 3  -3 2 2 1
     1
    C 3 14  5 3  -3 3 1 1
     2
    C 3 14  5 2  -2 2 2 1
     -s+mt^2
    C 3 14  5 2  -2 3 1 1
     4*mt^2
    C 3 14  4 2  -2 2 1 1
     -d
    C 3 14  4 1  -1 2 1 1
     -4*mt^2
;
  C 3 14  5 3  -3 2 1 2
   1
    C 3 14  5 3  -3 2 2 1
     1
    C 3 14  5 3  -3 3 1 1
     2
    C 3 14  5 2  -2 2 1 2
     -mt^2+t
    C 3 14  5 2  -2 2 2 1
     -s
    C 3 14  4 2  -2 1 1 2
     -1
    C 3 14  4 2  -2 1 2 1
     -1
    C 3 14  4 2  -2 2 1 1
     -4
    C 3 14  3 1  -1 1 1 1
     2
;
  C 3 14  5 2  -2 2 1 2
   1
    C 3 14  5 2  -2 2 2 1
     (2*mt^2-t)^(-1)*mt^2
    C 3 14  5 2  -2 3 1 1
     2*(2*mt^2-t)^(-1)*mt^2
    C 3 14  4 2  -2 1 1 2
     (2*mt^2-t)^(-1)
    C 3 14  4 2  -2 1 2 1
     (2*mt^2-t)^(-1)
    C 3 14  4 2  -2 2 1 1
     (2*mt^2-t)^(-1)
    C 3 14  4 1  -1 2 1 1
     -2*(2*mt^2-t)^(-1)*(s+mt^2)
    C 3 14  3 1  -1 1 1 1
     -2*(2*mt^2-t)^(-1)
    A 2 10  4 2  -2 2 0 2
     -(2*mt^2-t)^(-1)
    A 2 10  4 2  -2 3 0 1
     -2*(2*mt^2-t)^(-1)
    A 2 10  3 1  -1 2 0 1
     2*(2*mt^2-t)^(-1)
;
  C 3 14  5 3  -3 2 1 2
   1
    C 3 14  5 3  -3 2 2 1
     1
    C 3 14  5 3  -3 3 1 1
     2
    C 3 14  5 2  -2 2 2 1
     -s+2*mt^2
    C 3 14  5 2  -2 3 1 1
     2*mt^2+2*t
    C 3 14  4 2  -2 2 1 1
     -3
    C 3 14  4 1  -1 2 1 1
     -4*mt^2
    C 2 6  4 2  -2 2 2 0
     -1
    C 2 6  4 2  -2 3 1 0
     -2
    C 2 6  3 1  -1 2 1 0
     2
;
  C 3 14  5 3  -3 1 2 2
   1
    C 3 14  5 3  -3 1 3 1
     2
    C 3 14  5 3  -3 2 2 1
     1
    C 3 14  5 2  -2 1 3 1
     -2*s+2*mt^2
    C 3 14  5 2  -2 2 2 1
     2*mt^2
    C 3 14  4 2  -2 1 2 1
     -d
    C 3 14  4 1  -1 1 2 1
     -4*mt^2
;
  C 3 14  5 3  -3 1 2 2
   1
    C 3 14  5 3  -3 1 3 1
     2
    C 3 14  5 3  -3 2 2 1
     1
    C 3 14  5 2  -2 1 2 2
     -mt^2+t
    C 3 14  5 2  -2 1 3 1
     -2*s
    C 3 14  4 2  -2 1 2 1
     -3
    C 2 12  4 2  -2 0 2 2
     -1
    C 2 12  4 2  -2 0 3 1
     -2
    C 2 12  3 1  -1 0 2 1
     2
;
  C 3 14  5 2  -2 1 2 2
   1
    C 3 14  5 2  -2 1 3 1
     2*(2*mt^2-t)^(-1)*mt^2
    C 3 14  5 2  -2 2 2 1
     (2*mt^2-t)^(-1)*mt^2
    C 3 14  4 2  -2 1 1 2
     -(2*mt^2-t)^(-1)
    C 3 14  4 2  -2 1 2 1
     -(2*mt^2-t)^(-1)
    C 3 14  4 2  -2 2 1 1
     -(2*mt^2-t)^(-1)
    C 3 14  4 1  -1 1 2 1
     -2*(2*mt^2-t)^(-1)*(s+mt^2)
    C 3 14  3 1  -1 1 1 1
     2*(2*mt^2-t)^(-1)
    C 2 12  4 2  -2 0 2 2
     (2*mt^2-t)^(-1)
    C 2 12  4 2  -2 0 3 1
     2*(2*mt^2-t)^(-1)
    C 2 12  3 1  -1 0 2 1
     -2*(2*mt^2-t)^(-1)
;
  C 3 14  5 3  -3 1 2 2
   1
    C 3 14  5 3  -3 1 3 1
     2
    C 3 14  5 3  -3 2 2 1
     1
    C 3 14  5 2  -2 1 3 1
     -2*s+4*mt^2
    C 3 14  5 2  -2 2 2 1
     mt^2+t
    C 3 14  4 2  -2 1 2 1
     -3
    C 3 14  4 1  -1 1 2 1
     -4*mt^2
    C 2 6  4 2  -2 1 3 0
     -2
    C 2 6  4 2  -2 2 2 0
     -1
    C 2 6  3 1  -1 1 2 0
     2
;
  C 3 14  5 3  -3 1 1 3
   1
    C 3 14  5 3  -3 1 2 2
     1/2
    C 3 14  5 3  -3 2 1 2
     1/2
    C 3 14  5 2  -2 1 2 2
     -1/2*s+1/2*mt^2
    C 3 14  5 2  -2 2 1 2
     mt^2
    C 3 14  4 2  -2 1 1 2
     -1/2*d
    C 3 14  4 1  -1 1 1 2
     -2*mt^2
;
  C 3 14  5 3  -3 1 1 3
   1
    C 3 14  5 3  -3 1 2 2
     1/2
    C 3 14  5 3  -3 2 1 2
     1/2
    C 3 14  5 2  -2 1 1 3
     -mt^2+t
    C 3 14  5 2  -2 1 2 2
     -1/2*s
    C 3 14  4 2  -2 1 1 2
     -3/2
    C 2 12  4 2  -2 0 1 3
     -1
    C 2 12  4 2  -2 0 2 2
     -1/2
    C 2 12  3 1  -1 0 1 2
     1
;
  C 3 14  5 2  -2 1 1 3
   1
    C 3 14  5 2  -2 1 2 2
     1/2*(2*mt^2-t)^(-1)*mt^2
    C 3 14  5 2  -2 2 1 2
     1/2*(2*mt^2-t)^(-1)*mt^2
    C 3 14  4 1  -1 1 1 2
     -(2*mt^2-t)^(-1)*(s+mt^2)
    C 2 12  4 2  -2 0 1 3
     (2*mt^2-t)^(-1)
    C 2 12  4 2  -2 0 2 2
     1/2*(2*mt^2-t)^(-1)
    C 2 12  3 1  -1 0 1 2
     -(2*mt^2-t)^(-1)
    A 2 10  4 2  -2 1 0 3
     -(2*mt^2-t)^(-1)
    A 2 10  4 2  -2 2 0 2
     -1/2*(2*mt^2-t)^(-1)
    A 2 10  3 1  -1 1 0 2
     (2*mt^2-t)^(-1)
;
  C 3 14  5 3  -3 1 1 3
   1
    C 3 14  5 3  -3 1 2 2
     1/2
    C 3 14  5 3  -3 2 1 2
     1/2
    C 3 14  5 2  -2 1 2 2
     -1/2*s+mt^2
    C 3 14  5 2  -2 2 1 2
     1/2*mt^2+1/2*t
    C 3 14  4 2  -2 1 1 2
     -2
    C 3 14  4 2  -2 1 2 1
     -1/2
    C 3 14  4 2  -2 2 1 1
     -1/2
    C 3 14  4 1  -1 1 1 2
     -2*mt^2
    C 3 14  3 1  -1 1 1 1
     1
;
  C 3 14  5 4  -4 2 1 2
   1
    C 3 14  5 4  -4 2 2 1
     1
    C 3 14  5 4  -4 3 1 1
     2
    C 3 14  5 3  -3 2 2 1
     -s+mt^2
    C 3 14  5 3  -3 3 1 1
     4*mt^2
    C 3 14  4 3  -3 2 1 1
     -2-d
    C 3 14  4 2  -2 2 1 1
     -6*mt^2
;
  C 3 14  5 4  -4 2 1 2
   1
    C 3 14  5 4  -4 2 2 1
     1
    C 3 14  5 4  -4 3 1 1
     2
    C 3 14  5 3  -3 2 1 2
     -mt^2+t
    C 3 14  5 3  -3 2 2 1
     -s
    C 3 14  4 3  -3 1 1 2
     -1
    C 3 14  4 3  -3 1 2 1
     -1
    C 3 14  4 3  -3 2 1 1
     -5
    C 3 14  3 2  -2 1 1 1
     3
;
  C 3 14  5 3  -3 2 1 2
   1
    C 3 14  5 3  -3 2 2 1
     (2*mt^2-t)^(-1)*mt^2
    C 3 14  5 3  -3 3 1 1
     2*(2*mt^2-t)^(-1)*mt^2
    C 3 14  4 3  -3 1 1 2
     (2*mt^2-t)^(-1)
    C 3 14  4 3  -3 1 2 1
     (2*mt^2-t)^(-1)
    C 3 14  4 3  -3 2 1 1
     (2*mt^2-t)^(-1)
    C 3 14  4 2  -2 2 1 1
     -3*(2*mt^2-t)^(-1)*(s+mt^2)
    C 3 14  3 2  -2 1 1 1
     -3*(2*mt^2-t)^(-1)
    A 2 10  4 3  -3 2 0 2
     -(2*mt^2-t)^(-1)
    A 2 10  4 3  -3 3 0 1
     -2*(2*mt^2-t)^(-1)
    A 2 10  3 2  -2 2 0 1
     3*(2*mt^2-t)^(-1)
;
  C 3 14  5 4  -4 2 1 2
   1
    C 3 14  5 4  -4 2 2 1
     1
    C 3 14  5 4  -4 3 1 1
     2
    C 3 14  5 3  -3 2 2 1
     -s+2*mt^2
    C 3 14  5 3  -3 3 1 1
     2*mt^2+2*t
    C 3 14  4 3  -3 2 1 1
     -4
    C 3 14  4 2  -2 2 1 1
     -6*mt^2
    C 2 6  4 3  -3 2 2 0
     -1
    C 2 6  4 3  -3 3 1 0
     -2
    C 2 6  3 2  -2 2 1 0
     3
;
  C 3 14  5 4  -4 1 2 2
   1
    C 3 14  5 4  -4 1 3 1
     2
    C 3 14  5 4  -4 2 2 1
     1
    C 3 14  5 3  -3 1 3 1
     -2*s+2*mt^2
    C 3 14  5 3  -3 2 2 1
     2*mt^2
    C 3 14  4 3  -3 1 2 1
     -2-d
    C 3 14  4 2  -2 1 2 1
     -6*mt^2
;
  C 3 14  5 4  -4 1 2 2
   1
    C 3 14  5 4  -4 1 3 1
     2
    C 3 14  5 4  -4 2 2 1
     1
    C 3 14  5 3  -3 1 2 2
     -mt^2+t
    C 3 14  5 3  -3 1 3 1
     -2*s
    C 3 14  4 3  -3 1 2 1
     -4
    C 2 12  4 3  -3 0 2 2
     -1
    C 2 12  4 3  -3 0 3 1
     -2
    C 2 12  3 2  -2 0 2 1
     3
;
  C 3 14  5 3  -3 1 2 2
   1
    C 3 14  5 3  -3 1 3 1
     2*(2*mt^2-t)^(-1)*mt^2
    C 3 14  5 3  -3 2 2 1
     (2*mt^2-t)^(-1)*mt^2
    C 3 14  4 3  -3 1 1 2
     -(2*mt^2-t)^(-1)
    C 3 14  4 3  -3 1 2 1
     -(2*mt^2-t)^(-1)
    C 3 14  4 3  -3 2 1 1
     -(2*mt^2-t)^(-1)
    C 3 14  4 2  -2 1 2 1
     -3*(2*mt^2-t)^(-1)*(s+mt^2)
    C 3 14  3 2  -2 1 1 1
     3*(2*mt^2-t)^(-1)
    C 2 12  4 3  -3 0 2 2
     (2*mt^2-t)^(-1)
    C 2 12  4 3  -3 0 3 1
     2*(2*mt^2-t)^(-1)
    C 2 12  3 2  -2 0 2 1
     -3*(2*mt^2-t)^(-1)
;
  C 3 14  5 4  -4 1 2 2
   1
    C 3 14  5 4  -4 1 3 1
     2
    C 3 14  5 4  -4 2 2 1
     1
    C 3 14  5 3  -3 1 3 1
     -2*s+4*mt^2
    C 3 14  5 3  -3 2 2 1
     mt^2+t
    C 3 14  4 3  -3 1 2 1
     -4
    C 3 14  4 2  -2 1 2 1
     -6*mt^2
    C 2 6  4 3  -3 1 3 0
     -2
    C 2 6  4 3  -3 2 2 0
     -1
    C 2 6  3 2  -2 1 2 0
     3
;
  C 3 14  5 4  -4 1 1 3
   1
    C 3 14  5 4  -4 1 2 2
     1/2
    C 3 14  5 4  -4 2 1 2
     1/2
    C 3 14  5 3  -3 1 2 2
     -1/2*s+1/2*mt^2
    C 3 14  5 3  -3 2 1 2
     mt^2
    C 3 14  4 3  -3 1 1 2
     -1-1/2*d
    C 3 14  4 2  -2 1 1 2
     -3*mt^2
;
  C 3 14  5 4  -4 1 1 3
   1
    C 3 14  5 4  -4 1 2 2
     1/2
    C 3 14  5 4  -4 2 1 2
     1/2
    C 3 14  5 3  -3 1 1 3
     -mt^2+t
    C 3 14  5 3  -3 1 2 2
     -1/2*s
    C 3 14  4 3  -3 1 1 2
     -2
    C 2 12  4 3  -3 0 1 3
     -1
    C 2 12  4 3  -3 0 2 2
     -1/2
    C 2 12  3 2  -2 0 1 2
     3/2
;
  C 3 14  5 3  -3 1 1 3
   1
    C 3 14  5 3  -3 1 2 2
     1/2*(2*mt^2-t)^(-1)*mt^2
    C 3 14  5 3  -3 2 1 2
     1/2*(2*mt^2-t)^(-1)*mt^2
    C 3 14  4 2  -2 1 1 2
     -3/2*(2*mt^2-t)^(-1)*(s+mt^2)
    C 2 12  4 3  -3 0 1 3
     (2*mt^2-t)^(-1)
    C 2 12  4 3  -3 0 2 2
     1/2*(2*mt^2-t)^(-1)
    C 2 12  3 2  -2 0 1 2
     -3/2*(2*mt^2-t)^(-1)
    A 2 10  4 3  -3 1 0 3
     -(2*mt^2-t)^(-1)
    A 2 10  4 3  -3 2 0 2
     -1/2*(2*mt^2-t)^(-1)
    A 2 10  3 2  -2 1 0 2
     3/2*(2*mt^2-t)^(-1)
;
  C 3 14  5 4  -4 1 1 3
   1
    C 3 14  5 4  -4 1 2 2
     1/2
    C 3 14  5 4  -4 2 1 2
     1/2
    C 3 14  5 3  -3 1 2 2
     -1/2*s+mt^2
    C 3 14  5 3  -3 2 1 2
     1/2*mt^2+1/2*t
    C 3 14  4 3  -3 1 1 2
     -5/2
    C 3 14  4 3  -3 1 2 1
     -1/2
    C 3 14  4 3  -3 2 1 1
     -1/2
    C 3 14  4 2  -2 1 1 2
     -3*mt^2
    C 3 14  3 2  -2 1 1 1
     3/2
;
