  A 1 1  1 2  1 0 -2 0
   1
    A 1 1  1 2  1 -1 -1 0
     -2
    A 1 1  1 2  1 -2 0 0
     1
    A 1 1  1 1  1 0 -1 0
     -2*s
    A 1 1  1 1  1 -1 0 0
     2*s
    A 1 1  1 0  1 0 0 0
     s^2
;
  A 1 1  1 2  1 0 -2 0
   1
    A 1 1  1 2  1 -1 -1 0
     -2
    A 1 1  1 2  1 -2 0 0
     1
    A 1 1  1 1  1 0 -1 0
     -2*s
    A 1 1  1 1  1 -1 0 0
     2*s
    A 1 1  1 0  1 0 0 0
     s^2
;
  A 1 1  1 2  1 0 -2 0
   1
    A 1 1  1 2  1 -1 -1 0
     -2
    A 1 1  1 2  1 -2 0 0
     1
    A 1 1  1 1  1 0 -1 0
     -2*s
    A 1 1  1 1  1 -1 0 0
     2*s
    A 1 1  1 0  1 0 0 0
     s^2
;
  A 1 1  1 2  1 0 -2 0
   1
    A 1 1  1 2  1 -1 -1 0
     -45/16
    A 1 1  1 2  1 -2 0 0
     5/2
    A 1 1  1 1  1 0 -1 0
     -27/8*s
    A 1 1  1 1  1 -1 0 0
     45/8*s
    A 1 1  1 0  1 0 0 0
     1/8*(13*s+19*d*s^2)*d^(-1)
;
  A 1 1  1 2  1 0 -2 0
   1
    A 1 1  1 2  1 -1 -1 0
     -5
    A 1 1  1 2  1 -2 0 0
     10
    A 1 1  1 1  1 0 -1 0
     -21/5*s
    A 1 1  1 1  1 -1 0 0
     12*s
    A 1 1  1 0  1 0 0 0
     2/5*(15*s+8*d*s^2)*d^(-1)
;
  A 1 1  1 2  1 0 -1 -1
   1
    A 1 1  1 2  1 0 -2 0
     -(-2+t)*(-1+t)^(-1)
    A 1 1  1 2  1 -1 0 -1
     -1
    A 1 1  1 2  1 -1 -1 0
     (-3+t)*(-1+t)^(-1)
    A 1 1  1 2  1 -2 0 0
     (-1+t)^(-1)
    A 1 1  1 1  1 0 0 -1
     -s
    A 1 1  1 1  1 0 -1 0
     2*(-2+t)*(-1+t)^(-1)*s
    A 1 1  1 1  1 -1 0 0
     -(-3+t)*(-1+t)^(-1)*s
    A 1 1  1 0  1 0 0 0
     -d^(-1)*(-1+t)^(-1)*(2+2*t^2-4*t-2*d*s^2+t*d*s^2)
;
  A 1 1  1 2  1 0 -1 -1
   1
    A 1 1  1 2  1 0 -2 0
     -1
    A 1 1  1 2  1 -1 0 -1
     -4
    A 1 1  1 2  1 -1 -1 0
     4
    A 1 1  1 2  1 -2 0 0
     -6
    A 1 1  1 1  1 0 0 -1
     -12/5*s
    A 1 1  1 1  1 0 -1 0
     -4+21/5*s
    A 1 1  1 1  1 -1 0 0
     16-48/5*s
    A 1 1  1 0  1 0 0 0
     -2/5*(-20+20*t+15*s+8*d*s^2-17*d*s)*d^(-1)
;
  A 1 1  1 2  1 0 -1 -1
   1
    A 1 1  1 2  1 0 -2 0
     -16/9
    A 1 1  1 2  1 -1 0 -1
     -16/9
    A 1 1  1 2  1 -1 -1 0
     4
    A 1 1  1 2  1 -2 0 0
     -8/3
    A 1 1  1 1  1 0 0 -1
     -2*s
    A 1 1  1 1  1 0 -1 0
     -4+6*s
    A 1 1  1 1  1 -1 0 0
     64/9-8*s
    A 1 1  1 0  1 0 0 0
     -2/9*(-16+16*t+13*s+19*d*s^2-27*d*s)*d^(-1)
;
  A 1 1  1 2  1 0 -1 -1
   1
    A 1 1  1 2  1 0 -2 0
     -3/2
    A 1 1  1 2  1 -1 0 -1
     -1
    A 1 1  1 2  1 -1 -1 0
     2
    A 1 1  1 2  1 -2 0 0
     -1/2
    A 1 1  1 1  1 0 0 -1
     -s
    A 1 1  1 1  1 0 -1 0
     3*s
    A 1 1  1 1  1 -1 0 0
     -2*s
    A 1 1  1 0  1 0 0 0
     -1/2*d^(-1)*(-4+4*t+3*d*s^2)
;
  A 1 1  1 2  1 0 -1 -1
   1
    A 1 1  1 2  1 0 -2 0
     -3/2
    A 1 1  1 2  1 -1 0 -1
     -1
    A 1 1  1 2  1 -1 -1 0
     2
    A 1 1  1 2  1 -2 0 0
     -1/2
    A 1 1  1 1  1 0 0 -1
     -s
    A 1 1  1 1  1 0 -1 0
     3*s
    A 1 1  1 1  1 -1 0 0
     -2*s
    A 1 1  1 0  1 0 0 0
     -1/2*d^(-1)*(-4+4*t+3*d*s^2)
;
  A 1 1  1 2  1 0 0 -2
   1
    A 1 1  1 2  1 0 -1 -1
     -1/2
    A 1 1  1 2  1 0 -2 0
     1/10
    A 1 1  1 1  1 0 0 -1
     -8+6/5*s
    A 1 1  1 1  1 0 -1 0
     2-21/50*s
    A 1 1  1 0  1 0 0 0
     1/25*d^(-1)*(-100+300*d+15*s+8*d*s^2-85*d*s)
;
  A 1 1  1 2  1 0 0 -2
   1
    A 1 1  1 2  1 0 -1 -1
     -2
    A 1 1  1 2  1 0 -2 0
     1
    A 1 1  1 1  1 0 0 -1
     2*s
    A 1 1  1 1  1 0 -1 0
     -2*s
    A 1 1  1 0  1 0 0 0
     -d^(-1)*(4+4*d-d*s^2)
;
  A 1 1  1 2  1 0 0 -2
   1
    A 1 1  1 2  1 0 -1 -1
     -2
    A 1 1  1 2  1 0 -2 0
     1
    A 1 1  1 1  1 0 0 -1
     2*s
    A 1 1  1 1  1 0 -1 0
     -2*s
    A 1 1  1 0  1 0 0 0
     -d^(-1)*(4+4*d-d*s^2)
;
  A 1 1  1 2  1 0 0 -2
   1
    A 1 1  1 2  1 0 -1 -1
     -2
    A 1 1  1 2  1 0 -2 0
     1
    A 1 1  1 1  1 0 0 -1
     2*s
    A 1 1  1 1  1 0 -1 0
     -2*s
    A 1 1  1 0  1 0 0 0
     -d^(-1)*(4+4*d-d*s^2)
;
  A 1 1  1 2  1 0 0 -2
   1
    A 1 1  1 2  1 0 -1 -1
     -9/8
    A 1 1  1 2  1 0 -2 0
     2/5
    A 1 1  1 1  1 0 0 -1
     -8+9/4*s
    A 1 1  1 1  1 0 -1 0
     9/2-27/20*s
    A 1 1  1 0  1 0 0 0
     1/20*(-80+240*d+13*s+19*d*s^2-135*d*s)*d^(-1)
;
  A 1 1  1 2  1 0 0 -2
   1
    A 1 1  1 2  1 0 -1 -1
     -2/3
    A 1 1  1 2  1 0 -2 0
     1/6
    A 1 1  1 2  1 -1 0 -1
     2/3
    A 1 1  1 2  1 -1 -1 0
     -1/6
    A 1 1  1 1  1 0 0 -1
     -8+8/5*s
    A 1 1  1 1  1 0 -1 0
     8/3-7/10*s
    A 1 1  1 1  1 -1 0 0
     -8/3+2/5*s
    A 1 1  1 0  1 0 0 0
     1/15*d^(-1)*(-80+20*t+180*d+15*s+8*d*s^2-68*d*s)
;
  A 1 1  1 2  1 0 0 -2
   1
    A 1 1  1 2  1 0 -1 -1
     -3-t
    A 1 1  1 2  1 0 -2 0
     2+t
    A 1 1  1 2  1 -1 0 -1
     1+t
    A 1 1  1 2  1 -1 -1 0
     -1-t
    A 1 1  1 1  1 0 0 -1
     (3+t)*s
    A 1 1  1 1  1 0 -1 0
     -2*(2+t)*s
    A 1 1  1 1  1 -1 0 0
     (1+t)*s
    A 1 1  1 0  1 0 0 0
     (-6+2*t^2-4*d+2*d*s^2+t*d*s^2)*d^(-1)
;
  A 1 1  1 2  1 0 0 -2
   1
    A 1 1  1 2  1 0 -1 -1
     -3/2
    A 1 1  1 2  1 0 -2 0
     2/3
    A 1 1  1 2  1 -1 0 -1
     2/3
    A 1 1  1 2  1 -1 -1 0
     -3/8
    A 1 1  1 1  1 0 0 -1
     -8+3*s
    A 1 1  1 1  1 0 -1 0
     6-9/4*s
    A 1 1  1 1  1 -1 0 0
     -8/3+3/4*s
    A 1 1  1 0  1 0 0 0
     1/12*d^(-1)*(-64+16*t+144*d+13*s+19*d*s^2-108*d*s)
;
  A 1 1  1 2  1 0 0 -2
   1
    A 1 1  1 2  1 0 -1 -1
     -4
    A 1 1  1 2  1 0 -2 0
     3
    A 1 1  1 2  1 -1 0 -1
     2
    A 1 1  1 2  1 -1 -1 0
     -2
    A 1 1  1 1  1 0 0 -1
     4*s
    A 1 1  1 1  1 0 -1 0
     -6*s
    A 1 1  1 1  1 -1 0 0
     2*s
    A 1 1  1 0  1 0 0 0
     d^(-1)*(-8+4*t-4*d+3*d*s^2)
;
  A 1 1  1 2  1 0 0 -2
   1
    A 1 1  1 2  1 0 -1 -1
     -4
    A 1 1  1 2  1 0 -2 0
     3
    A 1 1  1 2  1 -1 0 -1
     2
    A 1 1  1 2  1 -1 -1 0
     -2
    A 1 1  1 1  1 0 0 -1
     4*s
    A 1 1  1 1  1 0 -1 0
     -6*s
    A 1 1  1 1  1 -1 0 0
     2*s
    A 1 1  1 0  1 0 0 0
     d^(-1)*(-8+4*t-4*d+3*d*s^2)
;
  A 1 1  1 2  1 0 0 -2
   1
    A 1 1  1 2  1 0 -1 -1
     -1
    A 1 1  1 2  1 0 -2 0
     1/3
    A 1 1  1 2  1 -1 0 -1
     2
    A 1 1  1 2  1 -1 -1 0
     -2/3
    A 1 1  1 2  1 -2 0 0
     1/3
    A 1 1  1 1  1 0 0 -1
     -8+12/5*s
    A 1 1  1 1  1 0 -1 0
     4-7/5*s
    A 1 1  1 1  1 -1 0 0
     -8+8/5*s
    A 1 1  1 0  1 0 0 0
     2/15*d^(-1)*(-60+30*t+90*d+15*s+8*d*s^2-51*d*s)
;
  A 1 1  1 2  1 0 0 -2
   1
    A 1 1  1 2  1 0 -1 -1
     -2
    A 1 1  1 2  1 0 -2 0
     1
    A 1 1  1 2  1 -1 0 -1
     6
    A 1 1  1 2  1 -1 -1 0
     -3
    A 1 1  1 2  1 -2 0 0
     3
    A 1 1  1 1  1 0 0 -1
     -8+24/5*s
    A 1 1  1 1  1 0 -1 0
     8-21/5*s
    A 1 1  1 1  1 -1 0 0
     -24+36/5*s
    A 1 1  1 0  1 0 0 0
     2/5*(-40+30*t+30*d+15*s+8*d*s^2-34*d*s)*d^(-1)
;
  A 1 1  1 2  1 0 0 -2
   1
    A 1 1  1 2  1 0 -1 -1
     -2*(-3+t)*(-1+t)^(-1)
    A 1 1  1 2  1 0 -2 0
     -6*(-1+t)^(-1)
    A 1 1  1 2  1 -1 0 -1
     -4*(-1+t)^(-1)
    A 1 1  1 2  1 -1 -1 0
     2*(3+t)*(-1+t)^(-1)
    A 1 1  1 2  1 -2 0 0
     -(1+t)*(-1+t)^(-1)
    A 1 1  1 1  1 0 0 -1
     2*(-3+t)*(-1+t)^(-1)*s
    A 1 1  1 1  1 0 -1 0
     12*(-1+t)^(-1)*s
    A 1 1  1 1  1 -1 0 0
     -2*(3+t)*(-1+t)^(-1)*s
    A 1 1  1 0  1 0 0 0
     -2*(-6+6*t-2*d+3*d*s^2+2*t*d)*d^(-1)*(-1+t)^(-1)
;
  A 1 1  1 2  1 0 0 -2
   1
    A 1 1  1 2  1 0 -1 -1
     -9/2
    A 1 1  1 2  1 0 -2 0
     4
    A 1 1  1 2  1 -1 0 -1
     6
    A 1 1  1 2  1 -1 -1 0
     -27/4
    A 1 1  1 2  1 -2 0 0
     3
    A 1 1  1 1  1 0 0 -1
     -8+9*s
    A 1 1  1 1  1 0 -1 0
     18-27/2*s
    A 1 1  1 1  1 -1 0 0
     -24+27/2*s
    A 1 1  1 0  1 0 0 0
     1/2*d^(-1)*(-32+24*t+24*d+13*s+19*d*s^2-54*d*s)
;
  A 1 1  1 2  1 0 0 -2
   1
    A 1 1  1 2  1 0 -1 -1
     -9/4
    A 1 1  1 2  1 0 -2 0
     4/3
    A 1 1  1 2  1 -1 0 -1
     2
    A 1 1  1 2  1 -1 -1 0
     -3/2
    A 1 1  1 2  1 -2 0 0
     1/3
    A 1 1  1 1  1 0 0 -1
     -8+9/2*s
    A 1 1  1 1  1 0 -1 0
     9-9/2*s
    A 1 1  1 1  1 -1 0 0
     -8+3*s
    A 1 1  1 0  1 0 0 0
     1/6*(-48+24*t+72*d+13*s+19*d*s^2-81*d*s)*d^(-1)
;
