  C 2 12  2 1  -1 0 1 1
   1
    C 2 12  2 0  0 0 1 1
     -1/2*s+mt^2
;
  C 2 12  2 1  0 -1 1 1
   1
    C 2 12  2 0  0 0 1 1
     3/2*mt^2-1/2*t
;
  C 2 12  2 2  -2 0 1 1
   1
    C 2 12  2 0  0 0 1 1
     -1/4*(s^2*d+4*d*mt^4-4*mt^4-4*s*d*mt^2)*(-1+d)^(-1)
;
  C 2 12  2 2  -1 -1 1 1
   1
    C 2 12  2 0  0 0 1 1
     -1/4*(s*d*t-2*s*t+2*mt^2*t+6*d*mt^4-6*mt^4-2*d*mt^2*t-3*s*d*mt^2+2*s*mt^2)*(-1+d)^(-1)
;
  C 2 12  2 2  0 -2 1 1
   1
    C 2 12  2 0  0 0 1 1
     -1/4*(d*t^2+4*mt^2*t+9*d*mt^4-8*mt^4-6*d*mt^2*t)*(-1+d)^(-1)
;
  C 2 12  2 3  -3 0 1 1
   1
    C 2 12  2 0  0 0 1 1
     1/8*(12*s^2*mt^2+6*s^2*d*mt^2-12*s*mt^4-12*s*d*mt^4-8*mt^6+8*d*mt^6-2*s^3-s^3*d)*(-1+d)^(-1)
;
  C 2 12  2 3  -2 -1 1 1
   1
    C 2 12  2 0  0 0 1 1
     1/8*(-1+d)^(-1)*(2*s^2*mt^2-4*s*mt^2*t+4*s*d*mt^2*t+3*s^2*d*mt^2-4*d*mt^4*t-4*s*mt^4-12*s*d*mt^4-12*mt^6+12*d*mt^6-s^2*d*t+2*s^2*t+4*mt^4*t)
;
  C 2 12  2 3  -1 -2 1 1
   1
    C 2 12  2 0  0 0 1 1
     -1/8*(8*s*mt^2*t-6*s*d*mt^2*t+12*d*mt^4*t-2*s*mt^4+9*s*d*mt^4+16*mt^6-18*d*mt^6-2*s*t^2+s*d*t^2-2*d*mt^2*t^2-8*mt^4*t)*(-1+d)^(-1)
;
  C 2 12  2 3  0 -3 1 1
   1
    C 2 12  2 0  0 0 1 1
     -1/8*(2*t^3+d*t^3+27*d*mt^4*t-6*mt^2*t^2+18*mt^6-27*d*mt^6-9*d*mt^2*t^2-6*mt^4*t)*(-1+d)^(-1)
;
  C 2 12  3 0  0 0 2 1
   1
    C 2 12  2 0  0 0 1 1
     (-3+d)*mt^(-2)
;
  C 2 12  3 0  0 0 1 2
   1
    C 2 12  2 0  0 0 1 1
     (-3+d)*mt^(-2)
;
  C 2 12  3 1  -1 0 2 1
   1
    C 2 12  2 0  0 0 1 1
     1/2*(-2+d)*(s-2*mt^2)*mt^(-2)
;
  C 2 12  3 1  -1 0 1 2
   1
    C 2 12  2 0  0 0 1 1
     -1/2*(4*s+2*d*mt^2-6*mt^2-s*d)*mt^(-2)
;
  C 2 12  3 1  0 -1 2 1
   1
    C 2 12  2 0  0 0 1 1
     1/2*(d*t-3*d*mt^2+8*mt^2-4*t)*mt^(-2)
;
  C 2 12  3 1  0 -1 1 2
   1
    C 2 12  2 0  0 0 1 1
     1/2*(d*t-3*d*mt^2+8*mt^2-2*t)*mt^(-2)
;
  C 2 12  3 2  -2 0 2 1
   1
    C 2 12  2 0  0 0 1 1
     1/4*(s^2*d+4*d*mt^4-4*mt^4-4*s*d*mt^2)*mt^(-2)
;
  C 2 12  3 2  -2 0 1 2
   1
    C 2 12  2 0  0 0 1 1
     1/4*mt^(-2)*(s^2*d+4*d*mt^4-12*mt^4-4*s^2-4*s*d*mt^2+12*s*mt^2)
;
  C 2 12  3 2  -1 -1 2 1
   1
    C 2 12  2 0  0 0 1 1
     1/4*(s*d*t-4*s*t+6*mt^2*t+6*d*mt^4-10*mt^4-2*d*mt^2*t-3*s*d*mt^2+4*s*mt^2)*mt^(-2)
;
  C 2 12  3 2  -1 -1 1 2
   1
    C 2 12  2 0  0 0 1 1
     1/4*(s*d*t-4*s*t+4*mt^2*t+6*d*mt^4-16*mt^4-2*d*mt^2*t-3*s*d*mt^2+10*s*mt^2)*mt^(-2)
;
  C 2 12  3 2  0 -2 2 1
   1
    C 2 12  2 0  0 0 1 1
     1/4*(d*t^2-4*t^2+20*mt^2*t+9*d*mt^4-20*mt^4-6*d*mt^2*t)*mt^(-2)
;
  C 2 12  3 2  0 -2 1 2
   1
    C 2 12  2 0  0 0 1 1
     1/4*(d*t^2+8*mt^2*t+9*d*mt^4-20*mt^4-6*d*mt^2*t)*mt^(-2)
;
  C 2 12  3 3  -3 0 2 1
   1
    C 2 12  2 0  0 0 1 1
     1/8*(2*s^2*d-4*s*d^2*mt^2+s^2*d^2-4*d*mt^4+4*d^2*mt^4-8*s*d*mt^2)*(s-2*mt^2)*mt^(-2)*(-1+d)^(-1)
;
  C 2 12  3 3  -3 0 1 2
   1
    C 2 12  2 0  0 0 1 1
     1/8*(18*s^2*d*mt^2+s^3*d^2+24*s*mt^4-36*s*d*mt^4-24*mt^6+32*d*mt^6-4*s^3*d-8*d^2*mt^6-6*s^2*d^2*mt^2+12*s*d^2*mt^4)*mt^(-2)*(-1+d)^(-1)
;
  C 2 12  3 3  -2 -1 2 1
   1
    C 2 12  2 0  0 0 1 1
     1/8*(12*s*d*mt^2*t-12*d*mt^4*t+s^2*d^2*t-4*s*d*mt^4-8*mt^6+20*d*mt^6-12*d^2*mt^6-3*s^2*d^2*mt^2-4*s^2*d*t+12*s*d^2*mt^4-4*s*d^2*mt^2*t+4*d^2*mt^4*t+8*mt^4*t)*mt^(-2)*(-1+d)^(-1)
;
  C 2 12  3 3  -2 -1 1 2
   1
    C 2 12  2 0  0 0 1 1
     -1/8*(8*s^2*mt^2+16*s*mt^2*t-16*s*d*mt^2*t-12*s^2*d*mt^2+12*d*mt^4*t-s^2*d^2*t-32*s*mt^4+40*s*d*mt^4+32*mt^6-44*d*mt^6+12*d^2*mt^6+3*s^2*d^2*mt^2+6*s^2*d*t-12*s*d^2*mt^4+4*s*d^2*mt^2*t-4*d^2*mt^4*t-8*s^2*t-8*mt^4*t)*mt^(-2)*(-1+d)^(-1)
;
  C 2 12  3 3  -1 -2 2 1
   1
    C 2 12  2 0  0 0 1 1
     -1/8*(16*s*mt^2*t-24*s*d*mt^2*t+40*d*mt^4*t+8*mt^2*t^2+2*d^2*mt^2*t^2-8*s*mt^4+14*s*d*mt^4+24*mt^6-40*d*mt^6-8*s*t^2+6*s*d*t^2-s*d^2*t^2+18*d^2*mt^6-9*s*d^2*mt^4+6*s*d^2*mt^2*t-12*d^2*mt^4*t-8*d*mt^2*t^2-32*mt^4*t)*mt^(-2)*(-1+d)^(-1)
;
  C 2 12  3 3  -1 -2 1 2
   1
    C 2 12  2 0  0 0 1 1
     -1/8*(16*s*mt^2*t-24*s*d*mt^2*t+28*d*mt^4*t+2*d^2*mt^2*t^2-24*s*mt^4+32*s*d*mt^4+40*mt^6-58*d*mt^6+4*s*d*t^2-s*d^2*t^2+18*d^2*mt^6-9*s*d^2*mt^4+6*s*d^2*mt^2*t-12*d^2*mt^4*t-2*d*mt^2*t^2-16*mt^4*t)*mt^(-2)*(-1+d)^(-1)
;
  C 2 12  3 3  0 -3 2 1
   1
    C 2 12  2 0  0 0 1 1
     -1/8*(4*d*t^3+96*d*mt^4*t+24*mt^2*t^2+9*d^2*mt^2*t^2+48*mt^6-72*d*mt^6+27*d^2*mt^6-27*d^2*mt^4*t-d^2*t^3-36*d*mt^2*t^2-72*mt^4*t)*mt^(-2)*(-1+d)^(-1)
;
  C 2 12  3 3  0 -3 1 2
   1
    C 2 12  2 0  0 0 1 1
     1/8*(2*d*t^3-42*d*mt^4*t-9*d^2*mt^2*t^2-48*mt^6+72*d*mt^6-27*d^2*mt^6+27*d^2*mt^4*t+d^2*t^3+24*mt^4*t)*mt^(-2)*(-1+d)^(-1)
;
  C 2 12  3 4  -4 0 2 1
   1
    C 2 12  2 0  0 0 1 1
     1/16*(24*s^2*d^2*mt^4-96*s*d*mt^6-64*s*mt^6+16*d^2*mt^8-64*s^3*mt^2-8*s^3*d^2*mt^2-48*s^3*d*mt^2+6*s^4*d+8*s^4-16*mt^8+s^4*d^2+144*s^2*mt^4+120*s^2*d*mt^4-32*s*d^2*mt^6)*mt^(-2)*(-1+d)^(-1)
;
  C 2 12  3 4  -4 0 1 2
   1
    C 2 12  2 0  0 0 1 1
     1/16*(24*s^2*d^2*mt^4+64*s*d*mt^6-32*s*mt^6+16*d^2*mt^8+48*s^3*mt^2-8*s^3*d^2*mt^2+8*s^3*d*mt^2-2*s^4*d-8*s^4-64*d*mt^8+48*mt^8+s^4*d^2-48*s^2*mt^4-24*s^2*d*mt^4-32*s*d^2*mt^6)*mt^(-2)*(-1+d)^(-1)
;
  C 2 12  3 4  -3 -1 2 1
   1
    C 2 12  2 0  0 0 1 1
     1/16*mt^(-2)*(-1+d)^(-1)*(18*s^2*d^2*mt^4-60*s*d*mt^6-24*s*mt^6+24*d^2*mt^8-6*s^2*d^2*mt^2*t-8*s^3*mt^2+16*d*mt^6*t-3*s^3*d^2*mt^2-2*s^3*d*t+12*s*d^2*mt^4*t+6*s^2*d*mt^2*t-10*s^3*d*mt^2+s^3*d^2*t-8*d^2*mt^6*t-12*s*d*mt^4*t-24*s*mt^4*t-8*mt^6*t-8*s^3*t-16*d*mt^8-8*mt^8+36*s^2*mt^2*t+36*s^2*mt^4+54*s^2*d*mt^4-36*s*d^2*mt^6)
;
  C 2 12  3 4  -3 -1 1 2
   1
    C 2 12  2 0  0 0 1 1
     1/16*(18*s^2*d^2*mt^4+84*s*d*mt^6-72*s*mt^6+24*d^2*mt^8-6*s^2*d^2*mt^2*t+4*s^3*mt^2+24*d*mt^6*t-3*s^3*d^2*mt^2-6*s^3*d*t+12*s*d^2*mt^4*t+24*s^2*d*mt^2*t+8*s^3*d*mt^2+s^3*d^2*t-8*d^2*mt^6*t-36*s*d*mt^4*t+48*s*mt^4*t-16*mt^6*t+8*s^3*t-88*d*mt^8+64*mt^8-24*s^2*mt^2*t-36*s^2*d*mt^4-36*s*d^2*mt^6)*mt^(-2)*(-1+d)^(-1)
;
  C 2 12  3 4  -2 -2 2 1
   1
    C 2 12  2 0  0 0 1 1
     1/16*(9*s^2*d^2*mt^4-16*s*d*mt^6-16*s*mt^6+36*d^2*mt^8-6*s^2*d^2*mt^2*t+s^2*d^2*t^2-12*d*mt^4*t^2+16*s*d*mt^2*t^2-16*s*mt^2*t^2+56*d*mt^6*t+24*s*d^2*mt^4*t+16*s^2*d*mt^2*t+16*mt^4*t^2+8*s^2*t^2+4*d^2*mt^4*t^2-24*d^2*mt^6*t-4*s*d^2*mt^2*t^2-48*s*d*mt^4*t-48*mt^6*t-6*s^2*d*t^2-44*d*mt^8+16*mt^8+8*s^2*mt^2*t+8*s^2*mt^4+10*s^2*d*mt^4-36*s*d^2*mt^6)*mt^(-2)*(-1+d)^(-1)
;
  C 2 12  3 4  -2 -2 1 2
   1
    C 2 12  2 0  0 0 1 1
     1/16*(9*s^2*d^2*mt^4+92*s*d*mt^6-88*s*mt^6+36*d^2*mt^8-6*s^2*d^2*mt^2*t+s^2*d^2*t^2-4*d*mt^4*t^2+12*s*d*mt^2*t^2-8*s*mt^2*t^2+56*d*mt^6*t+24*s*d^2*mt^4*t+28*s^2*d*mt^2*t+8*s^2*t^2+4*d^2*mt^4*t^2-24*d^2*mt^6*t-4*s*d^2*mt^2*t^2-72*s*d*mt^4*t+80*s*mt^4*t-32*mt^6*t-6*s^2*d*t^2-116*d*mt^8+80*mt^8-32*s^2*mt^2*t+16*s^2*mt^4-26*s^2*d*mt^4-36*s*d^2*mt^6)*mt^(-2)*(-1+d)^(-1)
;
  C 2 12  3 4  -1 -3 2 1
   1
    C 2 12  2 0  0 0 1 1
     -1/16*(4*mt^2*t^3-18*s*d*mt^6+24*s*mt^6+2*d^2*mt^2*t^3-54*d^2*mt^8+54*d*mt^4*t^2+6*s*d*t^3-8*s*t^3-42*s*d*mt^2*t^2+48*s*mt^2*t^2-138*d*mt^6*t-27*s*d^2*mt^4*t-60*mt^4*t^2-18*d^2*mt^4*t^2+54*d^2*mt^6*t+9*s*d^2*mt^2*t^2+78*s*d*mt^4*t-48*s*mt^4*t-s*d^2*t^3+132*mt^6*t+90*d*mt^8-60*mt^8-6*d*mt^2*t^3+27*s*d^2*mt^6)*mt^(-2)*(-1+d)^(-1)
;
  C 2 12  3 4  -1 -3 1 2
   1
    C 2 12  2 0  0 0 1 1
     1/16*mt^(-2)*(72*s*d*mt^6-60*s*mt^6-2*d^2*mt^2*t^3+54*d^2*mt^8-2*s*d*t^3-8*s*t^3+24*s*d*mt^2*t^2+12*s*mt^2*t^2+84*d*mt^6*t+27*s*d^2*mt^4*t+18*d^2*mt^4*t^2-54*d^2*mt^6*t-9*s*d^2*mt^2*t^2-78*s*d*mt^4*t+48*s*mt^4*t+s*d^2*t^3-48*mt^6*t-144*d*mt^8+96*mt^8-4*d*mt^2*t^3-27*s*d^2*mt^6)*(-1+d)^(-1)
;
  C 2 12  3 4  0 -4 2 1
   1
    C 2 12  2 0  0 0 1 1
     1/16*(16*mt^2*t^3+d^2*t^4-12*d^2*mt^2*t^3+81*d^2*mt^8-156*d*mt^4*t^2+288*d*mt^6*t+96*mt^4*t^2+54*d^2*mt^4*t^2-108*d^2*mt^6*t-240*mt^6*t-162*d*mt^8+120*mt^8+32*d*mt^2*t^3-2*d*t^4-8*t^4)*mt^(-2)*(-1+d)^(-1)
;
  C 2 12  3 4  0 -4 1 2
   1
    C 2 12  2 0  0 0 1 1
     -1/16*(32*mt^2*t^3-d^2*t^4+12*d^2*mt^2*t^3-81*d^2*mt^8-60*d*mt^4*t^2-72*d*mt^6*t-48*mt^4*t^2-54*d^2*mt^4*t^2+108*d^2*mt^6*t+96*mt^6*t+162*d*mt^8-120*mt^8+40*d*mt^2*t^3-6*d*t^4-8*t^4)*mt^(-2)*(-1+d)^(-1)
;
  C 2 12  4 0  0 0 3 1
   1
    C 2 12  2 0  0 0 1 1
     1/2*(-12+7*d-d^2)*mt^(-4)
;
  C 2 12  4 0  0 0 2 2
   1
    C 2 12  2 0  0 0 1 1
     (-18+9*d-d^2)*mt^(-4)
;
  C 2 12  4 0  0 0 1 3
   1
    C 2 12  2 0  0 0 1 1
     1/2*(-12+7*d-d^2)*mt^(-4)
;
  C 2 12  4 1  -1 0 3 1
   1
    C 2 12  2 0  0 0 1 1
     1/4*(2*d^2*mt^2-6*s-s*d^2-10*d*mt^2+12*mt^2+5*s*d)*mt^(-4)
;
  C 2 12  4 1  -1 0 2 2
   1
    C 2 12  2 0  0 0 1 1
     1/2*(2*d^2*mt^2-18*s-s*d^2-16*d*mt^2+30*mt^2+9*s*d)*mt^(-4)
;
  C 2 12  4 1  -1 0 1 3
   1
    C 2 12  2 0  0 0 1 1
     1/4*(2*d^2*mt^2-18*s-s*d^2-14*d*mt^2+24*mt^2+9*s*d)*mt^(-4)
;
  C 2 12  4 1  0 -1 3 1
   1
    C 2 12  2 0  0 0 1 1
     1/4*(3*d^2*mt^2+9*d*t-19*d*mt^2+30*mt^2-d^2*t-18*t)*mt^(-4)
;
  C 2 12  4 1  0 -1 2 2
   1
    C 2 12  2 0  0 0 1 1
     1/2*(3*d^2*mt^2+9*d*t-25*d*mt^2+48*mt^2-d^2*t-18*t)*mt^(-4)
;
  C 2 12  4 1  0 -1 1 3
   1
    C 2 12  2 0  0 0 1 1
     1/4*(3*d^2*mt^2+5*d*t-19*d*mt^2+30*mt^2-d^2*t-6*t)*mt^(-4)
;
  C 2 12  4 2  -2 0 3 1
   1
    C 2 12  2 0  0 0 1 1
     1/8*(2*s^2*d+4*s*d^2*mt^2-s^2*d^2+12*d*mt^4-8*mt^4-4*d^2*mt^4-8*s*d*mt^2)*mt^(-4)
;
  C 2 12  4 2  -2 0 2 2
   1
    C 2 12  2 0  0 0 1 1
     1/4*(8*s^2*d+4*s*d^2*mt^2-s^2*d^2+28*d*mt^4-48*mt^4-12*s^2-4*d^2*mt^4-28*s*d*mt^2+40*s*mt^2)*mt^(-4)
;
  C 2 12  4 2  -2 0 1 3
   1
    C 2 12  2 0  0 0 1 1
     1/8*(10*s^2*d+4*s*d^2*mt^2-s^2*d^2+28*d*mt^4-48*mt^4-24*s^2-4*d^2*mt^4-32*s*d*mt^2+64*s*mt^2)*mt^(-4)
;
  C 2 12  4 2  -1 -1 3 1
   1
    C 2 12  2 0  0 0 1 1
     1/8*(8*s*d*t-12*s*t+3*s*d^2*mt^2+2*d^2*mt^2*t+20*mt^2*t+26*d*mt^4-28*mt^4-14*d*mt^2*t-6*d^2*mt^4-s*d^2*t-12*s*d*mt^2+12*s*mt^2)*mt^(-4)
;
  C 2 12  4 2  -1 -1 2 2
   1
    C 2 12  2 0  0 0 1 1
     1/4*mt^(-4)*(10*s*d*t-24*s*t+3*s*d^2*mt^2+2*d^2*mt^2*t+32*mt^2*t+44*d*mt^4-80*mt^4-16*d*mt^2*t-6*d^2*mt^4-s*d^2*t-24*s*d*mt^2+44*s*mt^2)
;
  C 2 12  4 2  -1 -1 1 3
   1
    C 2 12  2 0  0 0 1 1
     1/8*(8*s*d*t-12*s*t+3*s*d^2*mt^2+2*d^2*mt^2*t+12*mt^2*t+38*d*mt^4-60*mt^4-10*d*mt^2*t-6*d^2*mt^4-s*d^2*t-24*s*d*mt^2+44*s*mt^2)*mt^(-4)
;
  C 2 12  4 2  0 -2 3 1
   1
    C 2 12  2 0  0 0 1 1
     1/8*(10*d*t^2-24*t^2+6*d^2*mt^2*t+88*mt^2*t+50*d*mt^4-72*mt^4-48*d*mt^2*t-9*d^2*mt^4-d^2*t^2)*mt^(-4)
;
  C 2 12  4 2  0 -2 2 2
   1
    C 2 12  2 0  0 0 1 1
     1/4*(8*d*t^2-12*t^2+6*d^2*mt^2*t+88*mt^2*t+68*d*mt^4-124*mt^4-48*d*mt^2*t-9*d^2*mt^4-d^2*t^2)*mt^(-4)
;
  C 2 12  4 2  0 -2 1 3
   1
    C 2 12  2 0  0 0 1 1
     1/8*(2*d*t^2+6*d^2*mt^2*t+24*mt^2*t+50*d*mt^4-72*mt^4-24*d*mt^2*t-9*d^2*mt^4-d^2*t^2)*mt^(-4)
;
  C 2 12  4 3  -3 0 3 1
   1
    C 2 12  2 0  0 0 1 1
     1/16*(12*s^2*d*mt^2-s^3*d^2-12*s*d*mt^4-8*d*mt^6-2*s^3*d+8*d^2*mt^6+6*s^2*d^2*mt^2-12*s*d^2*mt^4)*mt^(-4)
;
  C 2 12  4 3  -3 0 2 2
   1
    C 2 12  2 0  0 0 1 1
     -1/8*mt^(-4)*(30*s^2*d*mt^2+s^3*d^2+48*s*mt^4-60*s*d*mt^4-72*mt^6+48*d*mt^6-6*s^3*d-8*d^2*mt^6-6*s^2*d^2*mt^2+12*s*d^2*mt^4)
;
  C 2 12  4 3  -3 0 1 3
   1
    C 2 12  2 0  0 0 1 1
     1/16*(96*s^2*mt^2-48*s^2*d*mt^2-s^3*d^2-168*s*mt^4+84*s*d*mt^4+96*mt^6-56*d*mt^6-24*s^3+10*s^3*d+8*d^2*mt^6+6*s^2*d^2*mt^2-12*s*d^2*mt^4)*mt^(-4)
;
  C 2 12  4 3  -2 -1 3 1
   1
    C 2 12  2 0  0 0 1 1
     -1/16*(20*s*d*mt^2*t+2*s^2*d*mt^2-20*d*mt^4*t+s^2*d^2*t-12*s*d*mt^4-16*mt^6+28*d*mt^6-12*d^2*mt^6-3*s^2*d^2*mt^2-6*s^2*d*t+12*s*d^2*mt^4-4*s*d^2*mt^2*t+4*d^2*mt^4*t+16*mt^4*t)*mt^(-4)
;
  C 2 12  4 3  -2 -1 2 2
   1
    C 2 12  2 0  0 0 1 1
     1/8*(24*s^2*mt^2+64*s*mt^2*t-32*s*d*mt^2*t-20*s^2*d*mt^2+28*d*mt^4*t-s^2*d^2*t-96*s*mt^4+72*s*d*mt^4+128*mt^6-76*d*mt^6+12*d^2*mt^6+3*s^2*d^2*mt^2+10*s^2*d*t-12*s*d^2*mt^4+4*s*d^2*mt^2*t-4*d^2*mt^4*t-24*s^2*t-56*mt^4*t)*mt^(-4)
;
  C 2 12  4 3  -2 -1 1 3
   1
    C 2 12  2 0  0 0 1 1
     1/16*mt^(-4)*(56*s^2*mt^2+48*s*mt^2*t-28*s*d*mt^2*t-26*s^2*d*mt^2+20*d*mt^4*t-s^2*d^2*t-160*s*mt^4+84*s*d*mt^4+120*mt^6-76*d*mt^6+12*d^2*mt^6+3*s^2*d^2*mt^2+10*s^2*d*t-12*s*d^2*mt^4+4*s*d^2*mt^2*t-4*d^2*mt^4*t-24*s^2*t-24*mt^4*t)
;
  C 2 12  4 3  -1 -2 3 1
   1
    C 2 12  2 0  0 0 1 1
     1/16*(48*s*mt^2*t-40*s*d*mt^2*t+72*d*mt^4*t+32*mt^2*t^2+2*d^2*mt^2*t^2-24*s*mt^4+26*s*d*mt^4+64*mt^6-64*d*mt^6-24*s*t^2+10*s*d*t^2-s*d^2*t^2+18*d^2*mt^6-9*s*d^2*mt^4+6*s*d^2*mt^2*t-12*d^2*mt^4*t-16*d*mt^2*t^2-96*mt^4*t)*mt^(-4)
;
  C 2 12  4 3  -1 -2 2 2
   1
    C 2 12  2 0  0 0 1 1
     1/8*(112*s*mt^2*t-52*s*d*mt^2*t+84*d*mt^4*t+24*mt^2*t^2+2*d^2*mt^2*t^2-104*s*mt^4+62*s*d*mt^4+208*mt^6-118*d*mt^6-24*s*t^2+10*s*d*t^2-s*d^2*t^2+18*d^2*mt^6-9*s*d^2*mt^4+6*s*d^2*mt^2*t-12*d^2*mt^4*t-14*d*mt^2*t^2-160*mt^4*t)*mt^(-4)
;
  C 2 12  4 3  -1 -2 1 3
   1
    C 2 12  2 0  0 0 1 1
     1/16*(48*s*mt^2*t-40*s*d*mt^2*t+48*d*mt^4*t+2*d^2*mt^2*t^2-104*s*mt^4+62*s*d*mt^4+144*mt^6-100*d*mt^6+6*s*d*t^2-s*d^2*t^2+18*d^2*mt^6-9*s*d^2*mt^4+6*s*d^2*mt^2*t-12*d^2*mt^4*t-4*d*mt^2*t^2-48*mt^4*t)*mt^(-4)
;
  C 2 12  4 3  0 -3 3 1
   1
    C 2 12  2 0  0 0 1 1
     -1/16*(24*t^3-10*d*t^3-186*d*mt^4*t-168*mt^2*t^2-9*d^2*mt^2*t^2-168*mt^6+126*d*mt^6-27*d^2*mt^6+27*d^2*mt^4*t+d^2*t^3+78*d*mt^2*t^2+312*mt^4*t)*mt^(-4)
;
  C 2 12  4 3  0 -3 2 2
   1
    C 2 12  2 0  0 0 1 1
     1/8*mt^(-4)*(6*d*t^3+186*d*mt^4*t+72*mt^2*t^2+9*d^2*mt^2*t^2+312*mt^6-180*d*mt^6+27*d^2*mt^6-27*d^2*mt^4*t-d^2*t^3-60*d*mt^2*t^2-312*mt^4*t)
;
  C 2 12  4 3  0 -3 1 3
   1
    C 2 12  2 0  0 0 1 1
     -1/16*(2*d*t^3-78*d*mt^4*t-9*d^2*mt^2*t^2-168*mt^6+126*d*mt^6-27*d^2*mt^6+27*d^2*mt^4*t+d^2*t^3+6*d*mt^2*t^2+72*mt^4*t)*mt^(-4)
;
  C 2 12  4 4  -4 0 2 2
   1
    C 2 12  4 4  -4 0 3 1
     2
    C 2 12  4 3  -3 0 3 1
     -2*s+2*mt^2
    C 2 12  3 3  -3 0 2 1
     -3-d
    C 2 12  3 2  -2 0 2 1
     -6*mt^2
;
  C 2 12  4 4  -4 0 2 2
   1
    C 2 12  4 4  -4 0 3 1
     2
    C 2 12  4 3  -3 0 3 1
     -2*s+4*mt^2
    C 2 12  3 3  -3 0 2 1
     -4
    C 2 12  3 2  -2 0 2 1
     -6*mt^2
;
  C 2 12  4 4  -4 0 1 3
   1
    C 2 12  4 4  -4 0 2 2
     1/2
    C 2 12  4 3  -3 0 2 2
     -1/2*s+1/2*mt^2
    C 2 12  3 3  -3 0 1 2
     -3/2-1/2*d
    C 2 12  3 2  -2 0 1 2
     -3*mt^2
;
  C 2 12  4 4  -4 0 1 3
   1
    C 2 12  4 4  -4 0 2 2
     1/2
    C 2 12  4 3  -3 0 2 2
     -1/2*s+mt^2
    C 2 12  3 3  -3 0 1 2
     -5/2
    C 2 12  3 3  -3 0 2 1
     -1/2
    C 2 12  3 2  -2 0 1 2
     -3*mt^2
    C 2 12  2 2  -2 0 1 1
     3/2
;
  C 2 12  4 4  -3 -1 2 2
   1
    C 2 12  4 4  -3 -1 3 1
     2
    C 2 12  4 3  -3 0 2 2
     2*mt^2-t
    C 2 12  4 3  -3 0 3 1
     2*mt^2
    C 2 12  3 3  -2 -1 2 1
     -3
    C 2 12  3 3  -3 0 1 2
     -1
    C 2 12  3 3  -3 0 2 1
     -2
    C 2 12  3 2  -2 0 2 1
     -3*s-3*mt^2
    C 2 12  2 2  -2 0 1 1
     3
;
  C 2 12  4 4  -3 -1 2 2
   1
    C 2 12  4 4  -3 -1 3 1
     2
    C 2 12  4 3  -2 -1 3 1
     -2*s+2*mt^2
    C 2 12  3 3  -2 -1 2 1
     -2-d
    C 2 12  3 3  -3 0 2 1
     -1
    C 2 12  3 2  -1 -1 2 1
     -4*mt^2
    C 2 12  3 2  -2 0 2 1
     -2*mt^2
;
  C 2 12  4 4  -3 -1 2 2
   1
    C 2 12  4 4  -3 -1 3 1
     2
    C 2 12  4 3  -2 -1 3 1
     -2*s+4*mt^2
    C 2 12  3 3  -2 -1 2 1
     -3
    C 2 12  3 3  -3 0 2 1
     -1
    C 2 12  3 2  -1 -1 2 1
     -4*mt^2
    C 2 12  3 2  -2 0 2 1
     -mt^2-t
;
  C 2 12  4 4  -3 -1 2 2
   1
    C 2 12  4 4  -3 -1 3 1
     s*mt^(-2)
    C 2 12  4 4  -4 0 2 2
     -1/2*(mt^2+t)*mt^(-2)
    C 2 12  4 3  -3 0 2 2
     mt^2-t
    C 2 12  4 3  -3 0 3 1
     2*s
    C 2 12  3 3  -3 0 2 1
     -1/2*mt^(-2)*(mt^2-t)
;
  C 2 12  4 4  -3 -1 2 2
   1
    C 2 12  4 4  -3 -1 3 1
     4
    C 2 12  4 4  -4 0 2 2
     -s^(-1)*(s-mt^2+t)
    C 2 12  4 4  -4 0 3 1
     -2
    C 2 12  4 3  -3 0 2 2
     -(s*t+mt^2*t-mt^4-s*mt^2)*s^(-1)
    C 2 12  4 3  -3 0 3 1
     2*s+2*mt^2
    C 2 12  3 3  -3 0 1 2
     -s^(-1)*(mt^2-t)
    C 2 12  3 3  -3 0 2 1
     -2
;
  C 2 12  4 4  -3 -1 2 2
   1
    C 2 12  4 4  -3 -1 3 1
     s*mt^(-2)
    C 2 12  4 4  -4 0 2 2
     -1/2*(s-mt^2+t)*mt^(-2)
    C 2 12  4 4  -4 0 3 1
     -s*mt^(-2)
    C 2 12  4 3  -3 0 2 2
     2*mt^2-t
    C 2 12  4 3  -3 0 3 1
     (s^2-s*mt^2)*mt^(-2)
    C 2 12  3 3  -3 0 1 2
     -1
    C 2 12  3 3  -3 0 2 1
     -1/2*mt^(-2)*(s+mt^2-t)
;
  C 2 12  4 4  -3 -1 2 2
   1
    C 2 12  4 4  -3 -1 3 1
     2
    C 2 12  4 4  -4 0 2 2
     -1
    C 2 12  4 4  -4 0 3 1
     -2
    C 2 12  4 3  -3 0 2 2
     mt^2-t
    C 2 12  4 3  -3 0 3 1
     2*s
    C 2 12  3 3  -2 -1 2 1
     -3
    C 2 12  3 3  -3 0 2 1
     3
;
  C 2 12  4 4  -3 -1 1 3
   1
    C 2 12  4 4  -3 -1 2 2
     1/2
    C 2 12  4 3  -3 0 1 3
     2*mt^2-t
    C 2 12  4 3  -3 0 2 2
     1/2*mt^2
    C 2 12  3 3  -2 -1 1 2
     -3/2
    C 2 12  3 3  -3 0 1 2
     -1/2
    C 2 12  3 2  -2 0 1 2
     -3/2*s-3/2*mt^2
;
  C 2 12  4 4  -3 -1 1 3
   1
    C 2 12  4 4  -3 -1 2 2
     1/2
    C 2 12  4 3  -2 -1 2 2
     -1/2*s+1/2*mt^2
    C 2 12  3 3  -2 -1 1 2
     -1-1/2*d
    C 2 12  3 3  -3 0 1 2
     -1/2
    C 2 12  3 2  -1 -1 1 2
     -2*mt^2
    C 2 12  3 2  -2 0 1 2
     -mt^2
;
  C 2 12  4 4  -3 -1 1 3
   1
    C 2 12  4 4  -3 -1 2 2
     1/2
    C 2 12  4 3  -2 -1 2 2
     -1/2*s+mt^2
    C 2 12  3 3  -2 -1 1 2
     -2
    C 2 12  3 3  -2 -1 2 1
     -1/2
    C 2 12  3 3  -3 0 1 2
     -1/2
    C 2 12  3 2  -1 -1 1 2
     -2*mt^2
    C 2 12  3 2  -2 0 1 2
     -1/2*mt^2-1/2*t
    C 2 12  2 2  -1 -1 1 1
     1
    C 2 12  2 2  -2 0 1 1
     1/2
;
  C 2 12  4 4  -3 -1 1 3
   1
    C 2 12  4 4  -3 -1 2 2
     1/4*s*mt^(-2)
    C 2 12  4 4  -4 0 1 3
     -1/2*(mt^2+t)*mt^(-2)
    C 2 12  4 3  -3 0 1 3
     mt^2-t
    C 2 12  4 3  -3 0 2 2
     1/2*s
    C 2 12  3 3  -3 0 1 2
     -1/2*mt^(-2)*(mt^2-t)
    C 2 12  3 3  -3 0 2 1
     -1/4*s*mt^(-2)
;
  C 2 12  4 4  -3 -1 1 3
   1
    C 2 12  4 4  -3 -1 2 2
     1
    C 2 12  4 4  -4 0 1 3
     -s^(-1)*(s-mt^2+t)
    C 2 12  4 4  -4 0 2 2
     -1/2
    C 2 12  4 3  -3 0 1 3
     -(s*t+mt^2*t-mt^4-s*mt^2)*s^(-1)
    C 2 12  4 3  -3 0 2 2
     1/2*s+1/2*mt^2
    C 2 12  3 3  -3 0 1 2
     -1/2
;
  C 2 12  4 4  -3 -1 1 3
   1
    C 2 12  4 4  -3 -1 2 2
     1/4*s*mt^(-2)
    C 2 12  4 4  -4 0 1 3
     -1/2*(s-mt^2+t)*mt^(-2)
    C 2 12  4 4  -4 0 2 2
     -1/4*s*mt^(-2)
    C 2 12  4 3  -3 0 1 3
     2*mt^2-t
    C 2 12  4 3  -3 0 2 2
     1/4*(s^2-s*mt^2)*mt^(-2)
    C 2 12  3 3  -3 0 1 2
     1/4*(s-2*mt^2+2*t)*mt^(-2)
    C 2 12  3 3  -3 0 2 1
     1/4*s*mt^(-2)
;
  C 2 12  4 4  -3 -1 1 3
   1
    C 2 12  4 4  -3 -1 2 2
     1/2
    C 2 12  4 4  -4 0 1 3
     -1
    C 2 12  4 4  -4 0 2 2
     -1/2
    C 2 12  4 3  -3 0 1 3
     mt^2-t
    C 2 12  4 3  -3 0 2 2
     1/2*s
    C 2 12  3 3  -2 -1 1 2
     -3/2
    C 2 12  3 3  -3 0 1 2
     3/2
;
  C 2 12  4 4  -2 -2 2 2
   1
    C 2 12  4 4  -2 -2 3 1
     2
    C 2 12  4 3  -2 -1 2 2
     2*mt^2-t
    C 2 12  4 3  -2 -1 3 1
     2*mt^2
    C 2 12  3 3  -1 -2 2 1
     -2
    C 2 12  3 3  -2 -1 1 2
     -1
    C 2 12  3 3  -2 -1 2 1
     -3
    C 2 12  3 2  -1 -1 2 1
     -2*s-2*mt^2
    C 2 12  3 2  -2 0 2 1
     -mt^2
    C 2 12  2 2  -1 -1 1 1
     2
    C 2 12  2 2  -2 0 1 1
     1
;
  C 2 12  4 4  -2 -2 2 2
   1
    C 2 12  4 4  -2 -2 3 1
     2
    C 2 12  4 3  -1 -2 3 1
     -2*s+2*mt^2
    C 2 12  3 3  -1 -2 2 1
     -1-d
    C 2 12  3 3  -2 -1 2 1
     -2
    C 2 12  3 2  0 -2 2 1
     -2*mt^2
    C 2 12  3 2  -1 -1 2 1
     -4*mt^2
;
  C 2 12  4 4  -2 -2 2 2
   1
    C 2 12  4 4  -2 -2 3 1
     2
    C 2 12  4 3  -1 -2 3 1
     -2*s+4*mt^2
    C 2 12  3 3  -1 -2 2 1
     -2
    C 2 12  3 3  -2 -1 2 1
     -2
    C 2 12  3 2  0 -2 2 1
     -2*mt^2
    C 2 12  3 2  -1 -1 2 1
     -2*mt^2-2*t
;
  C 2 12  4 4  -2 -2 2 2
   1
    C 2 12  4 4  -2 -2 3 1
     s*mt^(-2)
    C 2 12  4 4  -3 -1 2 2
     -1/2*(mt^2+t)*mt^(-2)
    C 2 12  4 3  -2 -1 2 2
     mt^2-t
    C 2 12  4 3  -2 -1 3 1
     2*s
    C 2 12  3 3  -2 -1 2 1
     -mt^(-2)*(mt^2-t)
    C 2 12  3 3  -3 0 2 1
     1/2*mt^(-2)*(mt^2-t)
;
  C 2 12  4 4  -2 -2 2 2
   1
    C 2 12  4 4  -2 -2 3 1
     4
    C 2 12  4 4  -3 -1 2 2
     -s^(-1)*(s-mt^2+t)
    C 2 12  4 4  -3 -1 3 1
     -2
    C 2 12  4 3  -2 -1 2 2
     -(s*t+mt^2*t-mt^4-s*mt^2)*s^(-1)
    C 2 12  4 3  -2 -1 3 1
     2*s+2*mt^2
    C 2 12  3 3  -2 -1 1 2
     -s^(-1)*(mt^2-t)
    C 2 12  3 3  -2 -1 2 1
     -3
    C 2 12  3 3  -3 0 2 1
     1
;
  C 2 12  4 4  -2 -2 2 2
   1
    C 2 12  4 4  -2 -2 3 1
     s*mt^(-2)
    C 2 12  4 4  -3 -1 2 2
     -1/2*(s-mt^2+t)*mt^(-2)
    C 2 12  4 4  -3 -1 3 1
     -s*mt^(-2)
    C 2 12  4 3  -2 -1 2 2
     2*mt^2-t
    C 2 12  4 3  -2 -1 3 1
     (s^2-s*mt^2)*mt^(-2)
    C 2 12  3 3  -2 -1 1 2
     -1
    C 2 12  3 3  -2 -1 2 1
     -1/2*mt^(-2)*(s+2*mt^2-2*t)
    C 2 12  3 3  -3 0 2 1
     1/2*s*mt^(-2)
    C 2 12  3 2  -2 0 2 1
     1/2*mt^(-2)*(s*t+mt^2*t-mt^4+s*mt^2)
    C 2 12  2 2  -2 0 1 1
     1/2*mt^(-2)*(mt^2-t)
;
  C 2 12  4 4  -2 -2 2 2
   1
    C 2 12  4 4  -2 -2 3 1
     2
    C 2 12  4 4  -3 -1 2 2
     -1
    C 2 12  4 4  -3 -1 3 1
     -2
    C 2 12  4 3  -2 -1 2 2
     mt^2-t
    C 2 12  4 3  -2 -1 3 1
     2*s
    C 2 12  3 3  -1 -2 2 1
     -2
    C 2 12  3 3  -2 -1 2 1
     1
    C 2 12  3 3  -3 0 2 1
     1
;
  C 2 12  4 4  -2 -2 1 3
   1
    C 2 12  4 4  -2 -2 2 2
     1/2
    C 2 12  4 3  -2 -1 1 3
     2*mt^2-t
    C 2 12  4 3  -2 -1 2 2
     1/2*mt^2
    C 2 12  3 3  -1 -2 1 2
     -1
    C 2 12  3 3  -2 -1 1 2
     -1
    C 2 12  3 2  -1 -1 1 2
     -s-mt^2
    C 2 12  3 2  -2 0 1 2
     -1/2*mt^2
;
  C 2 12  4 4  -2 -2 1 3
   1
    C 2 12  4 4  -2 -2 2 2
     1/2
    C 2 12  4 3  -1 -2 2 2
     -1/2*s+1/2*mt^2
    C 2 12  3 3  -1 -2 1 2
     -1/2-1/2*d
    C 2 12  3 3  -2 -1 1 2
     -1
    C 2 12  3 2  0 -2 1 2
     -mt^2
    C 2 12  3 2  -1 -1 1 2
     -2*mt^2
;
  C 2 12  4 4  -2 -2 1 3
   1
    C 2 12  4 4  -2 -2 2 2
     1/2
    C 2 12  4 3  -1 -2 2 2
     -1/2*s+mt^2
    C 2 12  3 3  -1 -2 1 2
     -3/2
    C 2 12  3 3  -1 -2 2 1
     -1/2
    C 2 12  3 3  -2 -1 1 2
     -1
    C 2 12  3 2  0 -2 1 2
     -mt^2
    C 2 12  3 2  -1 -1 1 2
     -mt^2-t
    C 2 12  2 2  0 -2 1 1
     1/2
    C 2 12  2 2  -1 -1 1 1
     1
;
  C 2 12  4 4  -2 -2 1 3
   1
    C 2 12  4 4  -2 -2 2 2
     1/4*s*mt^(-2)
    C 2 12  4 4  -3 -1 1 3
     -1/2*(mt^2+t)*mt^(-2)
    C 2 12  4 3  -2 -1 1 3
     mt^2-t
    C 2 12  4 3  -2 -1 2 2
     1/2*s
    C 2 12  3 3  -2 -1 1 2
     -3/4*mt^(-2)*(mt^2-t)
    C 2 12  3 3  -2 -1 2 1
     -1/4*s*mt^(-2)
    C 2 12  3 3  -3 0 1 2
     1/4*mt^(-2)*(mt^2-t)
;
  C 2 12  4 4  -2 -2 1 3
   1
    C 2 12  4 4  -2 -2 2 2
     1
    C 2 12  4 4  -3 -1 1 3
     -s^(-1)*(s-mt^2+t)
    C 2 12  4 4  -3 -1 2 2
     -1/2
    C 2 12  4 3  -2 -1 1 3
     -(s*t+mt^2*t-mt^4-s*mt^2)*s^(-1)
    C 2 12  4 3  -2 -1 2 2
     1/2*s+1/2*mt^2
    C 2 12  3 3  -2 -1 1 2
     -1
    C 2 12  3 3  -3 0 1 2
     1/2
;
  C 2 12  4 4  -2 -2 1 3
   1
    C 2 12  4 4  -2 -2 2 2
     1/4*s*mt^(-2)
    C 2 12  4 4  -3 -1 1 3
     -1/2*(s-mt^2+t)*mt^(-2)
    C 2 12  4 4  -3 -1 2 2
     -1/4*s*mt^(-2)
    C 2 12  4 3  -2 -1 1 3
     2*mt^2-t
    C 2 12  4 3  -2 -1 2 2
     1/4*(s^2-s*mt^2)*mt^(-2)
    C 2 12  3 3  -2 -1 1 2
     1/4*(s-3*mt^2+3*t)*mt^(-2)
    C 2 12  3 3  -2 -1 2 1
     1/4*s*mt^(-2)
    C 2 12  3 3  -3 0 1 2
     1/4*s*mt^(-2)
    C 2 12  3 2  -2 0 1 2
     1/4*mt^(-2)*(s*t+mt^2*t-mt^4+s*mt^2)
    C 2 12  2 2  -2 0 1 1
     -1/4*s*mt^(-2)
;
  C 2 12  4 4  -2 -2 1 3
   1
    C 2 12  4 4  -2 -2 2 2
     1/2
    C 2 12  4 4  -3 -1 1 3
     -1
    C 2 12  4 4  -3 -1 2 2
     -1/2
    C 2 12  4 3  -2 -1 1 3
     mt^2-t
    C 2 12  4 3  -2 -1 2 2
     1/2*s
    C 2 12  3 3  -1 -2 1 2
     -1
    C 2 12  3 3  -2 -1 1 2
     1/2
    C 2 12  3 3  -3 0 1 2
     1/2
;
  C 2 12  4 4  -1 -3 2 2
   1
    C 2 12  4 4  -1 -3 3 1
     2
    C 2 12  4 3  -1 -2 2 2
     2*mt^2-t
    C 2 12  4 3  -1 -2 3 1
     2*mt^2
    C 2 12  3 3  0 -3 2 1
     -1
    C 2 12  3 3  -1 -2 1 2
     -1
    C 2 12  3 3  -1 -2 2 1
     -4
    C 2 12  3 2  0 -2 2 1
     -s-mt^2
    C 2 12  3 2  -1 -1 2 1
     -2*mt^2
    C 2 12  2 2  0 -2 1 1
     1
    C 2 12  2 2  -1 -1 1 1
     2
;
  C 2 12  4 4  -1 -3 2 2
   1
    C 2 12  4 4  -1 -3 3 1
     2
    C 2 12  4 3  0 -3 3 1
     -2*s+2*mt^2
    C 2 12  3 3  0 -3 2 1
     -d
    C 2 12  3 3  -1 -2 2 1
     -3
    C 2 12  3 2  0 -2 2 1
     -6*mt^2
;
  C 2 12  4 4  -1 -3 2 2
   1
    C 2 12  4 4  -1 -3 3 1
     2
    C 2 12  4 3  0 -3 3 1
     -2*s+4*mt^2
    C 2 12  3 3  0 -3 2 1
     -1
    C 2 12  3 3  -1 -2 2 1
     -3
    C 2 12  3 2  0 -2 2 1
     -3*mt^2-3*t
;
  C 2 12  4 4  -1 -3 2 2
   1
    C 2 12  4 4  -1 -3 3 1
     s*mt^(-2)
    C 2 12  4 4  -2 -2 2 2
     -1/2*(mt^2+t)*mt^(-2)
    C 2 12  4 3  -1 -2 2 2
     mt^2-t
    C 2 12  4 3  -1 -2 3 1
     2*s
    C 2 12  3 3  -1 -2 2 1
     -3/2*mt^(-2)*(mt^2-t)
    C 2 12  3 3  -2 -1 2 1
     mt^(-2)*(mt^2-t)
;
  C 2 12  4 4  -1 -3 2 2
   1
    C 2 12  4 4  -1 -3 3 1
     4
    C 2 12  4 4  -2 -2 2 2
     -s^(-1)*(s-mt^2+t)
    C 2 12  4 4  -2 -2 3 1
     -2
    C 2 12  4 3  -1 -2 2 2
     -(s*t+mt^2*t-mt^4-s*mt^2)*s^(-1)
    C 2 12  4 3  -1 -2 3 1
     2*s+2*mt^2
    C 2 12  3 3  -1 -2 1 2
     -s^(-1)*(mt^2-t)
    C 2 12  3 3  -1 -2 2 1
     -4
    C 2 12  3 3  -2 -1 2 1
     2
;
  C 2 12  4 4  -1 -3 2 2
   1
    C 2 12  4 4  -1 -3 3 1
     s*mt^(-2)
    C 2 12  4 4  -2 -2 2 2
     -1/2*(s-mt^2+t)*mt^(-2)
    C 2 12  4 4  -2 -2 3 1
     -s*mt^(-2)
    C 2 12  4 3  -1 -2 2 2
     2*mt^2-t
    C 2 12  4 3  -1 -2 3 1
     (s^2-s*mt^2)*mt^(-2)
    C 2 12  3 3  -1 -2 1 2
     -1
    C 2 12  3 3  -1 -2 2 1
     -1/2*(s+3*mt^2-3*t)*mt^(-2)
    C 2 12  3 3  -2 -1 2 1
     s*mt^(-2)
    C 2 12  3 2  -1 -1 2 1
     mt^(-2)*(s*t+mt^2*t-mt^4+s*mt^2)
    C 2 12  2 2  -1 -1 1 1
     mt^(-2)*(mt^2-t)
;
  C 2 12  4 4  -1 -3 2 2
   1
    C 2 12  4 4  -1 -3 3 1
     2
    C 2 12  4 4  -2 -2 2 2
     -1
    C 2 12  4 4  -2 -2 3 1
     -2
    C 2 12  4 3  -1 -2 2 2
     mt^2-t
    C 2 12  4 3  -1 -2 3 1
     2*s
    C 2 12  3 3  0 -3 2 1
     -1
    C 2 12  3 3  -1 -2 2 1
     -1
    C 2 12  3 3  -2 -1 2 1
     2
;
  C 2 12  4 4  -1 -3 1 3
   1
    C 2 12  4 4  -1 -3 2 2
     1/2
    C 2 12  4 3  -1 -2 1 3
     2*mt^2-t
    C 2 12  4 3  -1 -2 2 2
     1/2*mt^2
    C 2 12  3 3  0 -3 1 2
     -1/2
    C 2 12  3 3  -1 -2 1 2
     -3/2
    C 2 12  3 2  0 -2 1 2
     -1/2*s-1/2*mt^2
    C 2 12  3 2  -1 -1 1 2
     -mt^2
;
  C 2 12  4 4  -1 -3 1 3
   1
    C 2 12  4 4  -1 -3 2 2
     1/2
    C 2 12  4 3  0 -3 2 2
     -1/2*s+1/2*mt^2
    C 2 12  3 3  0 -3 1 2
     -1/2*d
    C 2 12  3 3  -1 -2 1 2
     -3/2
    C 2 12  3 2  0 -2 1 2
     -3*mt^2
;
  C 2 12  4 4  -1 -3 1 3
   1
    C 2 12  4 4  -1 -3 2 2
     1/2
    C 2 12  4 3  0 -3 2 2
     -1/2*s+mt^2
    C 2 12  3 3  0 -3 1 2
     -1
    C 2 12  3 3  0 -3 2 1
     -1/2
    C 2 12  3 3  -1 -2 1 2
     -3/2
    C 2 12  3 2  0 -2 1 2
     -3/2*mt^2-3/2*t
    C 2 12  2 2  0 -2 1 1
     3/2
;
  C 2 12  4 4  -1 -3 1 3
   1
    C 2 12  4 4  -1 -3 2 2
     1/4*s*mt^(-2)
    C 2 12  4 4  -2 -2 1 3
     -1/2*(mt^2+t)*mt^(-2)
    C 2 12  4 3  -1 -2 1 3
     mt^2-t
    C 2 12  4 3  -1 -2 2 2
     1/2*s
    C 2 12  3 3  -1 -2 1 2
     -mt^(-2)*(mt^2-t)
    C 2 12  3 3  -1 -2 2 1
     -1/4*s*mt^(-2)
    C 2 12  3 3  -2 -1 1 2
     1/2*mt^(-2)*(mt^2-t)
;
  C 2 12  4 4  -1 -3 1 3
   1
    C 2 12  4 4  -1 -3 2 2
     1
    C 2 12  4 4  -2 -2 1 3
     -s^(-1)*(s-mt^2+t)
    C 2 12  4 4  -2 -2 2 2
     -1/2
    C 2 12  4 3  -1 -2 1 3
     -(s*t+mt^2*t-mt^4-s*mt^2)*s^(-1)
    C 2 12  4 3  -1 -2 2 2
     1/2*s+1/2*mt^2
    C 2 12  3 3  -1 -2 1 2
     -3/2
    C 2 12  3 3  -2 -1 1 2
     1
;
  C 2 12  4 4  -1 -3 1 3
   1
    C 2 12  4 4  -1 -3 2 2
     1/4*s*mt^(-2)
    C 2 12  4 4  -2 -2 1 3
     -1/2*(s-mt^2+t)*mt^(-2)
    C 2 12  4 4  -2 -2 2 2
     -1/4*s*mt^(-2)
    C 2 12  4 3  -1 -2 1 3
     2*mt^2-t
    C 2 12  4 3  -1 -2 2 2
     1/4*(s^2-s*mt^2)*mt^(-2)
    C 2 12  3 3  -1 -2 1 2
     1/4*(s-4*mt^2+4*t)*mt^(-2)
    C 2 12  3 3  -1 -2 2 1
     1/4*s*mt^(-2)
    C 2 12  3 3  -2 -1 1 2
     1/2*s*mt^(-2)
    C 2 12  3 2  -1 -1 1 2
     1/2*mt^(-2)*(s*t+mt^2*t-mt^4+s*mt^2)
    C 2 12  2 2  -1 -1 1 1
     -1/2*s*mt^(-2)
;
  C 2 12  4 4  -1 -3 1 3
   1
    C 2 12  4 4  -1 -3 2 2
     1/2
    C 2 12  4 4  -2 -2 1 3
     -1
    C 2 12  4 4  -2 -2 2 2
     -1/2
    C 2 12  4 3  -1 -2 1 3
     mt^2-t
    C 2 12  4 3  -1 -2 2 2
     1/2*s
    C 2 12  3 3  0 -3 1 2
     -1/2
    C 2 12  3 3  -1 -2 1 2
     -1/2
    C 2 12  3 3  -2 -1 1 2
     1
;
  C 2 12  4 4  0 -4 2 2
   1
    C 2 12  4 4  0 -4 3 1
     2
    C 2 12  4 3  0 -3 2 2
     2*mt^2-t
    C 2 12  4 3  0 -3 3 1
     2*mt^2
    C 2 12  3 3  0 -3 1 2
     -1
    C 2 12  3 3  0 -3 2 1
     -5
    C 2 12  3 2  0 -2 2 1
     -3*mt^2
    C 2 12  2 2  0 -2 1 1
     3
;
  C 2 12  4 4  0 -4 2 2
   1
    C 2 12  4 4  0 -4 3 1
     s*mt^(-2)
    C 2 12  4 4  -1 -3 2 2
     -1/2*(mt^2+t)*mt^(-2)
    C 2 12  4 3  0 -3 2 2
     mt^2-t
    C 2 12  4 3  0 -3 3 1
     2*s
    C 2 12  3 3  0 -3 2 1
     -2*mt^(-2)*(mt^2-t)
    C 2 12  3 3  -1 -2 2 1
     3/2*mt^(-2)*(mt^2-t)
;
  C 2 12  4 4  0 -4 2 2
   1
    C 2 12  4 4  0 -4 3 1
     2
    C 2 12  4 4  -1 -3 2 2
     -1
    C 2 12  4 4  -1 -3 3 1
     -2
    C 2 12  4 3  0 -3 2 2
     mt^2-t
    C 2 12  4 3  0 -3 3 1
     2*s
    C 2 12  3 3  0 -3 2 1
     -3
    C 2 12  3 3  -1 -2 2 1
     3
;
  C 2 12  4 4  0 -4 2 2
   1
    C 2 12  4 4  0 -4 3 1
     4
    C 2 12  4 4  -1 -3 2 2
     -s^(-1)*(s-mt^2+t)
    C 2 12  4 4  -1 -3 3 1
     -2
    C 2 12  4 3  0 -3 2 2
     -(s*t+mt^2*t-mt^4-s*mt^2)*s^(-1)
    C 2 12  4 3  0 -3 3 1
     2*s+2*mt^2
    C 2 12  3 3  0 -3 1 2
     -s^(-1)*(mt^2-t)
    C 2 12  3 3  0 -3 2 1
     -5
    C 2 12  3 3  -1 -2 2 1
     3
;
  C 2 12  4 4  0 -4 2 2
   1
    C 2 12  4 4  0 -4 3 1
     s*mt^(-2)
    C 2 12  4 4  -1 -3 2 2
     -1/2*(s-mt^2+t)*mt^(-2)
    C 2 12  4 4  -1 -3 3 1
     -s*mt^(-2)
    C 2 12  4 3  0 -3 2 2
     2*mt^2-t
    C 2 12  4 3  0 -3 3 1
     (s^2-s*mt^2)*mt^(-2)
    C 2 12  3 3  0 -3 1 2
     -1
    C 2 12  3 3  0 -3 2 1
     -1/2*(s+4*mt^2-4*t)*mt^(-2)
    C 2 12  3 3  -1 -2 2 1
     3/2*s*mt^(-2)
    C 2 12  3 2  0 -2 2 1
     3/2*mt^(-2)*(s*t+mt^2*t-mt^4+s*mt^2)
    C 2 12  2 2  0 -2 1 1
     3/2*mt^(-2)*(mt^2-t)
;
  C 2 12  4 4  0 -4 1 3
   1
    C 2 12  4 4  0 -4 2 2
     1/2
    C 2 12  4 3  0 -3 1 3
     2*mt^2-t
    C 2 12  4 3  0 -3 2 2
     1/2*mt^2
    C 2 12  3 3  0 -3 1 2
     -2
    C 2 12  3 2  0 -2 1 2
     -3/2*mt^2
;
  C 2 12  4 4  0 -4 1 3
   1
    C 2 12  4 4  0 -4 2 2
     1/4*s*mt^(-2)
    C 2 12  4 4  -1 -3 1 3
     -1/2*(mt^2+t)*mt^(-2)
    C 2 12  4 3  0 -3 1 3
     mt^2-t
    C 2 12  4 3  0 -3 2 2
     1/2*s
    C 2 12  3 3  0 -3 1 2
     -5/4*mt^(-2)*(mt^2-t)
    C 2 12  3 3  0 -3 2 1
     -1/4*s*mt^(-2)
    C 2 12  3 3  -1 -2 1 2
     3/4*mt^(-2)*(mt^2-t)
;
  C 2 12  4 4  0 -4 1 3
   1
    C 2 12  4 4  0 -4 2 2
     1
    C 2 12  4 4  -1 -3 1 3
     -s^(-1)*(s-mt^2+t)
    C 2 12  4 4  -1 -3 2 2
     -1/2
    C 2 12  4 3  0 -3 1 3
     -(s*t+mt^2*t-mt^4-s*mt^2)*s^(-1)
    C 2 12  4 3  0 -3 2 2
     1/2*s+1/2*mt^2
    C 2 12  3 3  0 -3 1 2
     -2
    C 2 12  3 3  -1 -2 1 2
     3/2
;
  C 2 12  4 4  0 -4 1 3
   1
    C 2 12  4 4  0 -4 2 2
     1/2
    C 2 12  4 4  -1 -3 1 3
     -1
    C 2 12  4 4  -1 -3 2 2
     -1/2
    C 2 12  4 3  0 -3 1 3
     mt^2-t
    C 2 12  4 3  0 -3 2 2
     1/2*s
    C 2 12  3 3  0 -3 1 2
     -3/2
    C 2 12  3 3  -1 -2 1 2
     3/2
;
  C 2 12  4 4  0 -4 1 3
   1
    C 2 12  4 4  0 -4 2 2
     1/4*s*mt^(-2)
    C 2 12  4 4  -1 -3 1 3
     -1/2*(s-mt^2+t)*mt^(-2)
    C 2 12  4 4  -1 -3 2 2
     -1/4*s*mt^(-2)
    C 2 12  4 3  0 -3 1 3
     2*mt^2-t
    C 2 12  4 3  0 -3 2 2
     1/4*(s^2-s*mt^2)*mt^(-2)
    C 2 12  3 3  0 -3 1 2
     1/4*(s-5*mt^2+5*t)*mt^(-2)
    C 2 12  3 3  0 -3 2 1
     1/4*s*mt^(-2)
    C 2 12  3 3  -1 -2 1 2
     3/4*s*mt^(-2)
    C 2 12  3 2  0 -2 1 2
     3/4*mt^(-2)*(s*t+mt^2*t-mt^4+s*mt^2)
    C 2 12  2 2  0 -2 1 1
     -3/4*s*mt^(-2)
;
  C 2 12  5 1  -1 0 3 2
   1
    C 2 12  5 1  -1 0 4 1
     3
    C 2 12  5 0  0 0 4 1
     -3*s+3*mt^2
    C 2 12  4 0  0 0 3 1
     4-d
;
  C 2 12  5 1  -1 0 3 2
   1
    C 2 12  5 1  -1 0 4 1
     3
    C 2 12  5 0  0 0 4 1
     -3*s+6*mt^2
    C 2 12  4 0  0 0 3 1
     -1
;
  C 2 12  5 1  -1 0 2 3
   1
    C 2 12  5 1  -1 0 3 2
     1
    C 2 12  5 0  0 0 3 2
     -s+mt^2
    C 2 12  4 0  0 0 2 2
     2-1/2*d
;
  C 2 12  5 1  -1 0 2 3
   1
    C 2 12  5 1  -1 0 3 2
     1
    C 2 12  5 0  0 0 3 2
     -s+2*mt^2
    C 2 12  4 0  0 0 2 2
     -1
    C 2 12  4 0  0 0 3 1
     -1
;
  C 2 12  5 1  -1 0 1 4
   1
    C 2 12  5 1  -1 0 2 3
     1/3
    C 2 12  5 0  0 0 2 3
     -1/3*s+1/3*mt^2
    C 2 12  4 0  0 0 1 3
     4/3-1/3*d
;
  C 2 12  5 1  -1 0 1 4
   1
    C 2 12  5 1  -1 0 2 3
     1/3
    C 2 12  5 0  0 0 2 3
     -1/3*s+2/3*mt^2
    C 2 12  4 0  0 0 1 3
     -1
    C 2 12  4 0  0 0 2 2
     -1/3
;
  C 2 12  5 1  0 -1 3 2
   1
    C 2 12  5 1  0 -1 4 1
     3
    C 2 12  5 0  0 0 3 2
     2*mt^2-t
    C 2 12  5 0  0 0 4 1
     3*mt^2
    C 2 12  4 0  0 0 2 2
     -1
    C 2 12  4 0  0 0 3 1
     -3
;
  C 2 12  5 1  0 -1 3 2
   1
    C 2 12  5 1  0 -1 4 1
     3/2*s*mt^(-2)
    C 2 12  5 1  -1 0 3 2
     -1/2*(mt^2+t)*mt^(-2)
    C 2 12  5 0  0 0 3 2
     mt^2-t
    C 2 12  5 0  0 0 4 1
     3*s
    C 2 12  4 0  0 0 3 1
     -1/2*mt^(-2)*(mt^2-t)
;
  C 2 12  5 1  0 -1 3 2
   1
    C 2 12  5 1  0 -1 4 1
     3
    C 2 12  5 1  -1 0 3 2
     -1
    C 2 12  5 1  -1 0 4 1
     -3
    C 2 12  5 0  0 0 3 2
     mt^2-t
    C 2 12  5 0  0 0 4 1
     3*s
;
  C 2 12  5 1  0 -1 3 2
   1
    C 2 12  5 1  0 -1 4 1
     3/2*s*mt^(-2)
    C 2 12  5 1  -1 0 3 2
     -1/2*(s-mt^2+t)*mt^(-2)
    C 2 12  5 1  -1 0 4 1
     -3/2*s*mt^(-2)
    C 2 12  5 0  0 0 3 2
     2*mt^2-t
    C 2 12  5 0  0 0 4 1
     3/2*(s^2-s*mt^2)*mt^(-2)
    C 2 12  4 0  0 0 2 2
     -1
    C 2 12  4 0  0 0 3 1
     -1/2*(2*s+mt^2-t)*mt^(-2)
;
  C 2 12  5 1  0 -1 3 2
   1
    C 2 12  5 1  0 -1 4 1
     6
    C 2 12  5 1  -1 0 3 2
     -s^(-1)*(s-mt^2+t)
    C 2 12  5 1  -1 0 4 1
     -3
    C 2 12  5 0  0 0 3 2
     -(s*t+mt^2*t-mt^4-s*mt^2)*s^(-1)
    C 2 12  5 0  0 0 4 1
     3*s+3*mt^2
    C 2 12  4 0  0 0 2 2
     -s^(-1)*(mt^2-t)
    C 2 12  4 0  0 0 3 1
     -3
;
  C 2 12  5 1  0 -1 2 3
   1
    C 2 12  5 1  0 -1 3 2
     1
    C 2 12  5 0  0 0 2 3
     2*mt^2-t
    C 2 12  5 0  0 0 3 2
     mt^2
    C 2 12  4 0  0 0 1 3
     -1
    C 2 12  4 0  0 0 2 2
     -1
;
  C 2 12  5 1  0 -1 2 3
   1
    C 2 12  5 1  0 -1 3 2
     1/2*s*mt^(-2)
    C 2 12  5 1  -1 0 2 3
     -1/2*(mt^2+t)*mt^(-2)
    C 2 12  5 0  0 0 2 3
     mt^2-t
    C 2 12  5 0  0 0 3 2
     s
    C 2 12  4 0  0 0 2 2
     -1/2*mt^(-2)*(mt^2-t)
    C 2 12  4 0  0 0 3 1
     -1/2*s*mt^(-2)
;
  C 2 12  5 1  0 -1 2 3
   1
    C 2 12  5 1  0 -1 3 2
     1
    C 2 12  5 1  -1 0 2 3
     -1
    C 2 12  5 1  -1 0 3 2
     -1
    C 2 12  5 0  0 0 2 3
     mt^2-t
    C 2 12  5 0  0 0 3 2
     s
;
  C 2 12  5 1  0 -1 2 3
   1
    C 2 12  5 1  0 -1 3 2
     2
    C 2 12  5 1  -1 0 2 3
     -s^(-1)*(s-mt^2+t)
    C 2 12  5 1  -1 0 3 2
     -1
    C 2 12  5 0  0 0 2 3
     -(s*t+mt^2*t-mt^4-s*mt^2)*s^(-1)
    C 2 12  5 0  0 0 3 2
     s+mt^2
    C 2 12  4 0  0 0 1 3
     -s^(-1)*(mt^2-t)
    C 2 12  4 0  0 0 2 2
     -1
;
  C 2 12  5 1  0 -1 2 3
   1
    C 2 12  5 1  0 -1 3 2
     1/2*s*mt^(-2)
    C 2 12  5 1  -1 0 2 3
     -1/2*(s-mt^2+t)*mt^(-2)
    C 2 12  5 1  -1 0 3 2
     -1/2*s*mt^(-2)
    C 2 12  5 0  0 0 2 3
     2*mt^2-t
    C 2 12  5 0  0 0 3 2
     1/2*(s^2-s*mt^2)*mt^(-2)
    C 2 12  4 0  0 0 1 3
     -1
    C 2 12  4 0  0 0 2 2
     -1/2*mt^(-2)*(mt^2-t)
    C 2 12  4 0  0 0 3 1
     1/2*s*mt^(-2)
;
  C 2 12  5 1  0 -1 1 4
   1
    C 2 12  5 1  0 -1 2 3
     1/3
    C 2 12  5 0  0 0 1 4
     2*mt^2-t
    C 2 12  5 0  0 0 2 3
     1/3*mt^2
    C 2 12  4 0  0 0 1 3
     -1/3
;
  C 2 12  5 1  0 -1 1 4
   1
    C 2 12  5 1  0 -1 2 3
     1/6*s*mt^(-2)
    C 2 12  5 1  -1 0 1 4
     -1/2*(mt^2+t)*mt^(-2)
    C 2 12  5 0  0 0 1 4
     mt^2-t
    C 2 12  5 0  0 0 2 3
     1/3*s
    C 2 12  4 0  0 0 1 3
     -1/2*mt^(-2)*(mt^2-t)
    C 2 12  4 0  0 0 2 2
     -1/6*s*mt^(-2)
;
  C 2 12  5 1  0 -1 1 4
   1
    C 2 12  5 1  0 -1 2 3
     1/3
    C 2 12  5 1  -1 0 1 4
     -1
    C 2 12  5 1  -1 0 2 3
     -1/3
    C 2 12  5 0  0 0 1 4
     mt^2-t
    C 2 12  5 0  0 0 2 3
     1/3*s
;
  C 2 12  5 1  0 -1 1 4
   1
    C 2 12  5 1  0 -1 2 3
     2/3
    C 2 12  5 1  -1 0 1 4
     -s^(-1)*(s-mt^2+t)
    C 2 12  5 1  -1 0 2 3
     -1/3
    C 2 12  5 0  0 0 1 4
     -(s*t+mt^2*t-mt^4-s*mt^2)*s^(-1)
    C 2 12  5 0  0 0 2 3
     1/3*s+1/3*mt^2
    C 2 12  4 0  0 0 1 3
     -1/3
;
  C 2 12  5 1  0 -1 1 4
   1
    C 2 12  5 1  0 -1 2 3
     1/6*s*mt^(-2)
    C 2 12  5 1  -1 0 1 4
     -1/2*(s-mt^2+t)*mt^(-2)
    C 2 12  5 1  -1 0 2 3
     -1/6*s*mt^(-2)
    C 2 12  5 0  0 0 1 4
     2*mt^2-t
    C 2 12  5 0  0 0 2 3
     1/6*(s^2-s*mt^2)*mt^(-2)
    C 2 12  4 0  0 0 1 3
     1/6*(2*s-3*mt^2+3*t)*mt^(-2)
    C 2 12  4 0  0 0 2 2
     1/6*s*mt^(-2)
;
  C 2 12  5 2  -2 0 3 2
   1
    C 2 12  5 2  -2 0 4 1
     3
    C 2 12  5 1  -1 0 4 1
     -3*s+3*mt^2
    C 2 12  4 1  -1 0 3 1
     2-d
    C 2 12  4 0  0 0 3 1
     -2*mt^2
;
  C 2 12  5 2  -2 0 3 2
   1
    C 2 12  5 2  -2 0 4 1
     3
    C 2 12  5 1  -1 0 4 1
     -3*s+6*mt^2
    C 2 12  4 1  -1 0 3 1
     -2
    C 2 12  4 0  0 0 3 1
     -2*mt^2
;
  C 2 12  5 2  -2 0 2 3
   1
    C 2 12  5 2  -2 0 3 2
     1
    C 2 12  5 1  -1 0 3 2
     -s+mt^2
    C 2 12  4 1  -1 0 2 2
     1-1/2*d
    C 2 12  4 0  0 0 2 2
     -mt^2
;
  C 2 12  5 2  -2 0 2 3
   1
    C 2 12  5 2  -2 0 3 2
     1
    C 2 12  5 1  -1 0 3 2
     -s+2*mt^2
    C 2 12  4 1  -1 0 2 2
     -3/2
    C 2 12  4 1  -1 0 3 1
     -1
    C 2 12  4 0  0 0 2 2
     -mt^2
    C 2 12  3 0  0 0 2 1
     1/2
;
  C 2 12  5 2  -2 0 1 4
   1
    C 2 12  5 2  -2 0 2 3
     1/3
    C 2 12  5 1  -1 0 2 3
     -1/3*s+1/3*mt^2
    C 2 12  4 1  -1 0 1 3
     2/3-1/3*d
    C 2 12  4 0  0 0 1 3
     -2/3*mt^2
;
  C 2 12  5 2  -2 0 1 4
   1
    C 2 12  5 2  -2 0 2 3
     1/3
    C 2 12  5 1  -1 0 2 3
     -1/3*s+2/3*mt^2
    C 2 12  4 1  -1 0 1 3
     -4/3
    C 2 12  4 1  -1 0 2 2
     -1/3
    C 2 12  4 0  0 0 1 3
     -2/3*mt^2
    C 2 12  3 0  0 0 1 2
     1/3
;
  C 2 12  5 2  -1 -1 3 2
   1
    C 2 12  5 2  -1 -1 4 1
     3
    C 2 12  5 1  -1 0 3 2
     2*mt^2-t
    C 2 12  5 1  -1 0 4 1
     3*mt^2
    C 2 12  4 1  0 -1 3 1
     -1
    C 2 12  4 1  -1 0 2 2
     -1
    C 2 12  4 1  -1 0 3 1
     -3
    C 2 12  4 0  0 0 3 1
     -s-mt^2
    C 2 12  3 0  0 0 2 1
     1
;
  C 2 12  5 2  -1 -1 3 2
   1
    C 2 12  5 2  -1 -1 4 1
     3
    C 2 12  5 1  0 -1 4 1
     -3*s+3*mt^2
    C 2 12  4 1  0 -1 3 1
     3-d
    C 2 12  4 1  -1 0 3 1
     -1
    C 2 12  4 0  0 0 3 1
     -2*mt^2
;
  C 2 12  5 2  -1 -1 3 2
   1
    C 2 12  5 2  -1 -1 4 1
     3
    C 2 12  5 1  0 -1 4 1
     -3*s+6*mt^2
    C 2 12  4 1  0 -1 3 1
     -1
    C 2 12  4 1  -1 0 3 1
     -1
    C 2 12  4 0  0 0 3 1
     -mt^2-t
;
  C 2 12  5 2  -1 -1 3 2
   1
    C 2 12  5 2  -1 -1 4 1
     3/2*s*mt^(-2)
    C 2 12  5 2  -2 0 3 2
     -1/2*(mt^2+t)*mt^(-2)
    C 2 12  5 1  -1 0 3 2
     mt^2-t
    C 2 12  5 1  -1 0 4 1
     3*s
    C 2 12  4 1  -1 0 3 1
     -1/2*mt^(-2)*(mt^2-t)
;
  C 2 12  5 2  -1 -1 3 2
   1
    C 2 12  5 2  -1 -1 4 1
     3/2*s*mt^(-2)
    C 2 12  5 2  -2 0 3 2
     -1/2*(s-mt^2+t)*mt^(-2)
    C 2 12  5 2  -2 0 4 1
     -3/2*s*mt^(-2)
    C 2 12  5 1  -1 0 3 2
     2*mt^2-t
    C 2 12  5 1  -1 0 4 1
     3/2*(s^2-s*mt^2)*mt^(-2)
    C 2 12  4 1  -1 0 2 2
     -1
    C 2 12  4 1  -1 0 3 1
     -1/2*(2*s+mt^2-t)*mt^(-2)
;
  C 2 12  5 2  -1 -1 3 2
   1
    C 2 12  5 2  -1 -1 4 1
     6
    C 2 12  5 2  -2 0 3 2
     -s^(-1)*(s-mt^2+t)
    C 2 12  5 2  -2 0 4 1
     -3
    C 2 12  5 1  -1 0 3 2
     -(s*t+mt^2*t-mt^4-s*mt^2)*s^(-1)
    C 2 12  5 1  -1 0 4 1
     3*s+3*mt^2
    C 2 12  4 1  -1 0 2 2
     -s^(-1)*(mt^2-t)
    C 2 12  4 1  -1 0 3 1
     -3
;
  C 2 12  5 2  -1 -1 3 2
   1
    C 2 12  5 2  -1 -1 4 1
     3
    C 2 12  5 2  -2 0 3 2
     -1
    C 2 12  5 2  -2 0 4 1
     -3
    C 2 12  5 1  -1 0 3 2
     mt^2-t
    C 2 12  5 1  -1 0 4 1
     3*s
    C 2 12  4 1  0 -1 3 1
     -1
    C 2 12  4 1  -1 0 3 1
     1
;
  C 2 12  5 2  -1 -1 2 3
   1
    C 2 12  5 2  -1 -1 3 2
     1
    C 2 12  5 1  -1 0 2 3
     2*mt^2-t
    C 2 12  5 1  -1 0 3 2
     mt^2
    C 2 12  4 1  0 -1 2 2
     -1/2
    C 2 12  4 1  -1 0 1 3
     -1
    C 2 12  4 1  -1 0 2 2
     -1
    C 2 12  4 0  0 0 2 2
     -1/2*s-1/2*mt^2
    C 2 12  3 0  0 0 1 2
     1/2
;
  C 2 12  5 2  -1 -1 2 3
   1
    C 2 12  5 2  -1 -1 3 2
     1
    C 2 12  5 1  0 -1 3 2
     -s+mt^2
    C 2 12  4 1  0 -1 2 2
     3/2-1/2*d
    C 2 12  4 1  -1 0 2 2
     -1/2
    C 2 12  4 0  0 0 2 2
     -mt^2
;
  C 2 12  5 2  -1 -1 2 3
   1
    C 2 12  5 2  -1 -1 3 2
     1
    C 2 12  5 1  0 -1 3 2
     -s+2*mt^2
    C 2 12  4 1  0 -1 2 2
     -1
    C 2 12  4 1  0 -1 3 1
     -1
    C 2 12  4 1  -1 0 2 2
     -1/2
    C 2 12  4 0  0 0 2 2
     -1/2*mt^2-1/2*t
    C 2 12  3 0  0 0 2 1
     1/2
;
  C 2 12  5 2  -1 -1 2 3
   1
    C 2 12  5 2  -1 -1 3 2
     1/2*s*mt^(-2)
    C 2 12  5 2  -2 0 2 3
     -1/2*(mt^2+t)*mt^(-2)
    C 2 12  5 1  -1 0 2 3
     mt^2-t
    C 2 12  5 1  -1 0 3 2
     s
    C 2 12  4 1  -1 0 2 2
     -1/2*mt^(-2)*(mt^2-t)
    C 2 12  4 1  -1 0 3 1
     -1/2*s*mt^(-2)
;
  C 2 12  5 2  -1 -1 2 3
   1
    C 2 12  5 2  -1 -1 3 2
     2
    C 2 12  5 2  -2 0 2 3
     -s^(-1)*(s-mt^2+t)
    C 2 12  5 2  -2 0 3 2
     -1
    C 2 12  5 1  -1 0 2 3
     -(s*t+mt^2*t-mt^4-s*mt^2)*s^(-1)
    C 2 12  5 1  -1 0 3 2
     s+mt^2
    C 2 12  4 1  -1 0 1 3
     -s^(-1)*(mt^2-t)
    C 2 12  4 1  -1 0 2 2
     -1
;
  C 2 12  5 2  -1 -1 2 3
   1
    C 2 12  5 2  -1 -1 3 2
     1/2*s*mt^(-2)
    C 2 12  5 2  -2 0 2 3
     -1/2*(s-mt^2+t)*mt^(-2)
    C 2 12  5 2  -2 0 3 2
     -1/2*s*mt^(-2)
    C 2 12  5 1  -1 0 2 3
     2*mt^2-t
    C 2 12  5 1  -1 0 3 2
     1/2*(s^2-s*mt^2)*mt^(-2)
    C 2 12  4 1  -1 0 1 3
     -1
    C 2 12  4 1  -1 0 2 2
     -1/2*mt^(-2)*(mt^2-t)
    C 2 12  4 1  -1 0 3 1
     1/2*s*mt^(-2)
;
  C 2 12  5 2  -1 -1 2 3
   1
    C 2 12  5 2  -1 -1 3 2
     1
    C 2 12  5 2  -2 0 2 3
     -1
    C 2 12  5 2  -2 0 3 2
     -1
    C 2 12  5 1  -1 0 2 3
     mt^2-t
    C 2 12  5 1  -1 0 3 2
     s
    C 2 12  4 1  0 -1 2 2
     -1/2
    C 2 12  4 1  -1 0 2 2
     1/2
;
  C 2 12  5 2  -1 -1 1 4
   1
    C 2 12  5 2  -1 -1 2 3
     1/3
    C 2 12  5 1  -1 0 1 4
     2*mt^2-t
    C 2 12  5 1  -1 0 2 3
     1/3*mt^2
    C 2 12  4 1  0 -1 1 3
     -1/3
    C 2 12  4 1  -1 0 1 3
     -1/3
    C 2 12  4 0  0 0 1 3
     -1/3*s-1/3*mt^2
;
  C 2 12  5 2  -1 -1 1 4
   1
    C 2 12  5 2  -1 -1 2 3
     1/3
    C 2 12  5 1  0 -1 2 3
     -1/3*s+1/3*mt^2
    C 2 12  4 1  0 -1 1 3
     1-1/3*d
    C 2 12  4 1  -1 0 1 3
     -1/3
    C 2 12  4 0  0 0 1 3
     -2/3*mt^2
;
  C 2 12  5 2  -1 -1 1 4
   1
    C 2 12  5 2  -1 -1 2 3
     1/3
    C 2 12  5 1  0 -1 2 3
     -1/3*s+2/3*mt^2
    C 2 12  4 1  0 -1 1 3
     -1
    C 2 12  4 1  0 -1 2 2
     -1/3
    C 2 12  4 1  -1 0 1 3
     -1/3
    C 2 12  4 0  0 0 1 3
     -1/3*mt^2-1/3*t
    C 2 12  3 0  0 0 1 2
     1/3
;
  C 2 12  5 2  -1 -1 1 4
   1
    C 2 12  5 2  -1 -1 2 3
     1/6*s*mt^(-2)
    C 2 12  5 2  -2 0 1 4
     -1/2*(mt^2+t)*mt^(-2)
    C 2 12  5 1  -1 0 1 4
     mt^2-t
    C 2 12  5 1  -1 0 2 3
     1/3*s
    C 2 12  4 1  -1 0 1 3
     -1/2*mt^(-2)*(mt^2-t)
    C 2 12  4 1  -1 0 2 2
     -1/6*s*mt^(-2)
;
  C 2 12  5 2  -1 -1 1 4
   1
    C 2 12  5 2  -1 -1 2 3
     2/3
    C 2 12  5 2  -2 0 1 4
     -s^(-1)*(s-mt^2+t)
    C 2 12  5 2  -2 0 2 3
     -1/3
    C 2 12  5 1  -1 0 1 4
     -(s*t+mt^2*t-mt^4-s*mt^2)*s^(-1)
    C 2 12  5 1  -1 0 2 3
     1/3*s+1/3*mt^2
    C 2 12  4 1  -1 0 1 3
     -1/3
;
  C 2 12  5 2  -1 -1 1 4
   1
    C 2 12  5 2  -1 -1 2 3
     1/6*s*mt^(-2)
    C 2 12  5 2  -2 0 1 4
     -1/2*(s-mt^2+t)*mt^(-2)
    C 2 12  5 2  -2 0 2 3
     -1/6*s*mt^(-2)
    C 2 12  5 1  -1 0 1 4
     2*mt^2-t
    C 2 12  5 1  -1 0 2 3
     1/6*(s^2-s*mt^2)*mt^(-2)
    C 2 12  4 1  -1 0 1 3
     1/6*(2*s-3*mt^2+3*t)*mt^(-2)
    C 2 12  4 1  -1 0 2 2
     1/6*s*mt^(-2)
;
  C 2 12  5 2  -1 -1 1 4
   1
    C 2 12  5 2  -1 -1 2 3
     1/3
    C 2 12  5 2  -2 0 1 4
     -1
    C 2 12  5 2  -2 0 2 3
     -1/3
    C 2 12  5 1  -1 0 1 4
     mt^2-t
    C 2 12  5 1  -1 0 2 3
     1/3*s
    C 2 12  4 1  0 -1 1 3
     -1/3
    C 2 12  4 1  -1 0 1 3
     1/3
;
  C 2 12  5 2  0 -2 3 2
   1
    C 2 12  5 2  0 -2 4 1
     3
    C 2 12  5 1  0 -1 3 2
     2*mt^2-t
    C 2 12  5 1  0 -1 4 1
     3*mt^2
    C 2 12  4 1  0 -1 2 2
     -1
    C 2 12  4 1  0 -1 3 1
     -4
    C 2 12  4 0  0 0 3 1
     -mt^2
    C 2 12  3 0  0 0 2 1
     1
;
  C 2 12  5 2  0 -2 3 2
   1
    C 2 12  5 2  0 -2 4 1
     3/2*s*mt^(-2)
    C 2 12  5 2  -1 -1 3 2
     -1/2*(mt^2+t)*mt^(-2)
    C 2 12  5 1  0 -1 3 2
     mt^2-t
    C 2 12  5 1  0 -1 4 1
     3*s
    C 2 12  4 1  0 -1 3 1
     -mt^(-2)*(mt^2-t)
    C 2 12  4 1  -1 0 3 1
     1/2*mt^(-2)*(mt^2-t)
;
  C 2 12  5 2  0 -2 3 2
   1
    C 2 12  5 2  0 -2 4 1
     3
    C 2 12  5 2  -1 -1 3 2
     -1
    C 2 12  5 2  -1 -1 4 1
     -3
    C 2 12  5 1  0 -1 3 2
     mt^2-t
    C 2 12  5 1  0 -1 4 1
     3*s
    C 2 12  4 1  0 -1 3 1
     -1
    C 2 12  4 1  -1 0 3 1
     1
;
  C 2 12  5 2  0 -2 3 2
   1
    C 2 12  5 2  0 -2 4 1
     6
    C 2 12  5 2  -1 -1 3 2
     -s^(-1)*(s-mt^2+t)
    C 2 12  5 2  -1 -1 4 1
     -3
    C 2 12  5 1  0 -1 3 2
     -(s*t+mt^2*t-mt^4-s*mt^2)*s^(-1)
    C 2 12  5 1  0 -1 4 1
     3*s+3*mt^2
    C 2 12  4 1  0 -1 2 2
     -s^(-1)*(mt^2-t)
    C 2 12  4 1  0 -1 3 1
     -4
    C 2 12  4 1  -1 0 3 1
     1
;
  C 2 12  5 2  0 -2 3 2
   1
    C 2 12  5 2  0 -2 4 1
     3/2*s*mt^(-2)
    C 2 12  5 2  -1 -1 3 2
     -1/2*(s-mt^2+t)*mt^(-2)
    C 2 12  5 2  -1 -1 4 1
     -3/2*s*mt^(-2)
    C 2 12  5 1  0 -1 3 2
     2*mt^2-t
    C 2 12  5 1  0 -1 4 1
     3/2*(s^2-s*mt^2)*mt^(-2)
    C 2 12  4 1  0 -1 2 2
     -1
    C 2 12  4 1  0 -1 3 1
     -mt^(-2)*(s+mt^2-t)
    C 2 12  4 1  -1 0 3 1
     1/2*s*mt^(-2)
    C 2 12  4 0  0 0 3 1
     1/2*mt^(-2)*(s*t+mt^2*t-mt^4+s*mt^2)
    C 2 12  3 0  0 0 2 1
     1/2*mt^(-2)*(mt^2-t)
;
  C 2 12  5 2  0 -2 2 3
   1
    C 2 12  5 2  0 -2 3 2
     1
    C 2 12  5 1  0 -1 2 3
     2*mt^2-t
    C 2 12  5 1  0 -1 3 2
     mt^2
    C 2 12  4 1  0 -1 1 3
     -1
    C 2 12  4 1  0 -1 2 2
     -3/2
    C 2 12  4 0  0 0 2 2
     -1/2*mt^2
    C 2 12  3 0  0 0 1 2
     1/2
;
  C 2 12  5 2  0 -2 2 3
   1
    C 2 12  5 2  0 -2 3 2
     1/2*s*mt^(-2)
    C 2 12  5 2  -1 -1 2 3
     -1/2*(mt^2+t)*mt^(-2)
    C 2 12  5 1  0 -1 2 3
     mt^2-t
    C 2 12  5 1  0 -1 3 2
     s
    C 2 12  4 1  0 -1 2 2
     -3/4*mt^(-2)*(mt^2-t)
    C 2 12  4 1  0 -1 3 1
     -1/2*s*mt^(-2)
    C 2 12  4 1  -1 0 2 2
     1/4*mt^(-2)*(mt^2-t)
;
  C 2 12  5 2  0 -2 2 3
   1
    C 2 12  5 2  0 -2 3 2
     1
    C 2 12  5 2  -1 -1 2 3
     -1
    C 2 12  5 2  -1 -1 3 2
     -1
    C 2 12  5 1  0 -1 2 3
     mt^2-t
    C 2 12  5 1  0 -1 3 2
     s
    C 2 12  4 1  0 -1 2 2
     -1/2
    C 2 12  4 1  -1 0 2 2
     1/2
;
  C 2 12  5 2  0 -2 2 3
   1
    C 2 12  5 2  0 -2 3 2
     2
    C 2 12  5 2  -1 -1 2 3
     -s^(-1)*(s-mt^2+t)
    C 2 12  5 2  -1 -1 3 2
     -1
    C 2 12  5 1  0 -1 2 3
     -(s*t+mt^2*t-mt^4-s*mt^2)*s^(-1)
    C 2 12  5 1  0 -1 3 2
     s+mt^2
    C 2 12  4 1  0 -1 1 3
     -s^(-1)*(mt^2-t)
    C 2 12  4 1  0 -1 2 2
     -3/2
    C 2 12  4 1  -1 0 2 2
     1/2
;
  C 2 12  5 2  0 -2 2 3
   1
    C 2 12  5 2  0 -2 3 2
     1/2*s*mt^(-2)
    C 2 12  5 2  -1 -1 2 3
     -1/2*(s-mt^2+t)*mt^(-2)
    C 2 12  5 2  -1 -1 3 2
     -1/2*s*mt^(-2)
    C 2 12  5 1  0 -1 2 3
     2*mt^2-t
    C 2 12  5 1  0 -1 3 2
     1/2*(s^2-s*mt^2)*mt^(-2)
    C 2 12  4 1  0 -1 1 3
     -1
    C 2 12  4 1  0 -1 2 2
     -3/4*mt^(-2)*(mt^2-t)
    C 2 12  4 1  0 -1 3 1
     1/2*s*mt^(-2)
    C 2 12  4 1  -1 0 2 2
     1/4*s*mt^(-2)
    C 2 12  4 0  0 0 2 2
     1/4*mt^(-2)*(s*t+mt^2*t-mt^4+s*mt^2)
    C 2 12  3 0  0 0 1 2
     1/4*mt^(-2)*(mt^2-t)
    C 2 12  3 0  0 0 2 1
     -1/4*s*mt^(-2)
;
  C 2 12  5 2  0 -2 1 4
   1
    C 2 12  5 2  0 -2 2 3
     1/3
    C 2 12  5 1  0 -1 1 4
     2*mt^2-t
    C 2 12  5 1  0 -1 2 3
     1/3*mt^2
    C 2 12  4 1  0 -1 1 3
     -2/3
    C 2 12  4 0  0 0 1 3
     -1/3*mt^2
;
  C 2 12  5 2  0 -2 1 4
   1
    C 2 12  5 2  0 -2 2 3
     1/6*s*mt^(-2)
    C 2 12  5 2  -1 -1 1 4
     -1/2*(mt^2+t)*mt^(-2)
    C 2 12  5 1  0 -1 1 4
     mt^2-t
    C 2 12  5 1  0 -1 2 3
     1/3*s
    C 2 12  4 1  0 -1 1 3
     -2/3*mt^(-2)*(mt^2-t)
    C 2 12  4 1  0 -1 2 2
     -1/6*s*mt^(-2)
    C 2 12  4 1  -1 0 1 3
     1/6*mt^(-2)*(mt^2-t)
;
  C 2 12  5 2  0 -2 1 4
   1
    C 2 12  5 2  0 -2 2 3
     1/3
    C 2 12  5 2  -1 -1 1 4
     -1
    C 2 12  5 2  -1 -1 2 3
     -1/3
    C 2 12  5 1  0 -1 1 4
     mt^2-t
    C 2 12  5 1  0 -1 2 3
     1/3*s
    C 2 12  4 1  0 -1 1 3
     -1/3
    C 2 12  4 1  -1 0 1 3
     1/3
;
  C 2 12  5 2  0 -2 1 4
   1
    C 2 12  5 2  0 -2 2 3
     2/3
    C 2 12  5 2  -1 -1 1 4
     -s^(-1)*(s-mt^2+t)
    C 2 12  5 2  -1 -1 2 3
     -1/3
    C 2 12  5 1  0 -1 1 4
     -(s*t+mt^2*t-mt^4-s*mt^2)*s^(-1)
    C 2 12  5 1  0 -1 2 3
     1/3*s+1/3*mt^2
    C 2 12  4 1  0 -1 1 3
     -2/3
    C 2 12  4 1  -1 0 1 3
     1/3
;
  C 2 12  5 2  0 -2 1 4
   1
    C 2 12  5 2  0 -2 2 3
     1/6*s*mt^(-2)
    C 2 12  5 2  -1 -1 1 4
     -1/2*(s-mt^2+t)*mt^(-2)
    C 2 12  5 2  -1 -1 2 3
     -1/6*s*mt^(-2)
    C 2 12  5 1  0 -1 1 4
     2*mt^2-t
    C 2 12  5 1  0 -1 2 3
     1/6*(s^2-s*mt^2)*mt^(-2)
    C 2 12  4 1  0 -1 1 3
     1/3*(s-2*mt^2+2*t)*mt^(-2)
    C 2 12  4 1  0 -1 2 2
     1/6*s*mt^(-2)
    C 2 12  4 1  -1 0 1 3
     1/6*s*mt^(-2)
    C 2 12  4 0  0 0 1 3
     1/6*mt^(-2)*(s*t+mt^2*t-mt^4+s*mt^2)
    C 2 12  3 0  0 0 1 2
     -1/6*s*mt^(-2)
;
  C 2 12  5 3  -3 0 3 2
   1
    C 2 12  5 3  -3 0 4 1
     3
    C 2 12  5 2  -2 0 4 1
     -3*s+3*mt^2
    C 2 12  4 2  -2 0 3 1
     -d
    C 2 12  4 1  -1 0 3 1
     -4*mt^2
;
  C 2 12  5 3  -3 0 3 2
   1
    C 2 12  5 3  -3 0 4 1
     3
    C 2 12  5 2  -2 0 4 1
     -3*s+6*mt^2
    C 2 12  4 2  -2 0 3 1
     -3
    C 2 12  4 1  -1 0 3 1
     -4*mt^2
;
  C 2 12  5 3  -3 0 2 3
   1
    C 2 12  5 3  -3 0 3 2
     1
    C 2 12  5 2  -2 0 3 2
     -s+mt^2
    C 2 12  4 2  -2 0 2 2
     -1/2*d
    C 2 12  4 1  -1 0 2 2
     -2*mt^2
;
  C 2 12  5 3  -3 0 2 3
   1
    C 2 12  5 3  -3 0 3 2
     1
    C 2 12  5 2  -2 0 3 2
     -s+2*mt^2
    C 2 12  4 2  -2 0 2 2
     -2
    C 2 12  4 2  -2 0 3 1
     -1
    C 2 12  4 1  -1 0 2 2
     -2*mt^2
    C 2 12  3 1  -1 0 2 1
     1
;
  C 2 12  5 3  -3 0 1 4
   1
    C 2 12  5 3  -3 0 2 3
     1/3
    C 2 12  5 2  -2 0 2 3
     -1/3*s+1/3*mt^2
    C 2 12  4 2  -2 0 1 3
     -1/3*d
    C 2 12  4 1  -1 0 1 3
     -4/3*mt^2
;
  C 2 12  5 3  -3 0 1 4
   1
    C 2 12  5 3  -3 0 2 3
     1/3
    C 2 12  5 2  -2 0 2 3
     -1/3*s+2/3*mt^2
    C 2 12  4 2  -2 0 1 3
     -5/3
    C 2 12  4 2  -2 0 2 2
     -1/3
    C 2 12  4 1  -1 0 1 3
     -4/3*mt^2
    C 2 12  3 1  -1 0 1 2
     2/3
;
  C 2 12  5 3  -2 -1 3 2
   1
    C 2 12  5 3  -2 -1 4 1
     3
    C 2 12  5 2  -2 0 3 2
     2*mt^2-t
    C 2 12  5 2  -2 0 4 1
     3*mt^2
    C 2 12  4 2  -1 -1 3 1
     -2
    C 2 12  4 2  -2 0 2 2
     -1
    C 2 12  4 2  -2 0 3 1
     -3
    C 2 12  4 1  -1 0 3 1
     -2*s-2*mt^2
    C 2 12  3 1  -1 0 2 1
     2
;
  C 2 12  5 3  -2 -1 3 2
   1
    C 2 12  5 3  -2 -1 4 1
     3
    C 2 12  5 2  -1 -1 4 1
     -3*s+3*mt^2
    C 2 12  4 2  -1 -1 3 1
     1-d
    C 2 12  4 2  -2 0 3 1
     -1
    C 2 12  4 1  0 -1 3 1
     -2*mt^2
    C 2 12  4 1  -1 0 3 1
     -2*mt^2
;
  C 2 12  5 3  -2 -1 3 2
   1
    C 2 12  5 3  -2 -1 4 1
     3
    C 2 12  5 2  -1 -1 4 1
     -3*s+6*mt^2
    C 2 12  4 2  -1 -1 3 1
     -2
    C 2 12  4 2  -2 0 3 1
     -1
    C 2 12  4 1  0 -1 3 1
     -2*mt^2
    C 2 12  4 1  -1 0 3 1
     -mt^2-t
;
  C 2 12  5 3  -2 -1 3 2
   1
    C 2 12  5 3  -2 -1 4 1
     3/2*s*mt^(-2)
    C 2 12  5 3  -3 0 3 2
     -1/2*(mt^2+t)*mt^(-2)
    C 2 12  5 2  -2 0 3 2
     mt^2-t
    C 2 12  5 2  -2 0 4 1
     3*s
    C 2 12  4 2  -2 0 3 1
     -1/2*mt^(-2)*(mt^2-t)
;
  C 2 12  5 3  -2 -1 3 2
   1
    C 2 12  5 3  -2 -1 4 1
     3/2*s*mt^(-2)
    C 2 12  5 3  -3 0 3 2
     -1/2*(s-mt^2+t)*mt^(-2)
    C 2 12  5 3  -3 0 4 1
     -3/2*s*mt^(-2)
    C 2 12  5 2  -2 0 3 2
     2*mt^2-t
    C 2 12  5 2  -2 0 4 1
     3/2*(s^2-s*mt^2)*mt^(-2)
    C 2 12  4 2  -2 0 2 2
     -1
    C 2 12  4 2  -2 0 3 1
     -1/2*(2*s+mt^2-t)*mt^(-2)
;
  C 2 12  5 3  -2 -1 3 2
   1
    C 2 12  5 3  -2 -1 4 1
     6
    C 2 12  5 3  -3 0 3 2
     -s^(-1)*(s-mt^2+t)
    C 2 12  5 3  -3 0 4 1
     -3
    C 2 12  5 2  -2 0 3 2
     -(s*t+mt^2*t-mt^4-s*mt^2)*s^(-1)
    C 2 12  5 2  -2 0 4 1
     3*s+3*mt^2
    C 2 12  4 2  -2 0 2 2
     -s^(-1)*(mt^2-t)
    C 2 12  4 2  -2 0 3 1
     -3
;
  C 2 12  5 3  -2 -1 3 2
   1
    C 2 12  5 3  -2 -1 4 1
     3
    C 2 12  5 3  -3 0 3 2
     -1
    C 2 12  5 3  -3 0 4 1
     -3
    C 2 12  5 2  -2 0 3 2
     mt^2-t
    C 2 12  5 2  -2 0 4 1
     3*s
    C 2 12  4 2  -1 -1 3 1
     -2
    C 2 12  4 2  -2 0 3 1
     2
;
  C 2 12  5 3  -2 -1 2 3
   1
    C 2 12  5 3  -2 -1 3 2
     1
    C 2 12  5 2  -2 0 2 3
     2*mt^2-t
    C 2 12  5 2  -2 0 3 2
     mt^2
    C 2 12  4 2  -1 -1 2 2
     -1
    C 2 12  4 2  -2 0 1 3
     -1
    C 2 12  4 2  -2 0 2 2
     -1
    C 2 12  4 1  -1 0 2 2
     -s-mt^2
    C 2 12  3 1  -1 0 1 2
     1
;
  C 2 12  5 3  -2 -1 2 3
   1
    C 2 12  5 3  -2 -1 3 2
     1
    C 2 12  5 2  -1 -1 3 2
     -s+mt^2
    C 2 12  4 2  -1 -1 2 2
     1/2-1/2*d
    C 2 12  4 2  -2 0 2 2
     -1/2
    C 2 12  4 1  0 -1 2 2
     -mt^2
    C 2 12  4 1  -1 0 2 2
     -mt^2
;
  C 2 12  5 3  -2 -1 2 3
   1
    C 2 12  5 3  -2 -1 3 2
     1
    C 2 12  5 2  -1 -1 3 2
     -s+2*mt^2
    C 2 12  4 2  -1 -1 2 2
     -3/2
    C 2 12  4 2  -1 -1 3 1
     -1
    C 2 12  4 2  -2 0 2 2
     -1/2
    C 2 12  4 1  0 -1 2 2
     -mt^2
    C 2 12  4 1  -1 0 2 2
     -1/2*mt^2-1/2*t
    C 2 12  3 1  0 -1 2 1
     1/2
    C 2 12  3 1  -1 0 2 1
     1/2
;
  C 2 12  5 3  -2 -1 2 3
   1
    C 2 12  5 3  -2 -1 3 2
     1/2*s*mt^(-2)
    C 2 12  5 3  -3 0 2 3
     -1/2*(mt^2+t)*mt^(-2)
    C 2 12  5 2  -2 0 2 3
     mt^2-t
    C 2 12  5 2  -2 0 3 2
     s
    C 2 12  4 2  -2 0 2 2
     -1/2*mt^(-2)*(mt^2-t)
    C 2 12  4 2  -2 0 3 1
     -1/2*s*mt^(-2)
;
  C 2 12  5 3  -2 -1 2 3
   1
    C 2 12  5 3  -2 -1 3 2
     2
    C 2 12  5 3  -3 0 2 3
     -s^(-1)*(s-mt^2+t)
    C 2 12  5 3  -3 0 3 2
     -1
    C 2 12  5 2  -2 0 2 3
     -(s*t+mt^2*t-mt^4-s*mt^2)*s^(-1)
    C 2 12  5 2  -2 0 3 2
     s+mt^2
    C 2 12  4 2  -2 0 1 3
     -s^(-1)*(mt^2-t)
    C 2 12  4 2  -2 0 2 2
     -1
;
  C 2 12  5 3  -2 -1 2 3
   1
    C 2 12  5 3  -2 -1 3 2
     1/2*s*mt^(-2)
    C 2 12  5 3  -3 0 2 3
     -1/2*(s-mt^2+t)*mt^(-2)
    C 2 12  5 3  -3 0 3 2
     -1/2*s*mt^(-2)
    C 2 12  5 2  -2 0 2 3
     2*mt^2-t
    C 2 12  5 2  -2 0 3 2
     1/2*(s^2-s*mt^2)*mt^(-2)
    C 2 12  4 2  -2 0 1 3
     -1
    C 2 12  4 2  -2 0 2 2
     -1/2*mt^(-2)*(mt^2-t)
    C 2 12  4 2  -2 0 3 1
     1/2*s*mt^(-2)
;
  C 2 12  5 3  -2 -1 2 3
   1
    C 2 12  5 3  -2 -1 3 2
     1
    C 2 12  5 3  -3 0 2 3
     -1
    C 2 12  5 3  -3 0 3 2
     -1
    C 2 12  5 2  -2 0 2 3
     mt^2-t
    C 2 12  5 2  -2 0 3 2
     s
    C 2 12  4 2  -1 -1 2 2
     -1
    C 2 12  4 2  -2 0 2 2
     1
;
  C 2 12  5 3  -2 -1 1 4
   1
    C 2 12  5 3  -2 -1 2 3
     1/3
    C 2 12  5 2  -2 0 1 4
     2*mt^2-t
    C 2 12  5 2  -2 0 2 3
     1/3*mt^2
    C 2 12  4 2  -1 -1 1 3
     -2/3
    C 2 12  4 2  -2 0 1 3
     -1/3
    C 2 12  4 1  -1 0 1 3
     -2/3*s-2/3*mt^2
;
  C 2 12  5 3  -2 -1 1 4
   1
    C 2 12  5 3  -2 -1 2 3
     1/3
    C 2 12  5 2  -1 -1 2 3
     -1/3*s+1/3*mt^2
    C 2 12  4 2  -1 -1 1 3
     1/3-1/3*d
    C 2 12  4 2  -2 0 1 3
     -1/3
    C 2 12  4 1  0 -1 1 3
     -2/3*mt^2
    C 2 12  4 1  -1 0 1 3
     -2/3*mt^2
;
  C 2 12  5 3  -2 -1 1 4
   1
    C 2 12  5 3  -2 -1 2 3
     1/3
    C 2 12  5 2  -1 -1 2 3
     -1/3*s+2/3*mt^2
    C 2 12  4 2  -1 -1 1 3
     -4/3
    C 2 12  4 2  -1 -1 2 2
     -1/3
    C 2 12  4 2  -2 0 1 3
     -1/3
    C 2 12  4 1  0 -1 1 3
     -2/3*mt^2
    C 2 12  4 1  -1 0 1 3
     -1/3*mt^2-1/3*t
    C 2 12  3 1  0 -1 1 2
     1/3
    C 2 12  3 1  -1 0 1 2
     1/3
;
  C 2 12  5 3  -2 -1 1 4
   1
    C 2 12  5 3  -2 -1 2 3
     1/6*s*mt^(-2)
    C 2 12  5 3  -3 0 1 4
     -1/2*(mt^2+t)*mt^(-2)
    C 2 12  5 2  -2 0 1 4
     mt^2-t
    C 2 12  5 2  -2 0 2 3
     1/3*s
    C 2 12  4 2  -2 0 1 3
     -1/2*mt^(-2)*(mt^2-t)
    C 2 12  4 2  -2 0 2 2
     -1/6*s*mt^(-2)
;
  C 2 12  5 3  -2 -1 1 4
   1
    C 2 12  5 3  -2 -1 2 3
     2/3
    C 2 12  5 3  -3 0 1 4
     -s^(-1)*(s-mt^2+t)
    C 2 12  5 3  -3 0 2 3
     -1/3
    C 2 12  5 2  -2 0 1 4
     -(s*t+mt^2*t-mt^4-s*mt^2)*s^(-1)
    C 2 12  5 2  -2 0 2 3
     1/3*s+1/3*mt^2
    C 2 12  4 2  -2 0 1 3
     -1/3
;
  C 2 12  5 3  -2 -1 1 4
   1
    C 2 12  5 3  -2 -1 2 3
     1/6*s*mt^(-2)
    C 2 12  5 3  -3 0 1 4
     -1/2*(s-mt^2+t)*mt^(-2)
    C 2 12  5 3  -3 0 2 3
     -1/6*s*mt^(-2)
    C 2 12  5 2  -2 0 1 4
     2*mt^2-t
    C 2 12  5 2  -2 0 2 3
     1/6*(s^2-s*mt^2)*mt^(-2)
    C 2 12  4 2  -2 0 1 3
     1/6*(2*s-3*mt^2+3*t)*mt^(-2)
    C 2 12  4 2  -2 0 2 2
     1/6*s*mt^(-2)
;
  C 2 12  5 3  -2 -1 1 4
   1
    C 2 12  5 3  -2 -1 2 3
     1/3
    C 2 12  5 3  -3 0 1 4
     -1
    C 2 12  5 3  -3 0 2 3
     -1/3
    C 2 12  5 2  -2 0 1 4
     mt^2-t
    C 2 12  5 2  -2 0 2 3
     1/3*s
    C 2 12  4 2  -1 -1 1 3
     -2/3
    C 2 12  4 2  -2 0 1 3
     2/3
;
  C 2 12  5 3  -1 -2 3 2
   1
    C 2 12  5 3  -1 -2 4 1
     3
    C 2 12  5 2  -1 -1 3 2
     2*mt^2-t
    C 2 12  5 2  -1 -1 4 1
     3*mt^2
    C 2 12  4 2  0 -2 3 1
     -1
    C 2 12  4 2  -1 -1 2 2
     -1
    C 2 12  4 2  -1 -1 3 1
     -4
    C 2 12  4 1  0 -1 3 1
     -s-mt^2
    C 2 12  4 1  -1 0 3 1
     -mt^2
    C 2 12  3 1  0 -1 2 1
     1
    C 2 12  3 1  -1 0 2 1
     1
;
  C 2 12  5 3  -1 -2 3 2
   1
    C 2 12  5 3  -1 -2 4 1
     3
    C 2 12  5 2  0 -2 4 1
     -3*s+3*mt^2
    C 2 12  4 2  0 -2 3 1
     2-d
    C 2 12  4 2  -1 -1 3 1
     -2
    C 2 12  4 1  0 -1 3 1
     -4*mt^2
;
  C 2 12  5 3  -1 -2 3 2
   1
    C 2 12  5 3  -1 -2 4 1
     3
    C 2 12  5 2  0 -2 4 1
     -3*s+6*mt^2
    C 2 12  4 2  0 -2 3 1
     -1
    C 2 12  4 2  -1 -1 3 1
     -2
    C 2 12  4 1  0 -1 3 1
     -2*mt^2-2*t
;
  C 2 12  5 3  -1 -2 3 2
   1
    C 2 12  5 3  -1 -2 4 1
     3/2*s*mt^(-2)
    C 2 12  5 3  -2 -1 3 2
     -1/2*(mt^2+t)*mt^(-2)
    C 2 12  5 2  -1 -1 3 2
     mt^2-t
    C 2 12  5 2  -1 -1 4 1
     3*s
    C 2 12  4 2  -1 -1 3 1
     -mt^(-2)*(mt^2-t)
    C 2 12  4 2  -2 0 3 1
     1/2*mt^(-2)*(mt^2-t)
;
  C 2 12  5 3  -1 -2 3 2
   1
    C 2 12  5 3  -1 -2 4 1
     6
    C 2 12  5 3  -2 -1 3 2
     -s^(-1)*(s-mt^2+t)
    C 2 12  5 3  -2 -1 4 1
     -3
    C 2 12  5 2  -1 -1 3 2
     -(s*t+mt^2*t-mt^4-s*mt^2)*s^(-1)
    C 2 12  5 2  -1 -1 4 1
     3*s+3*mt^2
    C 2 12  4 2  -1 -1 2 2
     -s^(-1)*(mt^2-t)
    C 2 12  4 2  -1 -1 3 1
     -4
    C 2 12  4 2  -2 0 3 1
     1
;
  C 2 12  5 3  -1 -2 3 2
   1
    C 2 12  5 3  -1 -2 4 1
     3/2*s*mt^(-2)
    C 2 12  5 3  -2 -1 3 2
     -1/2*(s-mt^2+t)*mt^(-2)
    C 2 12  5 3  -2 -1 4 1
     -3/2*s*mt^(-2)
    C 2 12  5 2  -1 -1 3 2
     2*mt^2-t
    C 2 12  5 2  -1 -1 4 1
     3/2*(s^2-s*mt^2)*mt^(-2)
    C 2 12  4 2  -1 -1 2 2
     -1
    C 2 12  4 2  -1 -1 3 1
     -mt^(-2)*(s+mt^2-t)
    C 2 12  4 2  -2 0 3 1
     1/2*s*mt^(-2)
    C 2 12  4 1  -1 0 3 1
     1/2*mt^(-2)*(s*t+mt^2*t-mt^4+s*mt^2)
    C 2 12  3 1  -1 0 2 1
     1/2*mt^(-2)*(mt^2-t)
;
  C 2 12  5 3  -1 -2 3 2
   1
    C 2 12  5 3  -1 -2 4 1
     3
    C 2 12  5 3  -2 -1 3 2
     -1
    C 2 12  5 3  -2 -1 4 1
     -3
    C 2 12  5 2  -1 -1 3 2
     mt^2-t
    C 2 12  5 2  -1 -1 4 1
     3*s
    C 2 12  4 2  0 -2 3 1
     -1
    C 2 12  4 2  -2 0 3 1
     1
;
  C 2 12  5 3  -1 -2 2 3
   1
    C 2 12  5 3  -1 -2 3 2
     1
    C 2 12  5 2  -1 -1 2 3
     2*mt^2-t
    C 2 12  5 2  -1 -1 3 2
     mt^2
    C 2 12  4 2  0 -2 2 2
     -1/2
    C 2 12  4 2  -1 -1 1 3
     -1
    C 2 12  4 2  -1 -1 2 2
     -3/2
    C 2 12  4 1  0 -1 2 2
     -1/2*s-1/2*mt^2
    C 2 12  4 1  -1 0 2 2
     -1/2*mt^2
    C 2 12  3 1  0 -1 1 2
     1/2
    C 2 12  3 1  -1 0 1 2
     1/2
;
  C 2 12  5 3  -1 -2 2 3
   1
    C 2 12  5 3  -1 -2 3 2
     1
    C 2 12  5 2  0 -2 3 2
     -s+mt^2
    C 2 12  4 2  0 -2 2 2
     1-1/2*d
    C 2 12  4 2  -1 -1 2 2
     -1
    C 2 12  4 1  0 -1 2 2
     -2*mt^2
;
  C 2 12  5 3  -1 -2 2 3
   1
    C 2 12  5 3  -1 -2 3 2
     1
    C 2 12  5 2  0 -2 3 2
     -s+2*mt^2
    C 2 12  4 2  0 -2 2 2
     -1
    C 2 12  4 2  0 -2 3 1
     -1
    C 2 12  4 2  -1 -1 2 2
     -1
    C 2 12  4 1  0 -1 2 2
     -mt^2-t
    C 2 12  3 1  0 -1 2 1
     1
;
  C 2 12  5 3  -1 -2 2 3
   1
    C 2 12  5 3  -1 -2 3 2
     1/2*s*mt^(-2)
    C 2 12  5 3  -2 -1 2 3
     -1/2*(mt^2+t)*mt^(-2)
    C 2 12  5 2  -1 -1 2 3
     mt^2-t
    C 2 12  5 2  -1 -1 3 2
     s
    C 2 12  4 2  -1 -1 2 2
     -3/4*mt^(-2)*(mt^2-t)
    C 2 12  4 2  -1 -1 3 1
     -1/2*s*mt^(-2)
    C 2 12  4 2  -2 0 2 2
     1/4*mt^(-2)*(mt^2-t)
;
  C 2 12  5 3  -1 -2 2 3
   1
    C 2 12  5 3  -1 -2 3 2
     2
    C 2 12  5 3  -2 -1 2 3
     -s^(-1)*(s-mt^2+t)
    C 2 12  5 3  -2 -1 3 2
     -1
    C 2 12  5 2  -1 -1 2 3
     -(s*t+mt^2*t-mt^4-s*mt^2)*s^(-1)
    C 2 12  5 2  -1 -1 3 2
     s+mt^2
    C 2 12  4 2  -1 -1 1 3
     -s^(-1)*(mt^2-t)
    C 2 12  4 2  -1 -1 2 2
     -3/2
    C 2 12  4 2  -2 0 2 2
     1/2
;
  C 2 12  5 3  -1 -2 2 3
   1
    C 2 12  5 3  -1 -2 3 2
     1/2*s*mt^(-2)
    C 2 12  5 3  -2 -1 2 3
     -1/2*(s-mt^2+t)*mt^(-2)
    C 2 12  5 3  -2 -1 3 2
     -1/2*s*mt^(-2)
    C 2 12  5 2  -1 -1 2 3
     2*mt^2-t
    C 2 12  5 2  -1 -1 3 2
     1/2*(s^2-s*mt^2)*mt^(-2)
    C 2 12  4 2  -1 -1 1 3
     -1
    C 2 12  4 2  -1 -1 2 2
     -3/4*mt^(-2)*(mt^2-t)
    C 2 12  4 2  -1 -1 3 1
     1/2*s*mt^(-2)
    C 2 12  4 2  -2 0 2 2
     1/4*s*mt^(-2)
    C 2 12  4 1  -1 0 2 2
     1/4*mt^(-2)*(s*t+mt^2*t-mt^4+s*mt^2)
    C 2 12  3 1  -1 0 1 2
     1/4*mt^(-2)*(mt^2-t)
    C 2 12  3 1  -1 0 2 1
     -1/4*s*mt^(-2)
;
  C 2 12  5 3  -1 -2 2 3
   1
    C 2 12  5 3  -1 -2 3 2
     1
    C 2 12  5 3  -2 -1 2 3
     -1
    C 2 12  5 3  -2 -1 3 2
     -1
    C 2 12  5 2  -1 -1 2 3
     mt^2-t
    C 2 12  5 2  -1 -1 3 2
     s
    C 2 12  4 2  0 -2 2 2
     -1/2
    C 2 12  4 2  -2 0 2 2
     1/2
;
  C 2 12  5 3  -1 -2 1 4
   1
    C 2 12  5 3  -1 -2 2 3
     1/3
    C 2 12  5 2  -1 -1 1 4
     2*mt^2-t
    C 2 12  5 2  -1 -1 2 3
     1/3*mt^2
    C 2 12  4 2  0 -2 1 3
     -1/3
    C 2 12  4 2  -1 -1 1 3
     -2/3
    C 2 12  4 1  0 -1 1 3
     -1/3*s-1/3*mt^2
    C 2 12  4 1  -1 0 1 3
     -1/3*mt^2
;
  C 2 12  5 3  -1 -2 1 4
   1
    C 2 12  5 3  -1 -2 2 3
     1/3
    C 2 12  5 2  0 -2 2 3
     -1/3*s+1/3*mt^2
    C 2 12  4 2  0 -2 1 3
     2/3-1/3*d
    C 2 12  4 2  -1 -1 1 3
     -2/3
    C 2 12  4 1  0 -1 1 3
     -4/3*mt^2
;
  C 2 12  5 3  -1 -2 1 4
   1
    C 2 12  5 3  -1 -2 2 3
     1/3
    C 2 12  5 2  0 -2 2 3
     -1/3*s+2/3*mt^2
    C 2 12  4 2  0 -2 1 3
     -1
    C 2 12  4 2  0 -2 2 2
     -1/3
    C 2 12  4 2  -1 -1 1 3
     -2/3
    C 2 12  4 1  0 -1 1 3
     -2/3*mt^2-2/3*t
    C 2 12  3 1  0 -1 1 2
     2/3
;
  C 2 12  5 3  -1 -2 1 4
   1
    C 2 12  5 3  -1 -2 2 3
     1/6*s*mt^(-2)
    C 2 12  5 3  -2 -1 1 4
     -1/2*(mt^2+t)*mt^(-2)
    C 2 12  5 2  -1 -1 1 4
     mt^2-t
    C 2 12  5 2  -1 -1 2 3
     1/3*s
    C 2 12  4 2  -1 -1 1 3
     -2/3*mt^(-2)*(mt^2-t)
    C 2 12  4 2  -1 -1 2 2
     -1/6*s*mt^(-2)
    C 2 12  4 2  -2 0 1 3
     1/6*mt^(-2)*(mt^2-t)
;
  C 2 12  5 3  -1 -2 1 4
   1
    C 2 12  5 3  -1 -2 2 3
     2/3
    C 2 12  5 3  -2 -1 1 4
     -s^(-1)*(s-mt^2+t)
    C 2 12  5 3  -2 -1 2 3
     -1/3
    C 2 12  5 2  -1 -1 1 4
     -(s*t+mt^2*t-mt^4-s*mt^2)*s^(-1)
    C 2 12  5 2  -1 -1 2 3
     1/3*s+1/3*mt^2
    C 2 12  4 2  -1 -1 1 3
     -2/3
    C 2 12  4 2  -2 0 1 3
     1/3
;
  C 2 12  5 3  -1 -2 1 4
   1
    C 2 12  5 3  -1 -2 2 3
     1/6*s*mt^(-2)
    C 2 12  5 3  -2 -1 1 4
     -1/2*(s-mt^2+t)*mt^(-2)
    C 2 12  5 3  -2 -1 2 3
     -1/6*s*mt^(-2)
    C 2 12  5 2  -1 -1 1 4
     2*mt^2-t
    C 2 12  5 2  -1 -1 2 3
     1/6*(s^2-s*mt^2)*mt^(-2)
    C 2 12  4 2  -1 -1 1 3
     1/3*(s-2*mt^2+2*t)*mt^(-2)
    C 2 12  4 2  -1 -1 2 2
     1/6*s*mt^(-2)
    C 2 12  4 2  -2 0 1 3
     1/6*s*mt^(-2)
    C 2 12  4 1  -1 0 1 3
     1/6*mt^(-2)*(s*t+mt^2*t-mt^4+s*mt^2)
    C 2 12  3 1  -1 0 1 2
     -1/6*s*mt^(-2)
;
  C 2 12  5 3  -1 -2 1 4
   1
    C 2 12  5 3  -1 -2 2 3
     1/3
    C 2 12  5 3  -2 -1 1 4
     -1
    C 2 12  5 3  -2 -1 2 3
     -1/3
    C 2 12  5 2  -1 -1 1 4
     mt^2-t
    C 2 12  5 2  -1 -1 2 3
     1/3*s
    C 2 12  4 2  0 -2 1 3
     -1/3
    C 2 12  4 2  -2 0 1 3
     1/3
;
  C 2 12  5 3  0 -3 3 2
   1
    C 2 12  5 3  0 -3 4 1
     3
    C 2 12  5 2  0 -2 3 2
     2*mt^2-t
    C 2 12  5 2  0 -2 4 1
     3*mt^2
    C 2 12  4 2  0 -2 2 2
     -1
    C 2 12  4 2  0 -2 3 1
     -5
    C 2 12  4 1  0 -1 3 1
     -2*mt^2
    C 2 12  3 1  0 -1 2 1
     2
;
  C 2 12  5 3  0 -3 3 2
   1
    C 2 12  5 3  0 -3 4 1
     3/2*s*mt^(-2)
    C 2 12  5 3  -1 -2 3 2
     -1/2*(mt^2+t)*mt^(-2)
    C 2 12  5 2  0 -2 3 2
     mt^2-t
    C 2 12  5 2  0 -2 4 1
     3*s
    C 2 12  4 2  0 -2 3 1
     -3/2*mt^(-2)*(mt^2-t)
    C 2 12  4 2  -1 -1 3 1
     mt^(-2)*(mt^2-t)
;
  C 2 12  5 3  0 -3 3 2
   1
    C 2 12  5 3  0 -3 4 1
     3
    C 2 12  5 3  -1 -2 3 2
     -1
    C 2 12  5 3  -1 -2 4 1
     -3
    C 2 12  5 2  0 -2 3 2
     mt^2-t
    C 2 12  5 2  0 -2 4 1
     3*s
    C 2 12  4 2  0 -2 3 1
     -2
    C 2 12  4 2  -1 -1 3 1
     2
;
  C 2 12  5 3  0 -3 3 2
   1
    C 2 12  5 3  0 -3 4 1
     6
    C 2 12  5 3  -1 -2 3 2
     -s^(-1)*(s-mt^2+t)
    C 2 12  5 3  -1 -2 4 1
     -3
    C 2 12  5 2  0 -2 3 2
     -(s*t+mt^2*t-mt^4-s*mt^2)*s^(-1)
    C 2 12  5 2  0 -2 4 1
     3*s+3*mt^2
    C 2 12  4 2  0 -2 2 2
     -s^(-1)*(mt^2-t)
    C 2 12  4 2  0 -2 3 1
     -5
    C 2 12  4 2  -1 -1 3 1
     2
;
  C 2 12  5 3  0 -3 3 2
   1
    C 2 12  5 3  0 -3 4 1
     3/2*s*mt^(-2)
    C 2 12  5 3  -1 -2 3 2
     -1/2*(s-mt^2+t)*mt^(-2)
    C 2 12  5 3  -1 -2 4 1
     -3/2*s*mt^(-2)
    C 2 12  5 2  0 -2 3 2
     2*mt^2-t
    C 2 12  5 2  0 -2 4 1
     3/2*(s^2-s*mt^2)*mt^(-2)
    C 2 12  4 2  0 -2 2 2
     -1
    C 2 12  4 2  0 -2 3 1
     -1/2*(2*s+3*mt^2-3*t)*mt^(-2)
    C 2 12  4 2  -1 -1 3 1
     s*mt^(-2)
    C 2 12  4 1  0 -1 3 1
     mt^(-2)*(s*t+mt^2*t-mt^4+s*mt^2)
    C 2 12  3 1  0 -1 2 1
     mt^(-2)*(mt^2-t)
;
  C 2 12  5 3  0 -3 2 3
   1
    C 2 12  5 3  0 -3 3 2
     1
    C 2 12  5 2  0 -2 2 3
     2*mt^2-t
    C 2 12  5 2  0 -2 3 2
     mt^2
    C 2 12  4 2  0 -2 1 3
     -1
    C 2 12  4 2  0 -2 2 2
     -2
    C 2 12  4 1  0 -1 2 2
     -mt^2
    C 2 12  3 1  0 -1 1 2
     1
;
  C 2 12  5 3  0 -3 2 3
   1
    C 2 12  5 3  0 -3 3 2
     1/2*s*mt^(-2)
    C 2 12  5 3  -1 -2 2 3
     -1/2*(mt^2+t)*mt^(-2)
    C 2 12  5 2  0 -2 2 3
     mt^2-t
    C 2 12  5 2  0 -2 3 2
     s
    C 2 12  4 2  0 -2 2 2
     -mt^(-2)*(mt^2-t)
    C 2 12  4 2  0 -2 3 1
     -1/2*s*mt^(-2)
    C 2 12  4 2  -1 -1 2 2
     1/2*mt^(-2)*(mt^2-t)
;
  C 2 12  5 3  0 -3 2 3
   1
    C 2 12  5 3  0 -3 3 2
     1
    C 2 12  5 3  -1 -2 2 3
     -1
    C 2 12  5 3  -1 -2 3 2
     -1
    C 2 12  5 2  0 -2 2 3
     mt^2-t
    C 2 12  5 2  0 -2 3 2
     s
    C 2 12  4 2  0 -2 2 2
     -1
    C 2 12  4 2  -1 -1 2 2
     1
;
  C 2 12  5 3  0 -3 2 3
   1
    C 2 12  5 3  0 -3 3 2
     2
    C 2 12  5 3  -1 -2 2 3
     -s^(-1)*(s-mt^2+t)
    C 2 12  5 3  -1 -2 3 2
     -1
    C 2 12  5 2  0 -2 2 3
     -(s*t+mt^2*t-mt^4-s*mt^2)*s^(-1)
    C 2 12  5 2  0 -2 3 2
     s+mt^2
    C 2 12  4 2  0 -2 1 3
     -s^(-1)*(mt^2-t)
    C 2 12  4 2  0 -2 2 2
     -2
    C 2 12  4 2  -1 -1 2 2
     1
;
  C 2 12  5 3  0 -3 2 3
   1
    C 2 12  5 3  0 -3 3 2
     1/2*s*mt^(-2)
    C 2 12  5 3  -1 -2 2 3
     -1/2*(s-mt^2+t)*mt^(-2)
    C 2 12  5 3  -1 -2 3 2
     -1/2*s*mt^(-2)
    C 2 12  5 2  0 -2 2 3
     2*mt^2-t
    C 2 12  5 2  0 -2 3 2
     1/2*(s^2-s*mt^2)*mt^(-2)
    C 2 12  4 2  0 -2 1 3
     -1
    C 2 12  4 2  0 -2 2 2
     -mt^(-2)*(mt^2-t)
    C 2 12  4 2  0 -2 3 1
     1/2*s*mt^(-2)
    C 2 12  4 2  -1 -1 2 2
     1/2*s*mt^(-2)
    C 2 12  4 1  0 -1 2 2
     1/2*mt^(-2)*(s*t+mt^2*t-mt^4+s*mt^2)
    C 2 12  3 1  0 -1 1 2
     1/2*mt^(-2)*(mt^2-t)
    C 2 12  3 1  0 -1 2 1
     -1/2*s*mt^(-2)
;
  C 2 12  5 3  0 -3 1 4
   1
    C 2 12  5 3  0 -3 2 3
     1/3
    C 2 12  5 2  0 -2 1 4
     2*mt^2-t
    C 2 12  5 2  0 -2 2 3
     1/3*mt^2
    C 2 12  4 2  0 -2 1 3
     -1
    C 2 12  4 1  0 -1 1 3
     -2/3*mt^2
;
  C 2 12  5 3  0 -3 1 4
   1
    C 2 12  5 3  0 -3 2 3
     1/6*s*mt^(-2)
    C 2 12  5 3  -1 -2 1 4
     -1/2*(mt^2+t)*mt^(-2)
    C 2 12  5 2  0 -2 1 4
     mt^2-t
    C 2 12  5 2  0 -2 2 3
     1/3*s
    C 2 12  4 2  0 -2 1 3
     -5/6*mt^(-2)*(mt^2-t)
    C 2 12  4 2  0 -2 2 2
     -1/6*s*mt^(-2)
    C 2 12  4 2  -1 -1 1 3
     1/3*mt^(-2)*(mt^2-t)
;
  C 2 12  5 3  0 -3 1 4
   1
    C 2 12  5 3  0 -3 2 3
     1/3
    C 2 12  5 3  -1 -2 1 4
     -1
    C 2 12  5 3  -1 -2 2 3
     -1/3
    C 2 12  5 2  0 -2 1 4
     mt^2-t
    C 2 12  5 2  0 -2 2 3
     1/3*s
    C 2 12  4 2  0 -2 1 3
     -2/3
    C 2 12  4 2  -1 -1 1 3
     2/3
;
  C 2 12  5 3  0 -3 1 4
   1
    C 2 12  5 3  0 -3 2 3
     2/3
    C 2 12  5 3  -1 -2 1 4
     -s^(-1)*(s-mt^2+t)
    C 2 12  5 3  -1 -2 2 3
     -1/3
    C 2 12  5 2  0 -2 1 4
     -(s*t+mt^2*t-mt^4-s*mt^2)*s^(-1)
    C 2 12  5 2  0 -2 2 3
     1/3*s+1/3*mt^2
    C 2 12  4 2  0 -2 1 3
     -1
    C 2 12  4 2  -1 -1 1 3
     2/3
;
  C 2 12  5 3  0 -3 1 4
   1
    C 2 12  5 3  0 -3 2 3
     1/6*s*mt^(-2)
    C 2 12  5 3  -1 -2 1 4
     -1/2*(s-mt^2+t)*mt^(-2)
    C 2 12  5 3  -1 -2 2 3
     -1/6*s*mt^(-2)
    C 2 12  5 2  0 -2 1 4
     2*mt^2-t
    C 2 12  5 2  0 -2 2 3
     1/6*(s^2-s*mt^2)*mt^(-2)
    C 2 12  4 2  0 -2 1 3
     1/6*(2*s-5*mt^2+5*t)*mt^(-2)
    C 2 12  4 2  0 -2 2 2
     1/6*s*mt^(-2)
    C 2 12  4 2  -1 -1 1 3
     1/3*s*mt^(-2)
    C 2 12  4 1  0 -1 1 3
     1/3*mt^(-2)*(s*t+mt^2*t-mt^4+s*mt^2)
    C 2 12  3 1  0 -1 1 2
     -1/3*s*mt^(-2)
;
  C 2 12  5 4  -4 0 3 2
   1
    C 2 12  5 4  -4 0 4 1
     3
    C 2 12  5 3  -3 0 4 1
     -3*s+3*mt^2
    C 2 12  4 3  -3 0 3 1
     -2-d
    C 2 12  4 2  -2 0 3 1
     -6*mt^2
;
  C 2 12  5 4  -4 0 3 2
   1
    C 2 12  5 4  -4 0 4 1
     3
    C 2 12  5 3  -3 0 4 1
     -3*s+6*mt^2
    C 2 12  4 3  -3 0 3 1
     -4
    C 2 12  4 2  -2 0 3 1
     -6*mt^2
;
  C 2 12  5 4  -4 0 2 3
   1
    C 2 12  5 4  -4 0 3 2
     1
    C 2 12  5 3  -3 0 3 2
     -s+mt^2
    C 2 12  4 3  -3 0 2 2
     -1-1/2*d
    C 2 12  4 2  -2 0 2 2
     -3*mt^2
;
  C 2 12  5 4  -4 0 2 3
   1
    C 2 12  5 4  -4 0 3 2
     1
    C 2 12  5 3  -3 0 3 2
     -s+2*mt^2
    C 2 12  4 3  -3 0 2 2
     -5/2
    C 2 12  4 3  -3 0 3 1
     -1
    C 2 12  4 2  -2 0 2 2
     -3*mt^2
    C 2 12  3 2  -2 0 2 1
     3/2
;
  C 2 12  5 4  -4 0 1 4
   1
    C 2 12  5 4  -4 0 2 3
     1/3
    C 2 12  5 3  -3 0 2 3
     -1/3*s+1/3*mt^2
    C 2 12  4 3  -3 0 1 3
     -2/3-1/3*d
    C 2 12  4 2  -2 0 1 3
     -2*mt^2
;
  C 2 12  5 4  -4 0 1 4
   1
    C 2 12  5 4  -4 0 2 3
     1/3
    C 2 12  5 3  -3 0 2 3
     -1/3*s+2/3*mt^2
    C 2 12  4 3  -3 0 1 3
     -2
    C 2 12  4 3  -3 0 2 2
     -1/3
    C 2 12  4 2  -2 0 1 3
     -2*mt^2
    C 2 12  3 2  -2 0 1 2
     1
;
  C 2 12  5 4  -3 -1 3 2
   1
    C 2 12  5 4  -3 -1 4 1
     3
    C 2 12  5 3  -3 0 3 2
     2*mt^2-t
    C 2 12  5 3  -3 0 4 1
     3*mt^2
    C 2 12  4 3  -2 -1 3 1
     -3
    C 2 12  4 3  -3 0 2 2
     -1
    C 2 12  4 3  -3 0 3 1
     -3
    C 2 12  4 2  -2 0 3 1
     -3*s-3*mt^2
    C 2 12  3 2  -2 0 2 1
     3
;
  C 2 12  5 4  -3 -1 3 2
   1
    C 2 12  5 4  -3 -1 4 1
     3
    C 2 12  5 3  -2 -1 4 1
     -3*s+3*mt^2
    C 2 12  4 3  -2 -1 3 1
     -1-d
    C 2 12  4 3  -3 0 3 1
     -1
    C 2 12  4 2  -1 -1 3 1
     -4*mt^2
    C 2 12  4 2  -2 0 3 1
     -2*mt^2
;
  C 2 12  5 4  -3 -1 3 2
   1
    C 2 12  5 4  -3 -1 4 1
     3
    C 2 12  5 3  -2 -1 4 1
     -3*s+6*mt^2
    C 2 12  4 3  -2 -1 3 1
     -3
    C 2 12  4 3  -3 0 3 1
     -1
    C 2 12  4 2  -1 -1 3 1
     -4*mt^2
    C 2 12  4 2  -2 0 3 1
     -mt^2-t
;
  C 2 12  5 4  -3 -1 3 2
   1
    C 2 12  5 4  -3 -1 4 1
     3/2*s*mt^(-2)
    C 2 12  5 4  -4 0 3 2
     -1/2*(mt^2+t)*mt^(-2)
    C 2 12  5 3  -3 0 3 2
     mt^2-t
    C 2 12  5 3  -3 0 4 1
     3*s
    C 2 12  4 3  -3 0 3 1
     -1/2*mt^(-2)*(mt^2-t)
;
  C 2 12  5 4  -3 -1 3 2
   1
    C 2 12  5 4  -3 -1 4 1
     3/2*s*mt^(-2)
    C 2 12  5 4  -4 0 3 2
     -1/2*(s-mt^2+t)*mt^(-2)
    C 2 12  5 4  -4 0 4 1
     -3/2*s*mt^(-2)
    C 2 12  5 3  -3 0 3 2
     2*mt^2-t
    C 2 12  5 3  -3 0 4 1
     3/2*(s^2-s*mt^2)*mt^(-2)
    C 2 12  4 3  -3 0 2 2
     -1
    C 2 12  4 3  -3 0 3 1
     -1/2*(2*s+mt^2-t)*mt^(-2)
;
  C 2 12  5 4  -3 -1 3 2
   1
    C 2 12  5 4  -3 -1 4 1
     6
    C 2 12  5 4  -4 0 3 2
     -s^(-1)*(s-mt^2+t)
    C 2 12  5 4  -4 0 4 1
     -3
    C 2 12  5 3  -3 0 3 2
     -(s*t+mt^2*t-mt^4-s*mt^2)*s^(-1)
    C 2 12  5 3  -3 0 4 1
     3*s+3*mt^2
    C 2 12  4 3  -3 0 2 2
     -s^(-1)*(mt^2-t)
    C 2 12  4 3  -3 0 3 1
     -3
;
  C 2 12  5 4  -3 -1 3 2
   1
    C 2 12  5 4  -3 -1 4 1
     3
    C 2 12  5 4  -4 0 3 2
     -1
    C 2 12  5 4  -4 0 4 1
     -3
    C 2 12  5 3  -3 0 3 2
     mt^2-t
    C 2 12  5 3  -3 0 4 1
     3*s
    C 2 12  4 3  -2 -1 3 1
     -3
    C 2 12  4 3  -3 0 3 1
     3
;
  C 2 12  5 4  -3 -1 2 3
   1
    C 2 12  5 4  -3 -1 3 2
     1
    C 2 12  5 3  -3 0 2 3
     2*mt^2-t
    C 2 12  5 3  -3 0 3 2
     mt^2
    C 2 12  4 3  -2 -1 2 2
     -3/2
    C 2 12  4 3  -3 0 1 3
     -1
    C 2 12  4 3  -3 0 2 2
     -1
    C 2 12  4 2  -2 0 2 2
     -3/2*s-3/2*mt^2
    C 2 12  3 2  -2 0 1 2
     3/2
;
  C 2 12  5 4  -3 -1 2 3
   1
    C 2 12  5 4  -3 -1 3 2
     1
    C 2 12  5 3  -2 -1 3 2
     -s+mt^2
    C 2 12  4 3  -2 -1 2 2
     -1/2-1/2*d
    C 2 12  4 3  -3 0 2 2
     -1/2
    C 2 12  4 2  -1 -1 2 2
     -2*mt^2
    C 2 12  4 2  -2 0 2 2
     -mt^2
;
  C 2 12  5 4  -3 -1 2 3
   1
    C 2 12  5 4  -3 -1 3 2
     1
    C 2 12  5 3  -2 -1 3 2
     -s+2*mt^2
    C 2 12  4 3  -2 -1 2 2
     -2
    C 2 12  4 3  -2 -1 3 1
     -1
    C 2 12  4 3  -3 0 2 2
     -1/2
    C 2 12  4 2  -1 -1 2 2
     -2*mt^2
    C 2 12  4 2  -2 0 2 2
     -1/2*mt^2-1/2*t
    C 2 12  3 2  -1 -1 2 1
     1
    C 2 12  3 2  -2 0 2 1
     1/2
;
  C 2 12  5 4  -3 -1 2 3
   1
    C 2 12  5 4  -3 -1 3 2
     1/2*s*mt^(-2)
    C 2 12  5 4  -4 0 2 3
     -1/2*(mt^2+t)*mt^(-2)
    C 2 12  5 3  -3 0 2 3
     mt^2-t
    C 2 12  5 3  -3 0 3 2
     s
    C 2 12  4 3  -3 0 2 2
     -1/2*mt^(-2)*(mt^2-t)
    C 2 12  4 3  -3 0 3 1
     -1/2*s*mt^(-2)
;
  C 2 12  5 4  -3 -1 2 3
   1
    C 2 12  5 4  -3 -1 3 2
     2
    C 2 12  5 4  -4 0 2 3
     -s^(-1)*(s-mt^2+t)
    C 2 12  5 4  -4 0 3 2
     -1
    C 2 12  5 3  -3 0 2 3
     -(s*t+mt^2*t-mt^4-s*mt^2)*s^(-1)
    C 2 12  5 3  -3 0 3 2
     s+mt^2
    C 2 12  4 3  -3 0 1 3
     -s^(-1)*(mt^2-t)
    C 2 12  4 3  -3 0 2 2
     -1
;
  C 2 12  5 4  -3 -1 2 3
   1
    C 2 12  5 4  -3 -1 3 2
     1/2*s*mt^(-2)
    C 2 12  5 4  -4 0 2 3
     -1/2*(s-mt^2+t)*mt^(-2)
    C 2 12  5 4  -4 0 3 2
     -1/2*s*mt^(-2)
    C 2 12  5 3  -3 0 2 3
     2*mt^2-t
    C 2 12  5 3  -3 0 3 2
     1/2*(s^2-s*mt^2)*mt^(-2)
    C 2 12  4 3  -3 0 1 3
     -1
    C 2 12  4 3  -3 0 2 2
     -1/2*mt^(-2)*(mt^2-t)
    C 2 12  4 3  -3 0 3 1
     1/2*s*mt^(-2)
;
  C 2 12  5 4  -3 -1 2 3
   1
    C 2 12  5 4  -3 -1 3 2
     1
    C 2 12  5 4  -4 0 2 3
     -1
    C 2 12  5 4  -4 0 3 2
     -1
    C 2 12  5 3  -3 0 2 3
     mt^2-t
    C 2 12  5 3  -3 0 3 2
     s
    C 2 12  4 3  -2 -1 2 2
     -3/2
    C 2 12  4 3  -3 0 2 2
     3/2
;
  C 2 12  5 4  -3 -1 1 4
   1
    C 2 12  5 4  -3 -1 2 3
     1/3
    C 2 12  5 3  -3 0 1 4
     2*mt^2-t
    C 2 12  5 3  -3 0 2 3
     1/3*mt^2
    C 2 12  4 3  -2 -1 1 3
     -1
    C 2 12  4 3  -3 0 1 3
     -1/3
    C 2 12  4 2  -2 0 1 3
     -s-mt^2
;
  C 2 12  5 4  -3 -1 1 4
   1
    C 2 12  5 4  -3 -1 2 3
     1/3
    C 2 12  5 3  -2 -1 2 3
     -1/3*s+1/3*mt^2
    C 2 12  4 3  -2 -1 1 3
     -1/3-1/3*d
    C 2 12  4 3  -3 0 1 3
     -1/3
    C 2 12  4 2  -1 -1 1 3
     -4/3*mt^2
    C 2 12  4 2  -2 0 1 3
     -2/3*mt^2
;
  C 2 12  5 4  -3 -1 1 4
   1
    C 2 12  5 4  -3 -1 2 3
     1/3
    C 2 12  5 3  -2 -1 2 3
     -1/3*s+2/3*mt^2
    C 2 12  4 3  -2 -1 1 3
     -5/3
    C 2 12  4 3  -2 -1 2 2
     -1/3
    C 2 12  4 3  -3 0 1 3
     -1/3
    C 2 12  4 2  -1 -1 1 3
     -4/3*mt^2
    C 2 12  4 2  -2 0 1 3
     -1/3*mt^2-1/3*t
    C 2 12  3 2  -1 -1 1 2
     2/3
    C 2 12  3 2  -2 0 1 2
     1/3
;
  C 2 12  5 4  -3 -1 1 4
   1
    C 2 12  5 4  -3 -1 2 3
     1/6*s*mt^(-2)
    C 2 12  5 4  -4 0 1 4
     -1/2*(mt^2+t)*mt^(-2)
    C 2 12  5 3  -3 0 1 4
     mt^2-t
    C 2 12  5 3  -3 0 2 3
     1/3*s
    C 2 12  4 3  -3 0 1 3
     -1/2*mt^(-2)*(mt^2-t)
    C 2 12  4 3  -3 0 2 2
     -1/6*s*mt^(-2)
;
  C 2 12  5 4  -3 -1 1 4
   1
    C 2 12  5 4  -3 -1 2 3
     2/3
    C 2 12  5 4  -4 0 1 4
     -s^(-1)*(s-mt^2+t)
    C 2 12  5 4  -4 0 2 3
     -1/3
    C 2 12  5 3  -3 0 1 4
     -(s*t+mt^2*t-mt^4-s*mt^2)*s^(-1)
    C 2 12  5 3  -3 0 2 3
     1/3*s+1/3*mt^2
    C 2 12  4 3  -3 0 1 3
     -1/3
;
  C 2 12  5 4  -3 -1 1 4
   1
    C 2 12  5 4  -3 -1 2 3
     1/6*s*mt^(-2)
    C 2 12  5 4  -4 0 1 4
     -1/2*(s-mt^2+t)*mt^(-2)
    C 2 12  5 4  -4 0 2 3
     -1/6*s*mt^(-2)
    C 2 12  5 3  -3 0 1 4
     2*mt^2-t
    C 2 12  5 3  -3 0 2 3
     1/6*(s^2-s*mt^2)*mt^(-2)
    C 2 12  4 3  -3 0 1 3
     1/6*(2*s-3*mt^2+3*t)*mt^(-2)
    C 2 12  4 3  -3 0 2 2
     1/6*s*mt^(-2)
;
  C 2 12  5 4  -3 -1 1 4
   1
    C 2 12  5 4  -3 -1 2 3
     1/3
    C 2 12  5 4  -4 0 1 4
     -1
    C 2 12  5 4  -4 0 2 3
     -1/3
    C 2 12  5 3  -3 0 1 4
     mt^2-t
    C 2 12  5 3  -3 0 2 3
     1/3*s
    C 2 12  4 3  -2 -1 1 3
     -1
    C 2 12  4 3  -3 0 1 3
     1
;
  C 2 12  5 4  -2 -2 3 2
   1
    C 2 12  5 4  -2 -2 4 1
     3
    C 2 12  5 3  -2 -1 3 2
     2*mt^2-t
    C 2 12  5 3  -2 -1 4 1
     3*mt^2
    C 2 12  4 3  -1 -2 3 1
     -2
    C 2 12  4 3  -2 -1 2 2
     -1
    C 2 12  4 3  -2 -1 3 1
     -4
    C 2 12  4 2  -1 -1 3 1
     -2*s-2*mt^2
    C 2 12  4 2  -2 0 3 1
     -mt^2
    C 2 12  3 2  -1 -1 2 1
     2
    C 2 12  3 2  -2 0 2 1
     1
;
  C 2 12  5 4  -2 -2 3 2
   1
    C 2 12  5 4  -2 -2 4 1
     3
    C 2 12  5 3  -1 -2 4 1
     -3*s+3*mt^2
    C 2 12  4 3  -1 -2 3 1
     -d
    C 2 12  4 3  -2 -1 3 1
     -2
    C 2 12  4 2  0 -2 3 1
     -2*mt^2
    C 2 12  4 2  -1 -1 3 1
     -4*mt^2
;
  C 2 12  5 4  -2 -2 3 2
   1
    C 2 12  5 4  -2 -2 4 1
     3
    C 2 12  5 3  -1 -2 4 1
     -3*s+6*mt^2
    C 2 12  4 3  -1 -2 3 1
     -2
    C 2 12  4 3  -2 -1 3 1
     -2
    C 2 12  4 2  0 -2 3 1
     -2*mt^2
    C 2 12  4 2  -1 -1 3 1
     -2*mt^2-2*t
;
  C 2 12  5 4  -2 -2 3 2
   1
    C 2 12  5 4  -2 -2 4 1
     3/2*s*mt^(-2)
    C 2 12  5 4  -3 -1 3 2
     -1/2*(mt^2+t)*mt^(-2)
    C 2 12  5 3  -2 -1 3 2
     mt^2-t
    C 2 12  5 3  -2 -1 4 1
     3*s
    C 2 12  4 3  -2 -1 3 1
     -mt^(-2)*(mt^2-t)
    C 2 12  4 3  -3 0 3 1
     1/2*mt^(-2)*(mt^2-t)
;
  C 2 12  5 4  -2 -2 3 2
   1
    C 2 12  5 4  -2 -2 4 1
     6
    C 2 12  5 4  -3 -1 3 2
     -s^(-1)*(s-mt^2+t)
    C 2 12  5 4  -3 -1 4 1
     -3
    C 2 12  5 3  -2 -1 3 2
     -(s*t+mt^2*t-mt^4-s*mt^2)*s^(-1)
    C 2 12  5 3  -2 -1 4 1
     3*s+3*mt^2
    C 2 12  4 3  -2 -1 2 2
     -s^(-1)*(mt^2-t)
    C 2 12  4 3  -2 -1 3 1
     -4
    C 2 12  4 3  -3 0 3 1
     1
;
  C 2 12  5 4  -2 -2 3 2
   1
    C 2 12  5 4  -2 -2 4 1
     3/2*s*mt^(-2)
    C 2 12  5 4  -3 -1 3 2
     -1/2*(s-mt^2+t)*mt^(-2)
    C 2 12  5 4  -3 -1 4 1
     -3/2*s*mt^(-2)
    C 2 12  5 3  -2 -1 3 2
     2*mt^2-t
    C 2 12  5 3  -2 -1 4 1
     3/2*(s^2-s*mt^2)*mt^(-2)
    C 2 12  4 3  -2 -1 2 2
     -1
    C 2 12  4 3  -2 -1 3 1
     -mt^(-2)*(s+mt^2-t)
    C 2 12  4 3  -3 0 3 1
     1/2*s*mt^(-2)
    C 2 12  4 2  -2 0 3 1
     1/2*mt^(-2)*(s*t+mt^2*t-mt^4+s*mt^2)
    C 2 12  3 2  -2 0 2 1
     1/2*mt^(-2)*(mt^2-t)
;
  C 2 12  5 4  -2 -2 3 2
   1
    C 2 12  5 4  -2 -2 4 1
     3
    C 2 12  5 4  -3 -1 3 2
     -1
    C 2 12  5 4  -3 -1 4 1
     -3
    C 2 12  5 3  -2 -1 3 2
     mt^2-t
    C 2 12  5 3  -2 -1 4 1
     3*s
    C 2 12  4 3  -1 -2 3 1
     -2
    C 2 12  4 3  -2 -1 3 1
     1
    C 2 12  4 3  -3 0 3 1
     1
;
  C 2 12  5 4  -2 -2 2 3
   1
    C 2 12  5 4  -2 -2 3 2
     1
    C 2 12  5 3  -2 -1 2 3
     2*mt^2-t
    C 2 12  5 3  -2 -1 3 2
     mt^2
    C 2 12  4 3  -1 -2 2 2
     -1
    C 2 12  4 3  -2 -1 1 3
     -1
    C 2 12  4 3  -2 -1 2 2
     -3/2
    C 2 12  4 2  -1 -1 2 2
     -s-mt^2
    C 2 12  4 2  -2 0 2 2
     -1/2*mt^2
    C 2 12  3 2  -1 -1 1 2
     1
    C 2 12  3 2  -2 0 1 2
     1/2
;
  C 2 12  5 4  -2 -2 2 3
   1
    C 2 12  5 4  -2 -2 3 2
     1
    C 2 12  5 3  -1 -2 3 2
     -s+mt^2
    C 2 12  4 3  -1 -2 2 2
     -1/2*d
    C 2 12  4 3  -2 -1 2 2
     -1
    C 2 12  4 2  0 -2 2 2
     -mt^2
    C 2 12  4 2  -1 -1 2 2
     -2*mt^2
;
  C 2 12  5 4  -2 -2 2 3
   1
    C 2 12  5 4  -2 -2 3 2
     1
    C 2 12  5 3  -1 -2 3 2
     -s+2*mt^2
    C 2 12  4 3  -1 -2 2 2
     -3/2
    C 2 12  4 3  -1 -2 3 1
     -1
    C 2 12  4 3  -2 -1 2 2
     -1
    C 2 12  4 2  0 -2 2 2
     -mt^2
    C 2 12  4 2  -1 -1 2 2
     -mt^2-t
    C 2 12  3 2  0 -2 2 1
     1/2
    C 2 12  3 2  -1 -1 2 1
     1
;
  C 2 12  5 4  -2 -2 2 3
   1
    C 2 12  5 4  -2 -2 3 2
     1/2*s*mt^(-2)
    C 2 12  5 4  -3 -1 2 3
     -1/2*(mt^2+t)*mt^(-2)
    C 2 12  5 3  -2 -1 2 3
     mt^2-t
    C 2 12  5 3  -2 -1 3 2
     s
    C 2 12  4 3  -2 -1 2 2
     -3/4*mt^(-2)*(mt^2-t)
    C 2 12  4 3  -2 -1 3 1
     -1/2*s*mt^(-2)
    C 2 12  4 3  -3 0 2 2
     1/4*mt^(-2)*(mt^2-t)
;
  C 2 12  5 4  -2 -2 2 3
   1
    C 2 12  5 4  -2 -2 3 2
     2
    C 2 12  5 4  -3 -1 2 3
     -s^(-1)*(s-mt^2+t)
    C 2 12  5 4  -3 -1 3 2
     -1
    C 2 12  5 3  -2 -1 2 3
     -(s*t+mt^2*t-mt^4-s*mt^2)*s^(-1)
    C 2 12  5 3  -2 -1 3 2
     s+mt^2
    C 2 12  4 3  -2 -1 1 3
     -s^(-1)*(mt^2-t)
    C 2 12  4 3  -2 -1 2 2
     -3/2
    C 2 12  4 3  -3 0 2 2
     1/2
;
  C 2 12  5 4  -2 -2 2 3
   1
    C 2 12  5 4  -2 -2 3 2
     1/2*s*mt^(-2)
    C 2 12  5 4  -3 -1 2 3
     -1/2*(s-mt^2+t)*mt^(-2)
    C 2 12  5 4  -3 -1 3 2
     -1/2*s*mt^(-2)
    C 2 12  5 3  -2 -1 2 3
     2*mt^2-t
    C 2 12  5 3  -2 -1 3 2
     1/2*(s^2-s*mt^2)*mt^(-2)
    C 2 12  4 3  -2 -1 1 3
     -1
    C 2 12  4 3  -2 -1 2 2
     -3/4*mt^(-2)*(mt^2-t)
    C 2 12  4 3  -2 -1 3 1
     1/2*s*mt^(-2)
    C 2 12  4 3  -3 0 2 2
     1/4*s*mt^(-2)
    C 2 12  4 2  -2 0 2 2
     1/4*mt^(-2)*(s*t+mt^2*t-mt^4+s*mt^2)
    C 2 12  3 2  -2 0 1 2
     1/4*mt^(-2)*(mt^2-t)
    C 2 12  3 2  -2 0 2 1
     -1/4*s*mt^(-2)
;
  C 2 12  5 4  -2 -2 2 3
   1
    C 2 12  5 4  -2 -2 3 2
     1
    C 2 12  5 4  -3 -1 2 3
     -1
    C 2 12  5 4  -3 -1 3 2
     -1
    C 2 12  5 3  -2 -1 2 3
     mt^2-t
    C 2 12  5 3  -2 -1 3 2
     s
    C 2 12  4 3  -1 -2 2 2
     -1
    C 2 12  4 3  -2 -1 2 2
     1/2
    C 2 12  4 3  -3 0 2 2
     1/2
;
  C 2 12  5 4  -2 -2 1 4
   1
    C 2 12  5 4  -2 -2 2 3
     1/3
    C 2 12  5 3  -2 -1 1 4
     2*mt^2-t
    C 2 12  5 3  -2 -1 2 3
     1/3*mt^2
    C 2 12  4 3  -1 -2 1 3
     -2/3
    C 2 12  4 3  -2 -1 1 3
     -2/3
    C 2 12  4 2  -1 -1 1 3
     -2/3*s-2/3*mt^2
    C 2 12  4 2  -2 0 1 3
     -1/3*mt^2
;
  C 2 12  5 4  -2 -2 1 4
   1
    C 2 12  5 4  -2 -2 2 3
     1/3
    C 2 12  5 3  -1 -2 2 3
     -1/3*s+1/3*mt^2
    C 2 12  4 3  -1 -2 1 3
     -1/3*d
    C 2 12  4 3  -2 -1 1 3
     -2/3
    C 2 12  4 2  0 -2 1 3
     -2/3*mt^2
    C 2 12  4 2  -1 -1 1 3
     -4/3*mt^2
;
  C 2 12  5 4  -2 -2 1 4
   1
    C 2 12  5 4  -2 -2 2 3
     1/3
    C 2 12  5 3  -1 -2 2 3
     -1/3*s+2/3*mt^2
    C 2 12  4 3  -1 -2 1 3
     -4/3
    C 2 12  4 3  -1 -2 2 2
     -1/3
    C 2 12  4 3  -2 -1 1 3
     -2/3
    C 2 12  4 2  0 -2 1 3
     -2/3*mt^2
    C 2 12  4 2  -1 -1 1 3
     -2/3*mt^2-2/3*t
    C 2 12  3 2  0 -2 1 2
     1/3
    C 2 12  3 2  -1 -1 1 2
     2/3
;
  C 2 12  5 4  -2 -2 1 4
   1
    C 2 12  5 4  -2 -2 2 3
     1/6*s*mt^(-2)
    C 2 12  5 4  -3 -1 1 4
     -1/2*(mt^2+t)*mt^(-2)
    C 2 12  5 3  -2 -1 1 4
     mt^2-t
    C 2 12  5 3  -2 -1 2 3
     1/3*s
    C 2 12  4 3  -2 -1 1 3
     -2/3*mt^(-2)*(mt^2-t)
    C 2 12  4 3  -2 -1 2 2
     -1/6*s*mt^(-2)
    C 2 12  4 3  -3 0 1 3
     1/6*mt^(-2)*(mt^2-t)
;
  C 2 12  5 4  -2 -2 1 4
   1
    C 2 12  5 4  -2 -2 2 3
     2/3
    C 2 12  5 4  -3 -1 1 4
     -s^(-1)*(s-mt^2+t)
    C 2 12  5 4  -3 -1 2 3
     -1/3
    C 2 12  5 3  -2 -1 1 4
     -(s*t+mt^2*t-mt^4-s*mt^2)*s^(-1)
    C 2 12  5 3  -2 -1 2 3
     1/3*s+1/3*mt^2
    C 2 12  4 3  -2 -1 1 3
     -2/3
    C 2 12  4 3  -3 0 1 3
     1/3
;
  C 2 12  5 4  -2 -2 1 4
   1
    C 2 12  5 4  -2 -2 2 3
     1/6*s*mt^(-2)
    C 2 12  5 4  -3 -1 1 4
     -1/2*(s-mt^2+t)*mt^(-2)
    C 2 12  5 4  -3 -1 2 3
     -1/6*s*mt^(-2)
    C 2 12  5 3  -2 -1 1 4
     2*mt^2-t
    C 2 12  5 3  -2 -1 2 3
     1/6*(s^2-s*mt^2)*mt^(-2)
    C 2 12  4 3  -2 -1 1 3
     1/3*(s-2*mt^2+2*t)*mt^(-2)
    C 2 12  4 3  -2 -1 2 2
     1/6*s*mt^(-2)
    C 2 12  4 3  -3 0 1 3
     1/6*s*mt^(-2)
    C 2 12  4 2  -2 0 1 3
     1/6*mt^(-2)*(s*t+mt^2*t-mt^4+s*mt^2)
    C 2 12  3 2  -2 0 1 2
     -1/6*s*mt^(-2)
;
  C 2 12  5 4  -2 -2 1 4
   1
    C 2 12  5 4  -2 -2 2 3
     1/3
    C 2 12  5 4  -3 -1 1 4
     -1
    C 2 12  5 4  -3 -1 2 3
     -1/3
    C 2 12  5 3  -2 -1 1 4
     mt^2-t
    C 2 12  5 3  -2 -1 2 3
     1/3*s
    C 2 12  4 3  -1 -2 1 3
     -2/3
    C 2 12  4 3  -2 -1 1 3
     1/3
    C 2 12  4 3  -3 0 1 3
     1/3
;
  C 2 12  5 4  -1 -3 3 2
   1
    C 2 12  5 4  -1 -3 4 1
     3
    C 2 12  5 3  -1 -2 3 2
     2*mt^2-t
    C 2 12  5 3  -1 -2 4 1
     3*mt^2
    C 2 12  4 3  0 -3 3 1
     -1
    C 2 12  4 3  -1 -2 2 2
     -1
    C 2 12  4 3  -1 -2 3 1
     -5
    C 2 12  4 2  0 -2 3 1
     -s-mt^2
    C 2 12  4 2  -1 -1 3 1
     -2*mt^2
    C 2 12  3 2  0 -2 2 1
     1
    C 2 12  3 2  -1 -1 2 1
     2
;
  C 2 12  5 4  -1 -3 3 2
   1
    C 2 12  5 4  -1 -3 4 1
     3
    C 2 12  5 3  0 -3 4 1
     -3*s+3*mt^2
    C 2 12  4 3  0 -3 3 1
     1-d
    C 2 12  4 3  -1 -2 3 1
     -3
    C 2 12  4 2  0 -2 3 1
     -6*mt^2
;
  C 2 12  5 4  -1 -3 3 2
   1
    C 2 12  5 4  -1 -3 4 1
     3
    C 2 12  5 3  0 -3 4 1
     -3*s+6*mt^2
    C 2 12  4 3  0 -3 3 1
     -1
    C 2 12  4 3  -1 -2 3 1
     -3
    C 2 12  4 2  0 -2 3 1
     -3*mt^2-3*t
;
  C 2 12  5 4  -1 -3 3 2
   1
    C 2 12  5 4  -1 -3 4 1
     3/2*s*mt^(-2)
    C 2 12  5 4  -2 -2 3 2
     -1/2*(mt^2+t)*mt^(-2)
    C 2 12  5 3  -1 -2 3 2
     mt^2-t
    C 2 12  5 3  -1 -2 4 1
     3*s
    C 2 12  4 3  -1 -2 3 1
     -3/2*mt^(-2)*(mt^2-t)
    C 2 12  4 3  -2 -1 3 1
     mt^(-2)*(mt^2-t)
;
  C 2 12  5 4  -1 -3 3 2
   1
    C 2 12  5 4  -1 -3 4 1
     6
    C 2 12  5 4  -2 -2 3 2
     -s^(-1)*(s-mt^2+t)
    C 2 12  5 4  -2 -2 4 1
     -3
    C 2 12  5 3  -1 -2 3 2
     -(s*t+mt^2*t-mt^4-s*mt^2)*s^(-1)
    C 2 12  5 3  -1 -2 4 1
     3*s+3*mt^2
    C 2 12  4 3  -1 -2 2 2
     -s^(-1)*(mt^2-t)
    C 2 12  4 3  -1 -2 3 1
     -5
    C 2 12  4 3  -2 -1 3 1
     2
;
  C 2 12  5 4  -1 -3 3 2
   1
    C 2 12  5 4  -1 -3 4 1
     3/2*s*mt^(-2)
    C 2 12  5 4  -2 -2 3 2
     -1/2*(s-mt^2+t)*mt^(-2)
    C 2 12  5 4  -2 -2 4 1
     -3/2*s*mt^(-2)
    C 2 12  5 3  -1 -2 3 2
     2*mt^2-t
    C 2 12  5 3  -1 -2 4 1
     3/2*(s^2-s*mt^2)*mt^(-2)
    C 2 12  4 3  -1 -2 2 2
     -1
    C 2 12  4 3  -1 -2 3 1
     -1/2*(2*s+3*mt^2-3*t)*mt^(-2)
    C 2 12  4 3  -2 -1 3 1
     s*mt^(-2)
    C 2 12  4 2  -1 -1 3 1
     mt^(-2)*(s*t+mt^2*t-mt^4+s*mt^2)
    C 2 12  3 2  -1 -1 2 1
     mt^(-2)*(mt^2-t)
;
  C 2 12  5 4  -1 -3 3 2
   1
    C 2 12  5 4  -1 -3 4 1
     3
    C 2 12  5 4  -2 -2 3 2
     -1
    C 2 12  5 4  -2 -2 4 1
     -3
    C 2 12  5 3  -1 -2 3 2
     mt^2-t
    C 2 12  5 3  -1 -2 4 1
     3*s
    C 2 12  4 3  0 -3 3 1
     -1
    C 2 12  4 3  -1 -2 3 1
     -1
    C 2 12  4 3  -2 -1 3 1
     2
;
  C 2 12  5 4  -1 -3 2 3
   1
    C 2 12  5 4  -1 -3 3 2
     1
    C 2 12  5 3  -1 -2 2 3
     2*mt^2-t
    C 2 12  5 3  -1 -2 3 2
     mt^2
    C 2 12  4 3  0 -3 2 2
     -1/2
    C 2 12  4 3  -1 -2 1 3
     -1
    C 2 12  4 3  -1 -2 2 2
     -2
    C 2 12  4 2  0 -2 2 2
     -1/2*s-1/2*mt^2
    C 2 12  4 2  -1 -1 2 2
     -mt^2
    C 2 12  3 2  0 -2 1 2
     1/2
    C 2 12  3 2  -1 -1 1 2
     1
;
  C 2 12  5 4  -1 -3 2 3
   1
    C 2 12  5 4  -1 -3 3 2
     1
    C 2 12  5 3  0 -3 3 2
     -s+mt^2
    C 2 12  4 3  0 -3 2 2
     1/2-1/2*d
    C 2 12  4 3  -1 -2 2 2
     -3/2
    C 2 12  4 2  0 -2 2 2
     -3*mt^2
;
  C 2 12  5 4  -1 -3 2 3
   1
    C 2 12  5 4  -1 -3 3 2
     1
    C 2 12  5 3  0 -3 3 2
     -s+2*mt^2
    C 2 12  4 3  0 -3 2 2
     -1
    C 2 12  4 3  0 -3 3 1
     -1
    C 2 12  4 3  -1 -2 2 2
     -3/2
    C 2 12  4 2  0 -2 2 2
     -3/2*mt^2-3/2*t
    C 2 12  3 2  0 -2 2 1
     3/2
;
  C 2 12  5 4  -1 -3 2 3
   1
    C 2 12  5 4  -1 -3 3 2
     1/2*s*mt^(-2)
    C 2 12  5 4  -2 -2 2 3
     -1/2*(mt^2+t)*mt^(-2)
    C 2 12  5 3  -1 -2 2 3
     mt^2-t
    C 2 12  5 3  -1 -2 3 2
     s
    C 2 12  4 3  -1 -2 2 2
     -mt^(-2)*(mt^2-t)
    C 2 12  4 3  -1 -2 3 1
     -1/2*s*mt^(-2)
    C 2 12  4 3  -2 -1 2 2
     1/2*mt^(-2)*(mt^2-t)
;
  C 2 12  5 4  -1 -3 2 3
   1
    C 2 12  5 4  -1 -3 3 2
     2
    C 2 12  5 4  -2 -2 2 3
     -s^(-1)*(s-mt^2+t)
    C 2 12  5 4  -2 -2 3 2
     -1
    C 2 12  5 3  -1 -2 2 3
     -(s*t+mt^2*t-mt^4-s*mt^2)*s^(-1)
    C 2 12  5 3  -1 -2 3 2
     s+mt^2
    C 2 12  4 3  -1 -2 1 3
     -s^(-1)*(mt^2-t)
    C 2 12  4 3  -1 -2 2 2
     -2
    C 2 12  4 3  -2 -1 2 2
     1
;
  C 2 12  5 4  -1 -3 2 3
   1
    C 2 12  5 4  -1 -3 3 2
     1/2*s*mt^(-2)
    C 2 12  5 4  -2 -2 2 3
     -1/2*(s-mt^2+t)*mt^(-2)
    C 2 12  5 4  -2 -2 3 2
     -1/2*s*mt^(-2)
    C 2 12  5 3  -1 -2 2 3
     2*mt^2-t
    C 2 12  5 3  -1 -2 3 2
     1/2*(s^2-s*mt^2)*mt^(-2)
    C 2 12  4 3  -1 -2 1 3
     -1
    C 2 12  4 3  -1 -2 2 2
     -mt^(-2)*(mt^2-t)
    C 2 12  4 3  -1 -2 3 1
     1/2*s*mt^(-2)
    C 2 12  4 3  -2 -1 2 2
     1/2*s*mt^(-2)
    C 2 12  4 2  -1 -1 2 2
     1/2*mt^(-2)*(s*t+mt^2*t-mt^4+s*mt^2)
    C 2 12  3 2  -1 -1 1 2
     1/2*mt^(-2)*(mt^2-t)
    C 2 12  3 2  -1 -1 2 1
     -1/2*s*mt^(-2)
;
  C 2 12  5 4  -1 -3 2 3
   1
    C 2 12  5 4  -1 -3 3 2
     1
    C 2 12  5 4  -2 -2 2 3
     -1
    C 2 12  5 4  -2 -2 3 2
     -1
    C 2 12  5 3  -1 -2 2 3
     mt^2-t
    C 2 12  5 3  -1 -2 3 2
     s
    C 2 12  4 3  0 -3 2 2
     -1/2
    C 2 12  4 3  -1 -2 2 2
     -1/2
    C 2 12  4 3  -2 -1 2 2
     1
;
  C 2 12  5 4  -1 -3 1 4
   1
    C 2 12  5 4  -1 -3 2 3
     1/3
    C 2 12  5 3  -1 -2 1 4
     2*mt^2-t
    C 2 12  5 3  -1 -2 2 3
     1/3*mt^2
    C 2 12  4 3  0 -3 1 3
     -1/3
    C 2 12  4 3  -1 -2 1 3
     -1
    C 2 12  4 2  0 -2 1 3
     -1/3*s-1/3*mt^2
    C 2 12  4 2  -1 -1 1 3
     -2/3*mt^2
;
  C 2 12  5 4  -1 -3 1 4
   1
    C 2 12  5 4  -1 -3 2 3
     1/3
    C 2 12  5 3  0 -3 2 3
     -1/3*s+1/3*mt^2
    C 2 12  4 3  0 -3 1 3
     1/3-1/3*d
    C 2 12  4 3  -1 -2 1 3
     -1
    C 2 12  4 2  0 -2 1 3
     -2*mt^2
;
  C 2 12  5 4  -1 -3 1 4
   1
    C 2 12  5 4  -1 -3 2 3
     1/3
    C 2 12  5 3  0 -3 2 3
     -1/3*s+2/3*mt^2
    C 2 12  4 3  0 -3 1 3
     -1
    C 2 12  4 3  0 -3 2 2
     -1/3
    C 2 12  4 3  -1 -2 1 3
     -1
    C 2 12  4 2  0 -2 1 3
     -mt^2-t
    C 2 12  3 2  0 -2 1 2
     1
;
  C 2 12  5 4  -1 -3 1 4
   1
    C 2 12  5 4  -1 -3 2 3
     1/6*s*mt^(-2)
    C 2 12  5 4  -2 -2 1 4
     -1/2*(mt^2+t)*mt^(-2)
    C 2 12  5 3  -1 -2 1 4
     mt^2-t
    C 2 12  5 3  -1 -2 2 3
     1/3*s
    C 2 12  4 3  -1 -2 1 3
     -5/6*mt^(-2)*(mt^2-t)
    C 2 12  4 3  -1 -2 2 2
     -1/6*s*mt^(-2)
    C 2 12  4 3  -2 -1 1 3
     1/3*mt^(-2)*(mt^2-t)
;
  C 2 12  5 4  -1 -3 1 4
   1
    C 2 12  5 4  -1 -3 2 3
     2/3
    C 2 12  5 4  -2 -2 1 4
     -s^(-1)*(s-mt^2+t)
    C 2 12  5 4  -2 -2 2 3
     -1/3
    C 2 12  5 3  -1 -2 1 4
     -(s*t+mt^2*t-mt^4-s*mt^2)*s^(-1)
    C 2 12  5 3  -1 -2 2 3
     1/3*s+1/3*mt^2
    C 2 12  4 3  -1 -2 1 3
     -1
    C 2 12  4 3  -2 -1 1 3
     2/3
;
  C 2 12  5 4  -1 -3 1 4
   1
    C 2 12  5 4  -1 -3 2 3
     1/6*s*mt^(-2)
    C 2 12  5 4  -2 -2 1 4
     -1/2*(s-mt^2+t)*mt^(-2)
    C 2 12  5 4  -2 -2 2 3
     -1/6*s*mt^(-2)
    C 2 12  5 3  -1 -2 1 4
     2*mt^2-t
    C 2 12  5 3  -1 -2 2 3
     1/6*(s^2-s*mt^2)*mt^(-2)
    C 2 12  4 3  -1 -2 1 3
     1/6*(2*s-5*mt^2+5*t)*mt^(-2)
    C 2 12  4 3  -1 -2 2 2
     1/6*s*mt^(-2)
    C 2 12  4 3  -2 -1 1 3
     1/3*s*mt^(-2)
    C 2 12  4 2  -1 -1 1 3
     1/3*mt^(-2)*(s*t+mt^2*t-mt^4+s*mt^2)
    C 2 12  3 2  -1 -1 1 2
     -1/3*s*mt^(-2)
;
  C 2 12  5 4  -1 -3 1 4
   1
    C 2 12  5 4  -1 -3 2 3
     1/3
    C 2 12  5 4  -2 -2 1 4
     -1
    C 2 12  5 4  -2 -2 2 3
     -1/3
    C 2 12  5 3  -1 -2 1 4
     mt^2-t
    C 2 12  5 3  -1 -2 2 3
     1/3*s
    C 2 12  4 3  0 -3 1 3
     -1/3
    C 2 12  4 3  -1 -2 1 3
     -1/3
    C 2 12  4 3  -2 -1 1 3
     2/3
;
  C 2 12  5 4  0 -4 3 2
   1
    C 2 12  5 4  0 -4 4 1
     3
    C 2 12  5 3  0 -3 3 2
     2*mt^2-t
    C 2 12  5 3  0 -3 4 1
     3*mt^2
    C 2 12  4 3  0 -3 2 2
     -1
    C 2 12  4 3  0 -3 3 1
     -6
    C 2 12  4 2  0 -2 3 1
     -3*mt^2
    C 2 12  3 2  0 -2 2 1
     3
;
  C 2 12  5 4  0 -4 3 2
   1
    C 2 12  5 4  0 -4 4 1
     3/2*s*mt^(-2)
    C 2 12  5 4  -1 -3 3 2
     -1/2*(mt^2+t)*mt^(-2)
    C 2 12  5 3  0 -3 3 2
     mt^2-t
    C 2 12  5 3  0 -3 4 1
     3*s
    C 2 12  4 3  0 -3 3 1
     -2*mt^(-2)*(mt^2-t)
    C 2 12  4 3  -1 -2 3 1
     3/2*mt^(-2)*(mt^2-t)
;
  C 2 12  5 4  0 -4 3 2
   1
    C 2 12  5 4  0 -4 4 1
     3
    C 2 12  5 4  -1 -3 3 2
     -1
    C 2 12  5 4  -1 -3 4 1
     -3
    C 2 12  5 3  0 -3 3 2
     mt^2-t
    C 2 12  5 3  0 -3 4 1
     3*s
    C 2 12  4 3  0 -3 3 1
     -3
    C 2 12  4 3  -1 -2 3 1
     3
;
  C 2 12  5 4  0 -4 3 2
   1
    C 2 12  5 4  0 -4 4 1
     6
    C 2 12  5 4  -1 -3 3 2
     -s^(-1)*(s-mt^2+t)
    C 2 12  5 4  -1 -3 4 1
     -3
    C 2 12  5 3  0 -3 3 2
     -(s*t+mt^2*t-mt^4-s*mt^2)*s^(-1)
    C 2 12  5 3  0 -3 4 1
     3*s+3*mt^2
    C 2 12  4 3  0 -3 2 2
     -s^(-1)*(mt^2-t)
    C 2 12  4 3  0 -3 3 1
     -6
    C 2 12  4 3  -1 -2 3 1
     3
;
  C 2 12  5 4  0 -4 3 2
   1
    C 2 12  5 4  0 -4 4 1
     3/2*s*mt^(-2)
    C 2 12  5 4  -1 -3 3 2
     -1/2*(s-mt^2+t)*mt^(-2)
    C 2 12  5 4  -1 -3 4 1
     -3/2*s*mt^(-2)
    C 2 12  5 3  0 -3 3 2
     2*mt^2-t
    C 2 12  5 3  0 -3 4 1
     3/2*(s^2-s*mt^2)*mt^(-2)
    C 2 12  4 3  0 -3 2 2
     -1
    C 2 12  4 3  0 -3 3 1
     -mt^(-2)*(s+2*mt^2-2*t)
    C 2 12  4 3  -1 -2 3 1
     3/2*s*mt^(-2)
    C 2 12  4 2  0 -2 3 1
     3/2*mt^(-2)*(s*t+mt^2*t-mt^4+s*mt^2)
    C 2 12  3 2  0 -2 2 1
     3/2*mt^(-2)*(mt^2-t)
;
  C 2 12  5 4  0 -4 2 3
   1
    C 2 12  5 4  0 -4 3 2
     1
    C 2 12  5 3  0 -3 2 3
     2*mt^2-t
    C 2 12  5 3  0 -3 3 2
     mt^2
    C 2 12  4 3  0 -3 1 3
     -1
    C 2 12  4 3  0 -3 2 2
     -5/2
    C 2 12  4 2  0 -2 2 2
     -3/2*mt^2
    C 2 12  3 2  0 -2 1 2
     3/2
;
  C 2 12  5 4  0 -4 2 3
   1
    C 2 12  5 4  0 -4 3 2
     1/2*s*mt^(-2)
    C 2 12  5 4  -1 -3 2 3
     -1/2*(mt^2+t)*mt^(-2)
    C 2 12  5 3  0 -3 2 3
     mt^2-t
    C 2 12  5 3  0 -3 3 2
     s
    C 2 12  4 3  0 -3 2 2
     -5/4*mt^(-2)*(mt^2-t)
    C 2 12  4 3  0 -3 3 1
     -1/2*s*mt^(-2)
    C 2 12  4 3  -1 -2 2 2
     3/4*mt^(-2)*(mt^2-t)
;
  C 2 12  5 4  0 -4 2 3
   1
    C 2 12  5 4  0 -4 3 2
     1
    C 2 12  5 4  -1 -3 2 3
     -1
    C 2 12  5 4  -1 -3 3 2
     -1
    C 2 12  5 3  0 -3 2 3
     mt^2-t
    C 2 12  5 3  0 -3 3 2
     s
    C 2 12  4 3  0 -3 2 2
     -3/2
    C 2 12  4 3  -1 -2 2 2
     3/2
;
  C 2 12  5 4  0 -4 2 3
   1
    C 2 12  5 4  0 -4 3 2
     2
    C 2 12  5 4  -1 -3 2 3
     -s^(-1)*(s-mt^2+t)
    C 2 12  5 4  -1 -3 3 2
     -1
    C 2 12  5 3  0 -3 2 3
     -(s*t+mt^2*t-mt^4-s*mt^2)*s^(-1)
    C 2 12  5 3  0 -3 3 2
     s+mt^2
    C 2 12  4 3  0 -3 1 3
     -s^(-1)*(mt^2-t)
    C 2 12  4 3  0 -3 2 2
     -5/2
    C 2 12  4 3  -1 -2 2 2
     3/2
;
  C 2 12  5 4  0 -4 2 3
   1
    C 2 12  5 4  0 -4 3 2
     1/2*s*mt^(-2)
    C 2 12  5 4  -1 -3 2 3
     -1/2*(s-mt^2+t)*mt^(-2)
    C 2 12  5 4  -1 -3 3 2
     -1/2*s*mt^(-2)
    C 2 12  5 3  0 -3 2 3
     2*mt^2-t
    C 2 12  5 3  0 -3 3 2
     1/2*(s^2-s*mt^2)*mt^(-2)
    C 2 12  4 3  0 -3 1 3
     -1
    C 2 12  4 3  0 -3 2 2
     -5/4*mt^(-2)*(mt^2-t)
    C 2 12  4 3  0 -3 3 1
     1/2*s*mt^(-2)
    C 2 12  4 3  -1 -2 2 2
     3/4*s*mt^(-2)
    C 2 12  4 2  0 -2 2 2
     3/4*mt^(-2)*(s*t+mt^2*t-mt^4+s*mt^2)
    C 2 12  3 2  0 -2 1 2
     3/4*mt^(-2)*(mt^2-t)
    C 2 12  3 2  0 -2 2 1
     -3/4*s*mt^(-2)
;
  C 2 12  5 4  0 -4 1 4
   1
    C 2 12  5 4  0 -4 2 3
     1/3
    C 2 12  5 3  0 -3 1 4
     2*mt^2-t
    C 2 12  5 3  0 -3 2 3
     1/3*mt^2
    C 2 12  4 3  0 -3 1 3
     -4/3
    C 2 12  4 2  0 -2 1 3
     -mt^2
;
  C 2 12  5 4  0 -4 1 4
   1
    C 2 12  5 4  0 -4 2 3
     1/6*s*mt^(-2)
    C 2 12  5 4  -1 -3 1 4
     -1/2*(mt^2+t)*mt^(-2)
    C 2 12  5 3  0 -3 1 4
     mt^2-t
    C 2 12  5 3  0 -3 2 3
     1/3*s
    C 2 12  4 3  0 -3 1 3
     -mt^(-2)*(mt^2-t)
    C 2 12  4 3  0 -3 2 2
     -1/6*s*mt^(-2)
    C 2 12  4 3  -1 -2 1 3
     1/2*mt^(-2)*(mt^2-t)
;
  C 2 12  5 4  0 -4 1 4
   1
    C 2 12  5 4  0 -4 2 3
     1/3
    C 2 12  5 4  -1 -3 1 4
     -1
    C 2 12  5 4  -1 -3 2 3
     -1/3
    C 2 12  5 3  0 -3 1 4
     mt^2-t
    C 2 12  5 3  0 -3 2 3
     1/3*s
    C 2 12  4 3  0 -3 1 3
     -1
    C 2 12  4 3  -1 -2 1 3
     1
;
  C 2 12  5 4  0 -4 1 4
   1
    C 2 12  5 4  0 -4 2 3
     2/3
    C 2 12  5 4  -1 -3 1 4
     -s^(-1)*(s-mt^2+t)
    C 2 12  5 4  -1 -3 2 3
     -1/3
    C 2 12  5 3  0 -3 1 4
     -(s*t+mt^2*t-mt^4-s*mt^2)*s^(-1)
    C 2 12  5 3  0 -3 2 3
     1/3*s+1/3*mt^2
    C 2 12  4 3  0 -3 1 3
     -4/3
    C 2 12  4 3  -1 -2 1 3
     1
;
  C 2 12  5 4  0 -4 1 4
   1
    C 2 12  5 4  0 -4 2 3
     1/6*s*mt^(-2)
    C 2 12  5 4  -1 -3 1 4
     -1/2*(s-mt^2+t)*mt^(-2)
    C 2 12  5 4  -1 -3 2 3
     -1/6*s*mt^(-2)
    C 2 12  5 3  0 -3 1 4
     2*mt^2-t
    C 2 12  5 3  0 -3 2 3
     1/6*(s^2-s*mt^2)*mt^(-2)
    C 2 12  4 3  0 -3 1 3
     1/3*(s-3*mt^2+3*t)*mt^(-2)
    C 2 12  4 3  0 -3 2 2
     1/6*s*mt^(-2)
    C 2 12  4 3  -1 -2 1 3
     1/2*s*mt^(-2)
    C 2 12  4 2  0 -2 1 3
     1/2*mt^(-2)*(s*t+mt^2*t-mt^4+s*mt^2)
    C 2 12  3 2  0 -2 1 2
     -1/2*s*mt^(-2)
;
