  A 1 8  1 1  -1 0 0 1
   1
    A 1 8  1 0  0 0 0 1
     -2
;
  A 1 8  1 1  0 -1 0 1
   1
    A 1 8  1 0  0 0 0 1
     -1-t
;
  A 1 8  1 1  0 0 -1 1
   1
    A 1 8  1 0  0 0 0 1
     -2
;
  A 1 8  1 2  -2 0 0 1
   1
    A 1 8  1 0  0 0 0 1
     -4*(1+d)*d^(-1)
;
  A 1 8  1 2  -1 -1 0 1
   1
    A 1 8  1 0  0 0 0 1
     -2*(1+t+t*d+d)*d^(-1)
;
  A 1 8  1 2  -1 0 -1 1
   1
    A 1 8  1 0  0 0 0 1
     2*(-2+s-2*d)*d^(-1)
;
  A 1 8  1 2  0 -2 0 1
   1
    A 1 8  1 0  0 0 0 1
     -(t^2*d+4*t+2*t*d+d)*d^(-1)
;
  A 1 8  1 2  0 -1 -1 1
   1
    A 1 8  1 0  0 0 0 1
     -2*(1+t+t*d+d)*d^(-1)
;
  A 1 8  1 2  0 0 -2 1
   1
    A 1 8  1 0  0 0 0 1
     -4*(1+d)*d^(-1)
;
  A 1 8  2 0  0 0 0 2
   1
    A 1 8  1 0  0 0 0 1
     1-1/2*d
;
  A 1 8  2 1  -1 0 0 2
   1
    A 1 8  1 0  0 0 0 1
     1-d
;
  A 1 8  2 1  0 -1 0 2
   1
    A 1 8  1 0  0 0 0 1
     t-1/2*t*d-1/2*d
;
  A 1 8  2 1  0 0 -1 2
   1
    A 1 8  1 0  0 0 0 1
     1-d
;
  A 1 8  2 2  -2 0 0 2
   1
    A 1 8  1 0  0 0 0 1
     -2-2*d
;
  A 1 8  2 2  -1 -1 0 2
   1
    A 1 8  1 0  0 0 0 1
     -2-t*d-d
;
  A 1 8  2 2  -1 0 -1 2
   1
    A 1 8  1 0  0 0 0 1
     -2+s-2*d
;
  A 1 8  2 2  0 -2 0 2
   1
    A 1 8  1 0  0 0 0 1
     -1+t^2-1/2*t^2*d-2*t-t*d-1/2*d
;
  A 1 8  2 2  0 -1 -1 2
   1
    A 1 8  1 0  0 0 0 1
     -2-t*d-d
;
  A 1 8  2 2  0 0 -2 2
   1
    A 1 8  1 0  0 0 0 1
     -2-2*d
;
  A 1 8  2 3  -3 0 0 2
   1
    A 1 8  1 0  0 0 0 1
     -4*(1+d)*(3+d)*d^(-1)
;
  A 1 8  2 3  -2 -1 0 2
   1
    A 1 8  1 0  0 0 0 1
     -2*(4+2*t+d^2+t*d^2+3*t*d+5*d)*d^(-1)
;
  A 1 8  2 3  -2 0 -1 2
   1
    A 1 8  1 0  0 0 0 1
     4*(-3+s*d+s-d^2-4*d)*d^(-1)
;
  A 1 8  2 3  -1 -2 0 2
   1
    A 1 8  1 0  0 0 0 1
     -(4+t^2*d+8*t+t^2*d^2+d^2+2*t*d^2+10*t*d+5*d)*d^(-1)
;
  A 1 8  2 3  -1 -1 -1 2
   1
    A 1 8  1 0  0 0 0 1
     -d^(-1)*(8+4*t-s*d-2*s+2*d^2+2*t*d^2-t*s*d+6*t*d+10*d)
;
  A 1 8  2 3  -1 0 -2 2
   1
    A 1 8  1 0  0 0 0 1
     4*(-3+s*d+s-d^2-4*d)*d^(-1)
;
  A 1 8  2 3  0 -3 0 2
   1
    A 1 8  1 0  0 0 0 1
     -1/2*(t^3*d^2+12*t^2*d+24*t+3*t^2*d^2-2*t^3*d+d^2+3*t*d^2+18*t*d+4*d)*d^(-1)
;
  A 1 8  2 3  0 -2 -1 2
   1
    A 1 8  1 0  0 0 0 1
     -(4+t^2*d+8*t+t^2*d^2+d^2+2*t*d^2+10*t*d+5*d)*d^(-1)
;
  A 1 8  2 3  0 -1 -2 2
   1
    A 1 8  1 0  0 0 0 1
     -2*(4+2*t+d^2+t*d^2+3*t*d+5*d)*d^(-1)
;
  A 1 8  2 3  0 0 -3 2
   1
    A 1 8  1 0  0 0 0 1
     -4*(3+d^2+4*d)*d^(-1)
;
  A 1 8  3 0  0 0 0 3
   1
    A 1 8  1 0  0 0 0 1
     -1-1/8*d^2+3/4*d
;
  A 1 8  3 1  -1 0 0 3
   1
    A 1 8  1 0  0 0 0 1
     -1/4*(-2+d)^2
;
  A 1 8  3 1  0 -1 0 3
   1
    A 1 8  1 0  0 0 0 1
     -t-1/8*d^2-1/8*t*d^2+3/4*t*d+1/4*d
;
  A 1 8  3 1  0 0 -1 3
   1
    A 1 8  1 0  0 0 0 1
     -1-1/4*d^2+d
;
  A 1 8  3 2  -2 0 0 3
   1
    A 1 8  1 0  0 0 0 1
     -1/2*(-1+d)*d
;
  A 1 8  3 2  -1 -1 0 3
   1
    A 1 8  1 0  0 0 0 1
     1/2-1/2*t-1/4*d^2-1/4*t*d^2+3/4*t*d-1/4*d
;
  A 1 8  3 2  -1 0 -1 3
   1
    A 1 8  1 0  0 0 0 1
     1/4*s*d-1/2*s-1/2*d^2+1/2*d
;
  A 1 8  3 2  0 -2 0 3
   1
    A 1 8  1 0  0 0 0 1
     -t^2+3/4*t^2*d+t-1/8*t^2*d^2-1/8*d^2-1/4*t*d^2-1/4*d
;
  A 1 8  3 2  0 -1 -1 3
   1
    A 1 8  1 0  0 0 0 1
     1/2-1/2*t-1/4*d^2-1/4*t*d^2+3/4*t*d-1/4*d
;
  A 1 8  3 2  0 0 -2 3
   1
    A 1 8  1 0  0 0 0 1
     -1/2*d^2+1/2*d
;
  A 1 8  3 3  -3 0 0 3
   1
    A 1 8  1 0  0 0 0 1
     -(1+d)*(2+d)
;
  A 1 8  3 3  -2 -1 0 3
   1
    A 1 8  1 0  0 0 0 1
     -2-1/2*d^2-1/2*t*d^2-1/2*t*d-5/2*d
;
  A 1 8  3 3  -2 0 -1 3
   1
    A 1 8  1 0  0 0 0 1
     -2+s*d-d^2-3*d
;
  A 1 8  3 3  -1 -2 0 3
   1
    A 1 8  1 0  0 0 0 1
     -2+1/2*t^2*d-1/4*t^2*d^2-1/4*d^2-1/2*t*d^2-2*t*d-3/2*d
;
  A 1 8  3 3  -1 -1 -1 3
   1
    A 1 8  1 0  0 0 0 1
     -2-1/2*t*s+1/4*s*d+1/2*s-1/2*d^2-1/2*t*d^2+1/4*t*s*d-1/2*t*d-5/2*d
;
  A 1 8  3 3  -1 0 -2 3
   1
    A 1 8  1 0  0 0 0 1
     -2+s*d-d^2-3*d
;
  A 1 8  3 3  0 -3 0 3
   1
    A 1 8  1 0  0 0 0 1
     -1-1/8*t^3*d^2+3*t^2-3/4*t^2*d-t^3-3*t-3/8*t^2*d^2+3/4*t^3*d-1/8*d^2-3/8*t*d^2-9/4*t*d-3/4*d
;
  A 1 8  3 3  0 -2 -1 3
   1
    A 1 8  1 0  0 0 0 1
     -2+1/2*t^2*d-1/4*t^2*d^2-1/4*d^2-1/2*t*d^2-2*t*d-3/2*d
;
  A 1 8  3 3  0 -1 -2 3
   1
    A 1 8  1 0  0 0 0 1
     -2-1/2*d^2-1/2*t*d^2-1/2*t*d-5/2*d
;
  A 1 8  3 3  0 0 -3 3
   1
    A 1 8  1 0  0 0 0 1
     -2-d^2-3*d
;
  A 1 8  4 0  0 0 0 4
   1
    A 1 8  1 0  0 0 0 1
     1+1/4*d^2-1/48*d^3-11/12*d
;
  A 1 8  4 1  -1 0 0 4
   1
    A 1 8  1 0  0 0 0 1
     -1/24*(-3+d)*(8+d^2-6*d)
;
  A 1 8  4 1  0 -1 0 4
   1
    A 1 8  1 0  0 0 0 1
     t-1/48*t*d^3+1/8*d^2-1/48*d^3+1/4*t*d^2-11/12*t*d-1/6*d
;
  A 1 8  4 1  0 0 -1 4
   1
    A 1 8  1 0  0 0 0 1
     1+3/8*d^2-1/24*d^3-13/12*d
;
  A 1 8  4 2  -2 0 0 4
   1
    A 1 8  1 0  0 0 0 1
     -1/12*(-2+d)^2*(-1+d)
;
  A 1 8  4 2  -1 -1 0 4
   1
    A 1 8  1 0  0 0 0 1
     -1/3+2/3*t-1/24*t*d^3+1/12*d^2-1/24*d^3+1/3*t*d^2-5/6*t*d+1/6*d
;
  A 1 8  4 2  -1 0 -1 4
   1
    A 1 8  1 0  0 0 0 1
     1/3+1/24*s*d^2-1/4*s*d+1/3*s+5/12*d^2-1/12*d^3-2/3*d
;
  A 1 8  4 2  0 -2 0 4
   1
    A 1 8  1 0  0 0 0 1
     t^2-11/12*t^2*d-2/3*t+1/4*t^2*d^2-1/48*t^2*d^3-1/24*t*d^3-1/48*d^3+1/6*t*d^2+1/6*t*d+1/12*d
;
  A 1 8  4 2  0 -1 -1 4
   1
    A 1 8  1 0  0 0 0 1
     -1/3+2/3*t-1/24*t*d^3+1/12*d^2-1/24*d^3+1/3*t*d^2-5/6*t*d+1/6*d
;
  A 1 8  4 2  0 0 -2 4
   1
    A 1 8  1 0  0 0 0 1
     1/3+5/12*d^2-1/12*d^3-2/3*d
;
  A 1 8  4 3  -3 0 0 4
   1
    A 1 8  3 2  -2 0 0 3
     -1/3-1/3*d
;
  A 1 8  4 3  -3 0 0 4
   1
    A 1 8  4 2  -2 0 0 4
     -2
    A 1 8  3 2  -2 0 0 3
     -5/3
    A 1 8  2 1  -1 0 0 2
     2/3
;
  A 1 8  4 3  -2 -1 0 4
   1
    A 1 8  3 2  -1 -1 0 3
     -1/3*d
    A 1 8  3 2  -2 0 0 3
     -1/3
;
  A 1 8  4 3  -2 -1 0 4
   1
    A 1 8  4 2  -1 -1 0 4
     -2
    A 1 8  3 2  -1 -1 0 3
     -4/3
    A 1 8  3 2  -2 0 0 3
     -1/3
    A 1 8  3 1  -1 0 0 3
     1/3-1/3*t
    A 1 8  2 1  0 -1 0 2
     1/3
    A 1 8  2 1  -1 0 0 2
     1/3
;
  A 1 8  4 3  -2 -1 0 4
   1
    A 1 8  4 3  -3 0 0 4
     -1
    A 1 8  4 2  -2 0 0 4
     1-t
    A 1 8  3 2  -1 -1 0 3
     -2/3
    A 1 8  3 2  -2 0 0 3
     2/3
;
  A 1 8  4 3  -2 0 -1 4
   1
    A 1 8  3 2  -1 0 -1 3
     -1/3*d
    A 1 8  3 2  -2 0 0 3
     -1/3
    A 1 8  3 1  -1 0 0 3
     1/3*s
;
  A 1 8  4 3  -2 0 -1 4
   1
    A 1 8  4 2  -1 0 -1 4
     -2
    A 1 8  3 2  -1 0 -1 3
     -4/3
    A 1 8  3 2  -2 0 0 3
     -1/3
    A 1 8  3 1  -1 0 0 3
     1/3*s
    A 1 8  2 1  0 0 -1 2
     1/3
    A 1 8  2 1  -1 0 0 2
     1/3
;
  A 1 8  4 3  -2 0 -1 4
   1
    A 1 8  4 3  -2 -1 0 4
     -1
    A 1 8  4 2  -2 0 0 4
     -1+t
    A 1 8  3 2  -1 0 -1 3
     -2/3
    A 1 8  3 2  -1 -1 0 3
     2/3
    A 1 8  3 1  -1 0 0 3
     2/3*s
;
  A 1 8  4 3  -1 -2 0 4
   1
    A 1 8  3 2  0 -2 0 3
     1/3-1/3*d
    A 1 8  3 2  -1 -1 0 3
     -2/3
;
  A 1 8  4 3  -1 -2 0 4
   1
    A 1 8  4 2  0 -2 0 4
     -2
    A 1 8  3 2  0 -2 0 3
     -1
    A 1 8  3 2  -1 -1 0 3
     -2/3
    A 1 8  3 1  0 -1 0 3
     2/3-2/3*t
    A 1 8  2 1  0 -1 0 2
     2/3
;
  A 1 8  4 3  -1 -2 0 4
   1
    A 1 8  4 3  -2 -1 0 4
     -1
    A 1 8  4 2  -1 -1 0 4
     1-t
    A 1 8  3 2  0 -2 0 3
     -1/3
    A 1 8  3 2  -2 0 0 3
     1/3
;
  A 1 8  4 3  -1 -1 -1 4
   1
    A 1 8  3 2  0 -1 -1 3
     1/3-1/3*d
    A 1 8  3 2  -1 0 -1 3
     -1/3
    A 1 8  3 2  -1 -1 0 3
     -1/3
    A 1 8  3 1  0 -1 0 3
     1/3*s
;
  A 1 8  4 3  -1 -1 -1 4
   1
    A 1 8  4 2  0 -1 -1 4
     -2
    A 1 8  3 2  0 -1 -1 3
     -1
    A 1 8  3 2  -1 0 -1 3
     -1/3
    A 1 8  3 2  -1 -1 0 3
     -1/3
    A 1 8  3 1  0 0 -1 3
     1/3-1/3*t
    A 1 8  3 1  0 -1 0 3
     1/3*s
    A 1 8  2 1  0 0 -1 2
     1/3
    A 1 8  2 1  0 -1 0 2
     1/3
;
  A 1 8  4 3  -1 -1 -1 4
   1
    A 1 8  4 3  -2 0 -1 4
     -1
    A 1 8  4 2  -1 0 -1 4
     1-t
    A 1 8  3 2  0 -1 -1 3
     -1/3
    A 1 8  3 2  -1 0 -1 3
     1/3
    A 1 8  3 2  -1 -1 0 3
     -1/3
    A 1 8  3 2  -2 0 0 3
     1/3
    A 1 8  3 1  -1 0 0 3
     -1/3*s
;
  A 1 8  4 3  -1 -1 -1 4
   1
    A 1 8  4 3  -1 -2 0 4
     -1
    A 1 8  4 2  -1 -1 0 4
     -1+t
    A 1 8  3 2  0 -1 -1 3
     -1/3
    A 1 8  3 2  0 -2 0 3
     1/3
    A 1 8  3 2  -1 0 -1 3
     -1/3
    A 1 8  3 2  -1 -1 0 3
     1/3
    A 1 8  3 1  0 -1 0 3
     1/3*s
;
  A 1 8  4 3  -1 0 -2 4
   1
    A 1 8  3 2  0 0 -2 3
     1/3-1/3*d
    A 1 8  3 2  -1 0 -1 3
     -2/3
    A 1 8  3 1  0 0 -1 3
     2/3*s
;
  A 1 8  4 3  -1 0 -2 4
   1
    A 1 8  4 2  0 0 -2 4
     -2
    A 1 8  3 2  0 0 -2 3
     -1
    A 1 8  3 2  -1 0 -1 3
     -2/3
    A 1 8  3 1  0 0 -1 3
     2/3*s
    A 1 8  2 1  0 0 -1 2
     2/3
;
  A 1 8  4 3  -1 0 -2 4
   1
    A 1 8  4 3  -1 -1 -1 4
     -1
    A 1 8  4 2  -1 0 -1 4
     -1+t
    A 1 8  3 2  0 0 -2 3
     -1/3
    A 1 8  3 2  0 -1 -1 3
     1/3
    A 1 8  3 2  -1 0 -1 3
     -1/3
    A 1 8  3 2  -1 -1 0 3
     1/3
    A 1 8  3 1  0 0 -1 3
     1/3*s
;
  A 1 8  4 3  0 -3 0 4
   1
    A 1 8  4 3  -1 -2 0 4
     -1
    A 1 8  4 2  0 -2 0 4
     1-t
    A 1 8  3 2  0 -2 0 3
     -2/3
    A 1 8  3 2  -1 -1 0 3
     2/3
;
  A 1 8  4 3  0 -2 -1 4
   1
    A 1 8  4 3  -1 -1 -1 4
     -1
    A 1 8  4 2  0 -1 -1 4
     1-t
    A 1 8  3 2  0 -1 -1 3
     -1/3
    A 1 8  3 2  0 -2 0 3
     -1/3
    A 1 8  3 2  -1 0 -1 3
     1/3
    A 1 8  3 2  -1 -1 0 3
     1/3
    A 1 8  3 1  0 -1 0 3
     -1/3*s
;
  A 1 8  4 3  0 -2 -1 4
   1
    A 1 8  4 3  0 -3 0 4
     -1
    A 1 8  4 2  0 -2 0 4
     -1+t
    A 1 8  3 2  0 -1 -1 3
     -2/3
    A 1 8  3 2  0 -2 0 3
     2/3
;
  A 1 8  4 3  0 -1 -2 4
   1
    A 1 8  4 3  -1 0 -2 4
     -1
    A 1 8  4 2  0 0 -2 4
     1-t
    A 1 8  3 2  0 -1 -1 3
     -2/3
    A 1 8  3 2  -1 0 -1 3
     2/3
    A 1 8  3 1  0 0 -1 3
     -2/3*s
;
  A 1 8  4 3  0 -1 -2 4
   1
    A 1 8  4 3  0 -2 -1 4
     -1
    A 1 8  4 2  0 -1 -1 4
     -1+t
    A 1 8  3 2  0 0 -2 3
     -1/3
    A 1 8  3 2  0 -2 0 3
     1/3
;
  A 1 8  4 3  0 0 -3 4
   1
    A 1 8  4 3  0 -1 -2 4
     -1
    A 1 8  4 2  0 0 -2 4
     -1+t
    A 1 8  3 2  0 0 -2 3
     -2/3
    A 1 8  3 2  0 -1 -1 3
     2/3
;
  A 1 8  5 1  -1 0 0 5
   1
    A 1 8  4 0  0 0 0 4
     1-1/4*d
;
  A 1 8  5 1  -1 0 0 5
   1
    A 1 8  5 0  0 0 0 5
     -2
    A 1 8  4 0  0 0 0 4
     -1
;
  A 1 8  5 1  0 -1 0 5
   1
    A 1 8  5 1  -1 0 0 5
     -1
    A 1 8  5 0  0 0 0 5
     1-t
;
  A 1 8  5 1  0 0 -1 5
   1
    A 1 8  5 1  0 -1 0 5
     -1
    A 1 8  5 0  0 0 0 5
     -1+t
;
  A 1 8  5 2  -2 0 0 5
   1
    A 1 8  4 1  -1 0 0 4
     1/2-1/4*d
;
  A 1 8  5 2  -2 0 0 5
   1
    A 1 8  5 1  -1 0 0 5
     -2
    A 1 8  4 1  -1 0 0 4
     -5/4
    A 1 8  3 0  0 0 0 3
     1/4
;
  A 1 8  5 2  -1 -1 0 5
   1
    A 1 8  4 1  0 -1 0 4
     3/4-1/4*d
    A 1 8  4 1  -1 0 0 4
     -1/4
;
  A 1 8  5 2  -1 -1 0 5
   1
    A 1 8  5 1  0 -1 0 5
     -2
    A 1 8  4 1  0 -1 0 4
     -1
    A 1 8  4 1  -1 0 0 4
     -1/4
    A 1 8  4 0  0 0 0 4
     1/4-1/4*t
    A 1 8  3 0  0 0 0 3
     1/4
;
  A 1 8  5 2  -1 -1 0 5
   1
    A 1 8  5 2  -2 0 0 5
     -1
    A 1 8  5 1  -1 0 0 5
     1-t
    A 1 8  4 1  0 -1 0 4
     -1/4
    A 1 8  4 1  -1 0 0 4
     1/4
;
  A 1 8  5 2  -1 0 -1 5
   1
    A 1 8  4 1  0 0 -1 4
     3/4-1/4*d
    A 1 8  4 1  -1 0 0 4
     -1/4
    A 1 8  4 0  0 0 0 4
     1/4*s
;
  A 1 8  5 2  -1 0 -1 5
   1
    A 1 8  5 1  0 0 -1 5
     -2
    A 1 8  4 1  0 0 -1 4
     -1
    A 1 8  4 1  -1 0 0 4
     -1/4
    A 1 8  4 0  0 0 0 4
     1/4*s
    A 1 8  3 0  0 0 0 3
     1/4
;
  A 1 8  5 2  -1 0 -1 5
   1
    A 1 8  5 2  -1 -1 0 5
     -1
    A 1 8  5 1  -1 0 0 5
     -1+t
    A 1 8  4 1  0 0 -1 4
     -1/4
    A 1 8  4 1  0 -1 0 4
     1/4
    A 1 8  4 0  0 0 0 4
     1/4*s
;
  A 1 8  5 2  0 -2 0 5
   1
    A 1 8  5 2  -1 -1 0 5
     -1
    A 1 8  5 1  0 -1 0 5
     1-t
    A 1 8  4 1  0 -1 0 4
     -1/4
    A 1 8  4 1  -1 0 0 4
     1/4
;
  A 1 8  5 2  0 -1 -1 5
   1
    A 1 8  5 2  -1 0 -1 5
     -1
    A 1 8  5 1  0 0 -1 5
     1-t
    A 1 8  4 1  0 -1 0 4
     -1/4
    A 1 8  4 1  -1 0 0 4
     1/4
    A 1 8  4 0  0 0 0 4
     -1/4*s
;
  A 1 8  5 2  0 -1 -1 5
   1
    A 1 8  5 2  0 -2 0 5
     -1
    A 1 8  5 1  0 -1 0 5
     -1+t
    A 1 8  4 1  0 0 -1 4
     -1/4
    A 1 8  4 1  0 -1 0 4
     1/4
;
  A 1 8  5 2  0 0 -2 5
   1
    A 1 8  5 2  0 -1 -1 5
     -1
    A 1 8  5 1  0 0 -1 5
     -1+t
    A 1 8  4 1  0 0 -1 4
     -1/4
    A 1 8  4 1  0 -1 0 4
     1/4
;
  A 1 8  5 3  -3 0 0 5
   1
    A 1 8  4 2  -2 0 0 4
     -1/4*d
;
  A 1 8  5 3  -3 0 0 5
   1
    A 1 8  5 2  -2 0 0 5
     -2
    A 1 8  4 2  -2 0 0 4
     -3/2
    A 1 8  3 1  -1 0 0 3
     1/2
;
  A 1 8  5 3  -2 -1 0 5
   1
    A 1 8  4 2  -1 -1 0 4
     1/4-1/4*d
    A 1 8  4 2  -2 0 0 4
     -1/4
;
  A 1 8  5 3  -2 -1 0 5
   1
    A 1 8  5 2  -1 -1 0 5
     -2
    A 1 8  4 2  -1 -1 0 4
     -5/4
    A 1 8  4 2  -2 0 0 4
     -1/4
    A 1 8  4 1  -1 0 0 4
     1/4-1/4*t
    A 1 8  3 1  0 -1 0 3
     1/4
    A 1 8  3 1  -1 0 0 3
     1/4
;
  A 1 8  5 3  -2 -1 0 5
   1
    A 1 8  5 3  -3 0 0 5
     -1
    A 1 8  5 2  -2 0 0 5
     1-t
    A 1 8  4 2  -1 -1 0 4
     -1/2
    A 1 8  4 2  -2 0 0 4
     1/2
;
  A 1 8  5 3  -2 0 -1 5
   1
    A 1 8  4 2  -1 0 -1 4
     1/4-1/4*d
    A 1 8  4 2  -2 0 0 4
     -1/4
    A 1 8  4 1  -1 0 0 4
     1/4*s
;
  A 1 8  5 3  -2 0 -1 5
   1
    A 1 8  5 2  -1 0 -1 5
     -2
    A 1 8  4 2  -1 0 -1 4
     -5/4
    A 1 8  4 2  -2 0 0 4
     -1/4
    A 1 8  4 1  -1 0 0 4
     1/4*s
    A 1 8  3 1  0 0 -1 3
     1/4
    A 1 8  3 1  -1 0 0 3
     1/4
;
  A 1 8  5 3  -2 0 -1 5
   1
    A 1 8  5 3  -2 -1 0 5
     -1
    A 1 8  5 2  -2 0 0 5
     -1+t
    A 1 8  4 2  -1 0 -1 4
     -1/2
    A 1 8  4 2  -1 -1 0 4
     1/2
    A 1 8  4 1  -1 0 0 4
     1/2*s
;
  A 1 8  5 3  -1 -2 0 5
   1
    A 1 8  4 2  0 -2 0 4
     1/2-1/4*d
    A 1 8  4 2  -1 -1 0 4
     -1/2
;
  A 1 8  5 3  -1 -2 0 5
   1
    A 1 8  5 2  0 -2 0 5
     -2
    A 1 8  4 2  0 -2 0 4
     -1
    A 1 8  4 2  -1 -1 0 4
     -1/2
    A 1 8  4 1  0 -1 0 4
     1/2-1/2*t
    A 1 8  3 1  0 -1 0 3
     1/2
;
  A 1 8  5 3  -1 -2 0 5
   1
    A 1 8  5 3  -2 -1 0 5
     -1
    A 1 8  5 2  -1 -1 0 5
     1-t
    A 1 8  4 2  0 -2 0 4
     -1/4
    A 1 8  4 2  -2 0 0 4
     1/4
;
  A 1 8  5 3  -1 -1 -1 5
   1
    A 1 8  4 2  0 -1 -1 4
     1/2-1/4*d
    A 1 8  4 2  -1 0 -1 4
     -1/4
    A 1 8  4 2  -1 -1 0 4
     -1/4
    A 1 8  4 1  0 -1 0 4
     1/4*s
;
  A 1 8  5 3  -1 -1 -1 5
   1
    A 1 8  5 2  0 -1 -1 5
     -2
    A 1 8  4 2  0 -1 -1 4
     -1
    A 1 8  4 2  -1 0 -1 4
     -1/4
    A 1 8  4 2  -1 -1 0 4
     -1/4
    A 1 8  4 1  0 0 -1 4
     1/4-1/4*t
    A 1 8  4 1  0 -1 0 4
     1/4*s
    A 1 8  3 1  0 0 -1 3
     1/4
    A 1 8  3 1  0 -1 0 3
     1/4
;
  A 1 8  5 3  -1 -1 -1 5
   1
    A 1 8  5 3  -2 0 -1 5
     -1
    A 1 8  5 2  -1 0 -1 5
     1-t
    A 1 8  4 2  0 -1 -1 4
     -1/4
    A 1 8  4 2  -1 0 -1 4
     1/4
    A 1 8  4 2  -1 -1 0 4
     -1/4
    A 1 8  4 2  -2 0 0 4
     1/4
    A 1 8  4 1  -1 0 0 4
     -1/4*s
;
  A 1 8  5 3  -1 -1 -1 5
   1
    A 1 8  5 3  -1 -2 0 5
     -1
    A 1 8  5 2  -1 -1 0 5
     -1+t
    A 1 8  4 2  0 -1 -1 4
     -1/4
    A 1 8  4 2  0 -2 0 4
     1/4
    A 1 8  4 2  -1 0 -1 4
     -1/4
    A 1 8  4 2  -1 -1 0 4
     1/4
    A 1 8  4 1  0 -1 0 4
     1/4*s
;
  A 1 8  5 3  -1 0 -2 5
   1
    A 1 8  4 2  0 0 -2 4
     1/2-1/4*d
    A 1 8  4 2  -1 0 -1 4
     -1/2
    A 1 8  4 1  0 0 -1 4
     1/2*s
;
  A 1 8  5 3  -1 0 -2 5
   1
    A 1 8  5 2  0 0 -2 5
     -2
    A 1 8  4 2  0 0 -2 4
     -1
    A 1 8  4 2  -1 0 -1 4
     -1/2
    A 1 8  4 1  0 0 -1 4
     1/2*s
    A 1 8  3 1  0 0 -1 3
     1/2
;
  A 1 8  5 3  -1 0 -2 5
   1
    A 1 8  5 3  -1 -1 -1 5
     -1
    A 1 8  5 2  -1 0 -1 5
     -1+t
    A 1 8  4 2  0 0 -2 4
     -1/4
    A 1 8  4 2  0 -1 -1 4
     1/4
    A 1 8  4 2  -1 0 -1 4
     -1/4
    A 1 8  4 2  -1 -1 0 4
     1/4
    A 1 8  4 1  0 0 -1 4
     1/4*s
;
  A 1 8  5 3  0 -3 0 5
   1
    A 1 8  5 3  -1 -2 0 5
     -1
    A 1 8  5 2  0 -2 0 5
     1-t
    A 1 8  4 2  0 -2 0 4
     -1/2
    A 1 8  4 2  -1 -1 0 4
     1/2
;
  A 1 8  5 3  0 -2 -1 5
   1
    A 1 8  5 3  -1 -1 -1 5
     -1
    A 1 8  5 2  0 -1 -1 5
     1-t
    A 1 8  4 2  0 -1 -1 4
     -1/4
    A 1 8  4 2  0 -2 0 4
     -1/4
    A 1 8  4 2  -1 0 -1 4
     1/4
    A 1 8  4 2  -1 -1 0 4
     1/4
    A 1 8  4 1  0 -1 0 4
     -1/4*s
;
  A 1 8  5 3  0 -2 -1 5
   1
    A 1 8  5 3  0 -3 0 5
     -1
    A 1 8  5 2  0 -2 0 5
     -1+t
    A 1 8  4 2  0 -1 -1 4
     -1/2
    A 1 8  4 2  0 -2 0 4
     1/2
;
  A 1 8  5 3  0 -1 -2 5
   1
    A 1 8  5 3  -1 0 -2 5
     -1
    A 1 8  5 2  0 0 -2 5
     1-t
    A 1 8  4 2  0 -1 -1 4
     -1/2
    A 1 8  4 2  -1 0 -1 4
     1/2
    A 1 8  4 1  0 0 -1 4
     -1/2*s
;
  A 1 8  5 3  0 -1 -2 5
   1
    A 1 8  5 3  0 -2 -1 5
     -1
    A 1 8  5 2  0 -1 -1 5
     -1+t
    A 1 8  4 2  0 0 -2 4
     -1/4
    A 1 8  4 2  0 -2 0 4
     1/4
;
  A 1 8  5 3  0 0 -3 5
   1
    A 1 8  5 3  0 -1 -2 5
     -1
    A 1 8  5 2  0 0 -2 5
     -1+t
    A 1 8  4 2  0 0 -2 4
     -1/2
    A 1 8  4 2  0 -1 -1 4
     1/2
;
