  A 1 1  1 1  1 -1 0 0
   1
;
  A 1 1  1 1  1 0 -1 0
   1
    A 1 1  1 0  1 0 0 0
     -s
;
  A 1 1  1 1  1 0 0 -1
   1
    A 1 1  1 0  1 0 0 0
     -2*mt^2
;
  A 1 1  1 2  1 -2 0 0
   1
;
  A 1 1  1 2  1 -1 -1 0
   1
    A 1 1  1 0  1 0 0 0
     -2*s*d^(-1)*mt^2
;
  A 1 1  1 2  1 -1 0 -1
   1
    A 1 1  1 0  1 0 0 0
     -2*d^(-1)*mt^2*(mt^2-t)
;
  A 1 1  1 2  1 0 -2 0
   1
    A 1 1  1 0  1 0 0 0
     -(s^2*d+4*s*mt^2)*d^(-1)
;
  A 1 1  1 2  1 0 -1 -1
   1
    A 1 1  1 0  1 0 0 0
     -2*(s*d*mt^2+s*mt^2)*d^(-1)
;
  A 1 1  1 2  1 0 0 -2
   1
    A 1 1  1 0  1 0 0 0
     -4*(d*mt^4+mt^4)*d^(-1)
;
  A 1 1  1 3  1 -3 0 0
   1
;
  A 1 1  1 3  1 -2 -1 0
   1
;
  A 1 1  1 3  1 -2 0 -1
   1
;
  A 1 1  1 3  1 -1 -2 0
   1
    A 1 1  1 0  1 0 0 0
     -4*s^2*d^(-1)*mt^2
;
  A 1 1  1 3  1 -1 -1 -1
   1
    A 1 1  1 0  1 0 0 0
     -2*s*(3*mt^2-t)*d^(-1)*mt^2
;
  A 1 1  1 3  1 -1 0 -2
   1
    A 1 1  1 0  1 0 0 0
     -8*d^(-1)*mt^4*(mt^2-t)
;
  A 1 1  1 3  1 0 -3 0
   1
    A 1 1  1 0  1 0 0 0
     -(12*s^2*mt^2+s^3*d)*d^(-1)
;
  A 1 1  1 3  1 0 -2 -1
   1
    A 1 1  1 0  1 0 0 0
     -2*(2*s^2*mt^2+s^2*d*mt^2+4*s*mt^4)*d^(-1)
;
  A 1 1  1 3  1 0 -1 -2
   1
    A 1 1  1 0  1 0 0 0
     -4*(3*s*mt^4+s*d*mt^4)*d^(-1)
;
  A 1 1  1 3  1 0 0 -3
   1
    A 1 1  1 0  1 0 0 0
     -8*(3*mt^6+d*mt^6)*d^(-1)
;
  A 1 1  2 0  2 0 0 0
   1
    A 1 1  1 0  1 0 0 0
     -1/2*(-2+d)*mt^(-2)
;
  A 1 1  2 1  2 -1 0 0
   1
    A 1 1  1 0  1 0 0 0
     -1
;
  A 1 1  2 1  2 0 -1 0
   1
    A 1 1  1 0  1 0 0 0
     1/2*(2*s-2*mt^2-s*d)*mt^(-2)
;
  A 1 1  2 1  2 0 0 -1
   1
    A 1 1  1 0  1 0 0 0
     1-d
;
  A 1 1  2 2  2 -2 0 0
   1
;
  A 1 1  2 2  2 -1 -1 0
   1
    A 1 1  1 0  1 0 0 0
     -2*s
;
  A 1 1  2 2  2 -1 0 -1
   1
    A 1 1  1 0  1 0 0 0
     -3*mt^2+t
;
  A 1 1  2 2  2 0 -2 0
   1
    A 1 1  1 0  1 0 0 0
     -1/2*mt^(-2)*(s^2*d-2*s^2+8*s*mt^2)
;
  A 1 1  2 2  2 0 -1 -1
   1
    A 1 1  1 0  1 0 0 0
     -2*mt^2-s*d
;
  A 1 1  2 2  2 0 0 -2
   1
    A 1 1  1 0  1 0 0 0
     -2*d*mt^2-2*mt^2
;
  A 1 1  2 3  2 -3 0 0
   1
;
  A 1 1  2 3  2 -2 -1 0
   1
    A 1 1  1 0  1 0 0 0
     -4*s*d^(-1)*mt^2
;
  A 1 1  2 3  2 -2 0 -1
   1
    A 1 1  1 0  1 0 0 0
     -4*d^(-1)*mt^2*(mt^2-t)
;
  A 1 1  2 3  2 -1 -2 0
   1
    A 1 1  1 0  1 0 0 0
     -(3*s^2*d+8*s*mt^2)*d^(-1)
;
  A 1 1  2 3  2 -1 -1 -1
   1
    A 1 1  1 0  1 0 0 0
     d^(-1)*(s*d*t+2*mt^2*t-2*mt^4-5*s*d*mt^2-4*s*mt^2)
;
  A 1 1  2 3  2 -1 0 -2
   1
    A 1 1  1 0  1 0 0 0
     4*d^(-1)*(mt^2*t-2*d*mt^4-2*mt^4+d*mt^2*t)
;
  A 1 1  2 3  2 0 -3 0
   1
    A 1 1  1 0  1 0 0 0
     -1/2*(18*s^2*d*mt^2+s^3*d^2+24*s*mt^4-2*s^3*d)*d^(-1)*mt^(-2)
;
  A 1 1  2 3  2 0 -2 -1
   1
    A 1 1  1 0  1 0 0 0
     -(s^2*d+s^2*d^2+8*s*d*mt^2+8*s*mt^2)*d^(-1)
;
  A 1 1  2 3  2 0 -1 -2
   1
    A 1 1  1 0  1 0 0 0
     -2*d^(-1)*(s*d^2*mt^2+2*d*mt^4+2*mt^4+3*s*d*mt^2+2*s*mt^2)
;
  A 1 1  2 3  2 0 0 -3
   1
    A 1 1  1 0  1 0 0 0
     -4*d^(-1)*(4*d*mt^4+3*mt^4+d^2*mt^4)
;
  A 1 1  2 4  2 -4 0 0
   1
    A 1 1  1 3  1 -3 0 0
     -4
;
  A 1 1  2 4  2 -3 -1 0
   1
    A 1 1  1 3  1 -2 -1 0
     -3
    A 1 1  1 3  1 -3 0 0
     -1
    A 1 1  1 2  1 -2 0 0
     -s
;
  A 1 1  2 4  2 -3 -1 0
   1
    A 1 1  2 4  2 -4 0 0
     -1
    A 1 1  2 3  2 -3 0 0
     -s
    A 1 1  1 3  1 -2 -1 0
     -3
    A 1 1  1 3  1 -3 0 0
     3
;
  A 1 1  2 4  2 -3 0 -1
   1
    A 1 1  1 3  1 -2 0 -1
     -3
    A 1 1  1 3  1 -3 0 0
     -1
    A 1 1  1 2  1 -2 0 0
     -mt^2+t
;
  A 1 1  2 4  2 -3 0 -1
   1
    A 1 1  2 3  2 -3 0 0
     -2*mt^2
    A 1 1  1 3  1 -2 0 -1
     -3
    A 1 1  1 3  1 -3 0 0
     -1
    A 1 1  1 2  1 -2 0 0
     3*mt^2+3*t
;
  A 1 1  2 4  2 -2 -2 0
   1
    A 1 1  1 3  1 -1 -2 0
     -2
    A 1 1  1 3  1 -2 -1 0
     -2
    A 1 1  1 2  1 -1 -1 0
     -2*s
;
  A 1 1  2 4  2 -2 -2 0
   1
    A 1 1  2 4  2 -3 -1 0
     -1
    A 1 1  2 3  2 -2 -1 0
     -s
    A 1 1  1 3  1 -1 -2 0
     -2
    A 1 1  1 3  1 -2 -1 0
     1
    A 1 1  1 3  1 -3 0 0
     1
;
  A 1 1  2 4  2 -2 -1 -1
   1
    A 1 1  1 3  1 -1 -1 -1
     -2
    A 1 1  1 3  1 -2 0 -1
     -1
    A 1 1  1 3  1 -2 -1 0
     -1
    A 1 1  1 2  1 -1 0 -1
     -s
    A 1 1  1 2  1 -1 -1 0
     -mt^2+t
;
  A 1 1  2 4  2 -2 -1 -1
   1
    A 1 1  2 3  2 -2 -1 0
     -2*mt^2
    A 1 1  1 3  1 -1 -1 -1
     -2
    A 1 1  1 3  1 -2 0 -1
     -1
    A 1 1  1 3  1 -2 -1 0
     -1
    A 1 1  1 2  1 -1 -1 0
     2*mt^2+2*t
    A 1 1  1 2  1 -2 0 0
     -s+2*mt^2
;
  A 1 1  2 4  2 -2 -1 -1
   1
    A 1 1  2 4  2 -3 0 -1
     -1
    A 1 1  2 3  2 -2 0 -1
     -s
    A 1 1  1 3  1 -1 -1 -1
     -2
    A 1 1  1 3  1 -2 0 -1
     2
    A 1 1  1 3  1 -2 -1 0
     -1
    A 1 1  1 3  1 -3 0 0
     1
    A 1 1  1 2  1 -2 0 0
     mt^2-t
;
  A 1 1  2 4  2 -2 0 -2
   1
    A 1 1  1 3  1 -1 0 -2
     -2
    A 1 1  1 3  1 -2 0 -1
     -2
    A 1 1  1 2  1 -1 0 -1
     -2*mt^2+2*t
;
  A 1 1  2 4  2 -2 0 -2
   1
    A 1 1  2 3  2 -2 0 -1
     -2*mt^2
    A 1 1  1 3  1 -1 0 -2
     -2
    A 1 1  1 3  1 -2 0 -1
     -2
    A 1 1  1 2  1 -1 0 -1
     2*mt^2+2*t
;
  A 1 1  2 4  2 -1 -3 0
   1
    A 1 1  1 3  1 0 -3 0
     -1
    A 1 1  1 3  1 -1 -2 0
     -3
    A 1 1  1 2  1 0 -2 0
     -3*s
;
  A 1 1  2 4  2 -1 -3 0
   1
    A 1 1  2 4  2 -2 -2 0
     -1
    A 1 1  2 3  2 -1 -2 0
     -s
    A 1 1  1 3  1 0 -3 0
     -1
    A 1 1  1 3  1 -1 -2 0
     -1
    A 1 1  1 3  1 -2 -1 0
     2
;
  A 1 1  2 4  2 -1 -2 -1
   1
    A 1 1  1 3  1 0 -2 -1
     -1
    A 1 1  1 3  1 -1 -1 -1
     -2
    A 1 1  1 3  1 -1 -2 0
     -1
    A 1 1  1 2  1 0 -1 -1
     -2*s
    A 1 1  1 2  1 0 -2 0
     -mt^2+t
;
  A 1 1  2 4  2 -1 -2 -1
   1
    A 1 1  2 3  2 -1 -2 0
     -2*mt^2
    A 1 1  1 3  1 0 -2 -1
     -1
    A 1 1  1 3  1 -1 -1 -1
     -2
    A 1 1  1 3  1 -1 -2 0
     -1
    A 1 1  1 2  1 0 -2 0
     mt^2+t
    A 1 1  1 2  1 -1 -1 0
     -2*s+4*mt^2
;
  A 1 1  2 4  2 -1 -2 -1
   1
    A 1 1  2 4  2 -2 -1 -1
     -1
    A 1 1  2 3  2 -1 -1 -1
     -s
    A 1 1  1 3  1 0 -2 -1
     -1
    A 1 1  1 3  1 -1 -2 0
     -1
    A 1 1  1 3  1 -2 0 -1
     1
    A 1 1  1 3  1 -2 -1 0
     1
    A 1 1  1 2  1 -1 -1 0
     mt^2-t
;
  A 1 1  2 4  2 -1 -1 -2
   1
    A 1 1  1 3  1 0 -1 -2
     -1
    A 1 1  1 3  1 -1 0 -2
     -1
    A 1 1  1 3  1 -1 -1 -1
     -2
    A 1 1  1 2  1 0 0 -2
     -s
    A 1 1  1 2  1 0 -1 -1
     -2*mt^2+2*t
;
  A 1 1  2 4  2 -1 -1 -2
   1
    A 1 1  2 3  2 -1 -1 -1
     -2*mt^2
    A 1 1  1 3  1 0 -1 -2
     -1
    A 1 1  1 3  1 -1 0 -2
     -1
    A 1 1  1 3  1 -1 -1 -1
     -2
    A 1 1  1 2  1 0 -1 -1
     mt^2+t
    A 1 1  1 2  1 -1 0 -1
     -s+2*mt^2
;
  A 1 1  2 4  2 -1 -1 -2
   1
    A 1 1  2 4  2 -2 0 -2
     -1
    A 1 1  2 3  2 -1 0 -2
     -s
    A 1 1  1 3  1 0 -1 -2
     -1
    A 1 1  1 3  1 -1 0 -2
     1
    A 1 1  1 3  1 -1 -1 -1
     -2
    A 1 1  1 3  1 -2 0 -1
     2
    A 1 1  1 2  1 -1 0 -1
     2*mt^2-2*t
;
  A 1 1  2 4  2 -1 0 -3
   1
    A 1 1  1 3  1 0 0 -3
     -1
    A 1 1  1 3  1 -1 0 -2
     -3
    A 1 1  1 2  1 0 0 -2
     -3*mt^2+3*t
;
  A 1 1  2 4  2 -1 0 -3
   1
    A 1 1  2 3  2 -1 0 -2
     -2*mt^2
    A 1 1  1 3  1 0 0 -3
     -1
    A 1 1  1 3  1 -1 0 -2
     -3
    A 1 1  1 2  1 0 0 -2
     mt^2+t
;
  A 1 1  2 4  2 0 -4 0
   1
    A 1 1  2 4  2 -1 -3 0
     -1
    A 1 1  2 3  2 0 -3 0
     -s
    A 1 1  1 3  1 0 -3 0
     -3
    A 1 1  1 3  1 -1 -2 0
     3
;
  A 1 1  2 4  2 0 -3 -1
   1
    A 1 1  2 3  2 0 -3 0
     -2*mt^2
    A 1 1  1 3  1 0 -2 -1
     -3
    A 1 1  1 3  1 0 -3 0
     -1
    A 1 1  1 2  1 0 -2 0
     -3*s+6*mt^2
;
  A 1 1  2 4  2 0 -3 -1
   1
    A 1 1  2 4  2 -1 -2 -1
     -1
    A 1 1  2 3  2 0 -2 -1
     -s
    A 1 1  1 3  1 0 -2 -1
     -2
    A 1 1  1 3  1 0 -3 0
     -1
    A 1 1  1 3  1 -1 -1 -1
     2
    A 1 1  1 3  1 -1 -2 0
     1
    A 1 1  1 2  1 0 -2 0
     mt^2-t
;
  A 1 1  2 4  2 0 -2 -2
   1
    A 1 1  2 3  2 0 -2 -1
     -2*mt^2
    A 1 1  1 3  1 0 -1 -2
     -2
    A 1 1  1 3  1 0 -2 -1
     -2
    A 1 1  1 2  1 0 -1 -1
     -2*s+4*mt^2
;
  A 1 1  2 4  2 0 -2 -2
   1
    A 1 1  2 4  2 -1 -1 -2
     -1
    A 1 1  2 3  2 0 -1 -2
     -s
    A 1 1  1 3  1 0 -1 -2
     -1
    A 1 1  1 3  1 0 -2 -1
     -2
    A 1 1  1 3  1 -1 0 -2
     1
    A 1 1  1 3  1 -1 -1 -1
     2
    A 1 1  1 2  1 0 -1 -1
     2*mt^2-2*t
;
  A 1 1  2 4  2 0 -1 -3
   1
    A 1 1  2 3  2 0 -1 -2
     -2*mt^2
    A 1 1  1 3  1 0 0 -3
     -1
    A 1 1  1 3  1 0 -1 -2
     -3
    A 1 1  1 2  1 0 0 -2
     -s+2*mt^2
;
  A 1 1  2 4  2 0 -1 -3
   1
    A 1 1  2 4  2 -1 0 -3
     -1
    A 1 1  2 3  2 0 0 -3
     -s
    A 1 1  1 3  1 0 -1 -2
     -3
    A 1 1  1 3  1 -1 0 -2
     3
    A 1 1  1 2  1 0 0 -2
     3*mt^2-3*t
;
  A 1 1  2 4  2 0 0 -4
   1
    A 1 1  2 3  2 0 0 -3
     -2*mt^2
    A 1 1  1 3  1 0 0 -3
     -4
;
  A 1 1  3 0  3 0 0 0
   1
    A 1 1  1 0  1 0 0 0
     -1/8*(-2+d)*(-4+d)*mt^(-4)
;
  A 1 1  3 1  3 -1 0 0
   1
    A 1 1  1 0  1 0 0 0
     -1/2*(-2+d)*mt^(-2)
;
  A 1 1  3 1  3 0 -1 0
   1
    A 1 1  1 0  1 0 0 0
     -1/8*mt^(-4)*(8*s+s*d^2+4*d*mt^2-8*mt^2-6*s*d)
;
  A 1 1  3 1  3 0 0 -1
   1
    A 1 1  1 0  1 0 0 0
     1/4*(-4+4*d-d^2)*mt^(-2)
;
  A 1 1  3 2  3 -2 0 0
   1
    A 1 1  1 0  1 0 0 0
     -1
;
  A 1 1  3 2  3 -1 -1 0
   1
    A 1 1  1 0  1 0 0 0
     1/4*mt^(-2)*(6*s-4*mt^2-3*s*d)
;
  A 1 1  3 2  3 -1 0 -1
   1
    A 1 1  1 0  1 0 0 0
     1/4*mt^(-2)*(d*t-5*d*mt^2+6*mt^2-2*t)
;
  A 1 1  3 2  3 0 -2 0
   1
    A 1 1  1 0  1 0 0 0
     1/8*(6*s^2*d-s^2*d^2-8*mt^4-8*s^2-12*s*d*mt^2+24*s*mt^2)*mt^(-4)
;
  A 1 1  3 2  3 0 -1 -1
   1
    A 1 1  1 0  1 0 0 0
     -1/4*(2*s+s*d^2+4*d*mt^2-4*mt^2-3*s*d)*mt^(-2)
;
  A 1 1  3 2  3 0 0 -2
   1
    A 1 1  1 0  1 0 0 0
     1/2*d-1/2*d^2
;
  A 1 1  3 3  3 -3 0 0
   1
;
  A 1 1  3 3  3 -2 -1 0
   1
    A 1 1  1 0  1 0 0 0
     -3*s
;
  A 1 1  3 3  3 -2 0 -1
   1
    A 1 1  1 0  1 0 0 0
     -4*mt^2+2*t
;
  A 1 1  3 3  3 -1 -2 0
   1
    A 1 1  1 0  1 0 0 0
     -(s^2*d-2*s^2+6*s*mt^2)*mt^(-2)
;
  A 1 1  3 3  3 -1 -1 -1
   1
    A 1 1  1 0  1 0 0 0
     1/4*(s*d*t-2*s*t+4*mt^2*t-12*mt^4-7*s*d*mt^2+2*s*mt^2)*mt^(-2)
;
  A 1 1  3 3  3 -1 0 -2
   1
    A 1 1  1 0  1 0 0 0
     d*t-3*d*mt^2-2*mt^2
;
  A 1 1  3 3  3 0 -3 0
   1
    A 1 1  1 0  1 0 0 0
     1/8*(48*s^2*mt^2-24*s^2*d*mt^2-s^3*d^2-72*s*mt^4-8*s^3+6*s^3*d)*mt^(-4)
;
  A 1 1  3 3  3 0 -2 -1
   1
    A 1 1  1 0  1 0 0 0
     1/4*mt^(-2)*(2*s^2*d-s^2*d^2-8*mt^4-12*s*d*mt^2)
;
  A 1 1  3 3  3 0 -1 -2
   1
    A 1 1  1 0  1 0 0 0
     -1/2*s*d^2-2*d*mt^2-2*mt^2-1/2*s*d
;
  A 1 1  3 3  3 0 0 -3
   1
    A 1 1  1 0  1 0 0 0
     -d^2*mt^2-3*d*mt^2-2*mt^2
;
  A 1 1  3 4  3 -4 0 0
   1
    A 1 1  2 3  2 -3 0 0
     -5/2
    A 1 1  1 2  1 -2 0 0
     3/2
;
  A 1 1  3 4  3 -3 -1 0
   1
    A 1 1  2 3  2 -2 -1 0
     -2
    A 1 1  2 3  2 -3 0 0
     -1/2
    A 1 1  2 2  2 -2 0 0
     -1/2*s
    A 1 1  1 2  1 -1 -1 0
     1
    A 1 1  1 2  1 -2 0 0
     1/2
;
  A 1 1  3 4  3 -3 -1 0
   1
    A 1 1  3 4  3 -4 0 0
     -1
    A 1 1  3 3  3 -3 0 0
     -s
    A 1 1  2 3  2 -2 -1 0
     -3/2
    A 1 1  2 3  2 -3 0 0
     3/2
;
  A 1 1  3 4  3 -3 0 -1
   1
    A 1 1  2 3  2 -2 0 -1
     -2
    A 1 1  2 3  2 -3 0 0
     -1/2
    A 1 1  2 2  2 -2 0 0
     -1/2*mt^2+1/2*t
    A 1 1  1 2  1 -1 0 -1
     1
    A 1 1  1 2  1 -2 0 0
     1/2
;
  A 1 1  3 4  3 -3 0 -1
   1
    A 1 1  3 3  3 -3 0 0
     -2*mt^2
    A 1 1  2 3  2 -2 0 -1
     -3/2
    A 1 1  2 3  2 -3 0 0
     -1
    A 1 1  2 2  2 -2 0 0
     3/2*mt^2+3/2*t
    A 1 1  1 2  1 -2 0 0
     3/2
;
  A 1 1  3 4  3 -2 -2 0
   1
    A 1 1  2 3  2 -1 -2 0
     -3/2
    A 1 1  2 3  2 -2 -1 0
     -1
    A 1 1  2 2  2 -1 -1 0
     -s
    A 1 1  1 2  1 0 -2 0
     1/2
    A 1 1  1 2  1 -1 -1 0
     1
;
  A 1 1  3 4  3 -2 -2 0
   1
    A 1 1  3 4  3 -3 -1 0
     -1
    A 1 1  3 3  3 -2 -1 0
     -s
    A 1 1  2 3  2 -1 -2 0
     -1
    A 1 1  2 3  2 -2 -1 0
     1/2
    A 1 1  2 3  2 -3 0 0
     1/2
;
  A 1 1  3 4  3 -2 -1 -1
   1
    A 1 1  2 3  2 -1 -1 -1
     -3/2
    A 1 1  2 3  2 -2 0 -1
     -1/2
    A 1 1  2 3  2 -2 -1 0
     -1/2
    A 1 1  2 2  2 -1 0 -1
     -1/2*s
    A 1 1  2 2  2 -1 -1 0
     -1/2*mt^2+1/2*t
    A 1 1  1 2  1 0 -1 -1
     1/2
    A 1 1  1 2  1 -1 0 -1
     1/2
    A 1 1  1 2  1 -1 -1 0
     1/2
;
  A 1 1  3 4  3 -2 -1 -1
   1
    A 1 1  3 3  3 -2 -1 0
     -2*mt^2
    A 1 1  2 3  2 -1 -1 -1
     -1
    A 1 1  2 3  2 -2 0 -1
     -1/2
    A 1 1  2 3  2 -2 -1 0
     -1
    A 1 1  2 2  2 -1 -1 0
     mt^2+t
    A 1 1  2 2  2 -2 0 0
     -1/2*s+mt^2
    A 1 1  1 2  1 -1 -1 0
     1
    A 1 1  1 2  1 -2 0 0
     1/2
;
  A 1 1  3 4  3 -2 -1 -1
   1
    A 1 1  3 4  3 -3 0 -1
     -1
    A 1 1  3 3  3 -2 0 -1
     -s
    A 1 1  2 3  2 -1 -1 -1
     -1
    A 1 1  2 3  2 -2 0 -1
     1
    A 1 1  2 3  2 -2 -1 0
     -1/2
    A 1 1  2 3  2 -3 0 0
     1/2
    A 1 1  2 2  2 -2 0 0
     1/2*mt^2-1/2*t
;
  A 1 1  3 4  3 -2 0 -2
   1
    A 1 1  2 3  2 -1 0 -2
     -3/2
    A 1 1  2 3  2 -2 0 -1
     -1
    A 1 1  2 2  2 -1 0 -1
     -mt^2+t
    A 1 1  1 2  1 0 0 -2
     1/2
    A 1 1  1 2  1 -1 0 -1
     1
;
  A 1 1  3 4  3 -2 0 -2
   1
    A 1 1  3 3  3 -2 0 -1
     -2*mt^2
    A 1 1  2 3  2 -1 0 -2
     -1
    A 1 1  2 3  2 -2 0 -1
     -3/2
    A 1 1  2 2  2 -1 0 -1
     mt^2+t
    A 1 1  1 2  1 -1 0 -1
     1
    A 1 1  1 2  1 -2 0 0
     1/2
;
  A 1 1  3 4  3 -1 -3 0
   1
    A 1 1  2 3  2 0 -3 0
     -1
    A 1 1  2 3  2 -1 -2 0
     -3/2
    A 1 1  2 2  2 0 -2 0
     -3/2*s
    A 1 1  1 2  1 0 -2 0
     3/2
;
  A 1 1  3 4  3 -1 -3 0
   1
    A 1 1  3 4  3 -2 -2 0
     -1
    A 1 1  3 3  3 -1 -2 0
     -s
    A 1 1  2 3  2 0 -3 0
     -1/2
    A 1 1  2 3  2 -1 -2 0
     -1/2
    A 1 1  2 3  2 -2 -1 0
     1
;
  A 1 1  3 4  3 -1 -2 -1
   1
    A 1 1  2 3  2 0 -2 -1
     -1
    A 1 1  2 3  2 -1 -1 -1
     -1
    A 1 1  2 3  2 -1 -2 0
     -1/2
    A 1 1  2 2  2 0 -1 -1
     -s
    A 1 1  2 2  2 0 -2 0
     -1/2*mt^2+1/2*t
    A 1 1  1 2  1 0 -1 -1
     1
    A 1 1  1 2  1 0 -2 0
     1/2
;
  A 1 1  3 4  3 -1 -2 -1
   1
    A 1 1  3 3  3 -1 -2 0
     -2*mt^2
    A 1 1  2 3  2 0 -2 -1
     -1/2
    A 1 1  2 3  2 -1 -1 -1
     -1
    A 1 1  2 3  2 -1 -2 0
     -1
    A 1 1  2 2  2 0 -2 0
     1/2*mt^2+1/2*t
    A 1 1  2 2  2 -1 -1 0
     -s+2*mt^2
    A 1 1  1 2  1 0 -2 0
     1/2
    A 1 1  1 2  1 -1 -1 0
     1
;
  A 1 1  3 4  3 -1 -2 -1
   1
    A 1 1  3 4  3 -2 -1 -1
     -1
    A 1 1  3 3  3 -1 -1 -1
     -s
    A 1 1  2 3  2 0 -2 -1
     -1/2
    A 1 1  2 3  2 -1 -2 0
     -1/2
    A 1 1  2 3  2 -2 0 -1
     1/2
    A 1 1  2 3  2 -2 -1 0
     1/2
    A 1 1  2 2  2 -1 -1 0
     1/2*mt^2-1/2*t
;
  A 1 1  3 4  3 -1 -1 -2
   1
    A 1 1  2 3  2 0 -1 -2
     -1
    A 1 1  2 3  2 -1 0 -2
     -1/2
    A 1 1  2 3  2 -1 -1 -1
     -1
    A 1 1  2 2  2 0 0 -2
     -1/2*s
    A 1 1  2 2  2 0 -1 -1
     -mt^2+t
    A 1 1  1 2  1 0 0 -2
     1/2
    A 1 1  1 2  1 0 -1 -1
     1
;
  A 1 1  3 4  3 -1 -1 -2
   1
    A 1 1  3 3  3 -1 -1 -1
     -2*mt^2
    A 1 1  2 3  2 0 -1 -2
     -1/2
    A 1 1  2 3  2 -1 0 -2
     -1/2
    A 1 1  2 3  2 -1 -1 -1
     -3/2
    A 1 1  2 2  2 0 -1 -1
     1/2*mt^2+1/2*t
    A 1 1  2 2  2 -1 0 -1
     -1/2*s+mt^2
    A 1 1  1 2  1 0 -1 -1
     1/2
    A 1 1  1 2  1 -1 0 -1
     1/2
    A 1 1  1 2  1 -1 -1 0
     1/2
;
  A 1 1  3 4  3 -1 -1 -2
   1
    A 1 1  3 4  3 -2 0 -2
     -1
    A 1 1  3 3  3 -1 0 -2
     -s
    A 1 1  2 3  2 0 -1 -2
     -1/2
    A 1 1  2 3  2 -1 0 -2
     1/2
    A 1 1  2 3  2 -1 -1 -1
     -1
    A 1 1  2 3  2 -2 0 -1
     1
    A 1 1  2 2  2 -1 0 -1
     mt^2-t
;
  A 1 1  3 4  3 -1 0 -3
   1
    A 1 1  2 3  2 0 0 -3
     -1
    A 1 1  2 3  2 -1 0 -2
     -3/2
    A 1 1  2 2  2 0 0 -2
     -3/2*mt^2+3/2*t
    A 1 1  1 2  1 0 0 -2
     3/2
;
  A 1 1  3 4  3 -1 0 -3
   1
    A 1 1  3 3  3 -1 0 -2
     -2*mt^2
    A 1 1  2 3  2 0 0 -3
     -1/2
    A 1 1  2 3  2 -1 0 -2
     -2
    A 1 1  2 2  2 0 0 -2
     1/2*mt^2+1/2*t
    A 1 1  1 2  1 0 0 -2
     1/2
    A 1 1  1 2  1 -1 0 -1
     1
;
  A 1 1  3 4  3 0 -4 0
   1
    A 1 1  3 4  3 -1 -3 0
     -1
    A 1 1  3 3  3 0 -3 0
     -s
    A 1 1  2 3  2 0 -3 0
     -3/2
    A 1 1  2 3  2 -1 -2 0
     3/2
;
  A 1 1  3 4  3 0 -3 -1
   1
    A 1 1  3 3  3 0 -3 0
     -2*mt^2
    A 1 1  2 3  2 0 -2 -1
     -3/2
    A 1 1  2 3  2 0 -3 0
     -1
    A 1 1  2 2  2 0 -2 0
     -3/2*s+3*mt^2
    A 1 1  1 2  1 0 -2 0
     3/2
;
  A 1 1  3 4  3 0 -3 -1
   1
    A 1 1  3 4  3 -1 -2 -1
     -1
    A 1 1  3 3  3 0 -2 -1
     -s
    A 1 1  2 3  2 0 -2 -1
     -1
    A 1 1  2 3  2 0 -3 0
     -1/2
    A 1 1  2 3  2 -1 -1 -1
     1
    A 1 1  2 3  2 -1 -2 0
     1/2
    A 1 1  2 2  2 0 -2 0
     1/2*mt^2-1/2*t
;
  A 1 1  3 4  3 0 -2 -2
   1
    A 1 1  3 3  3 0 -2 -1
     -2*mt^2
    A 1 1  2 3  2 0 -1 -2
     -1
    A 1 1  2 3  2 0 -2 -1
     -3/2
    A 1 1  2 2  2 0 -1 -1
     -s+2*mt^2
    A 1 1  1 2  1 0 -1 -1
     1
    A 1 1  1 2  1 0 -2 0
     1/2
;
  A 1 1  3 4  3 0 -2 -2
   1
    A 1 1  3 4  3 -1 -1 -2
     -1
    A 1 1  3 3  3 0 -1 -2
     -s
    A 1 1  2 3  2 0 -1 -2
     -1/2
    A 1 1  2 3  2 0 -2 -1
     -1
    A 1 1  2 3  2 -1 0 -2
     1/2
    A 1 1  2 3  2 -1 -1 -1
     1
    A 1 1  2 2  2 0 -1 -1
     mt^2-t
;
  A 1 1  3 4  3 0 -1 -3
   1
    A 1 1  3 3  3 0 -1 -2
     -2*mt^2
    A 1 1  2 3  2 0 0 -3
     -1/2
    A 1 1  2 3  2 0 -1 -2
     -2
    A 1 1  2 2  2 0 0 -2
     -1/2*s+mt^2
    A 1 1  1 2  1 0 0 -2
     1/2
    A 1 1  1 2  1 0 -1 -1
     1
;
  A 1 1  3 4  3 0 -1 -3
   1
    A 1 1  3 4  3 -1 0 -3
     -1
    A 1 1  3 3  3 0 0 -3
     -s
    A 1 1  2 3  2 0 -1 -2
     -3/2
    A 1 1  2 3  2 -1 0 -2
     3/2
    A 1 1  2 2  2 0 0 -2
     3/2*mt^2-3/2*t
;
  A 1 1  3 4  3 0 0 -4
   1
    A 1 1  3 3  3 0 0 -3
     -2*mt^2
    A 1 1  2 3  2 0 0 -3
     -5/2
    A 1 1  1 2  1 0 0 -2
     3/2
;
  A 1 1  4 0  4 0 0 0
   1
    A 1 1  1 0  1 0 0 0
     -1/48*(-2+d)*(-4+d)*(-6+d)*mt^(-6)
;
  A 1 1  4 1  4 -1 0 0
   1
    A 1 1  1 0  1 0 0 0
     -1/8*(-2+d)*(-4+d)*mt^(-4)
;
  A 1 1  4 1  4 0 -1 0
   1
    A 1 1  1 0  1 0 0 0
     -1/48*mt^(-6)*(6*d^2*mt^2-48*s-12*s*d^2-36*d*mt^2+48*mt^2+s*d^3+44*s*d)
;
  A 1 1  4 1  4 0 0 -1
   1
    A 1 1  1 0  1 0 0 0
     -1/24*(-24+26*d-9*d^2+d^3)*mt^(-4)
;
  A 1 1  4 2  4 -2 0 0
   1
    A 1 1  1 0  1 0 0 0
     -1/2*(-2+d)*mt^(-2)
;
  A 1 1  4 2  4 -1 -1 0
   1
    A 1 1  1 0  1 0 0 0
     -1/6*(8*s+s*d^2+3*d*mt^2-6*mt^2-6*s*d)*mt^(-4)
;
  A 1 1  4 2  4 -1 0 -1
   1
    A 1 1  1 0  1 0 0 0
     -1/24*mt^(-4)*(7*d^2*mt^2+6*d*t-30*d*mt^2+32*mt^2-d^2*t-8*t)
;
  A 1 1  4 2  4 0 -2 0
   1
    A 1 1  1 0  1 0 0 0
     -1/48*(44*s^2*d+16*s*d^2*mt^2+s^2*d^3-12*s^2*d^2+24*d*mt^4-48*mt^4-48*s^2-96*s*d*mt^2+128*s*mt^2)*mt^(-6)
;
  A 1 1  4 2  4 0 -1 -1
   1
    A 1 1  1 0  1 0 0 0
     -1/24*(6*d^2*mt^2-16*s-8*s*d^2-24*d*mt^2+24*mt^2+s*d^3+20*s*d)*mt^(-4)
;
  A 1 1  4 2  4 0 0 -2
   1
    A 1 1  1 0  1 0 0 0
     -1/12*(-4+8*d-5*d^2+d^3)*mt^(-2)
;
  A 1 1  4 3  4 -3 0 0
   1
    A 1 1  1 0  1 0 0 0
     -1
;
  A 1 1  4 3  4 -2 -1 0
   1
    A 1 1  1 0  1 0 0 0
     (2*s-mt^2-s*d)*mt^(-2)
;
  A 1 1  4 3  4 -2 0 -1
   1
    A 1 1  1 0  1 0 0 0
     1/2*(d*t-3*d*mt^2+4*mt^2-2*t)*mt^(-2)
;
  A 1 1  4 3  4 -1 -2 0
   1
    A 1 1  1 0  1 0 0 0
     1/24*(30*s^2*d-5*s^2*d^2-24*mt^4-40*s^2-48*s*d*mt^2+96*s*mt^2)*mt^(-4)
;
  A 1 1  4 3  4 -1 -1 -1
   1
    A 1 1  1 0  1 0 0 0
     -1/24*(6*s*d*t-8*s*t+9*s*d^2*mt^2+12*mt^2*t+30*d*mt^4-36*mt^4-6*d*mt^2*t-s*d^2*t-30*s*d*mt^2+24*s*mt^2)*mt^(-4)
;
  A 1 1  4 3  4 -1 0 -2
   1
    A 1 1  1 0  1 0 0 0
     -1/6*mt^(-2)*(4*d^2*mt^2+3*d*t-6*d*mt^2+2*mt^2-d^2*t-2*t)
;
  A 1 1  4 3  4 0 -3 0
   1
    A 1 1  1 0  1 0 0 0
     -1/48*(s^3*d^3+240*s^2*mt^2-180*s^2*d*mt^2-12*s^3*d^2-288*s*mt^4+144*s*d*mt^4+48*mt^6-48*s^3+44*s^3*d+30*s^2*d^2*mt^2)*mt^(-6)
;
  A 1 1  4 3  4 0 -2 -1
   1
    A 1 1  1 0  1 0 0 0
     -1/24*(14*s^2*d+16*s*d^2*mt^2+s^2*d^3-7*s^2*d^2+24*d*mt^4-24*mt^4-8*s^2-48*s*d*mt^2+32*s*mt^2)*mt^(-4)
;
  A 1 1  4 3  4 0 -1 -2
   1
    A 1 1  1 0  1 0 0 0
     -1/12*mt^(-2)*(6*d^2*mt^2-3*s*d^2-6*d*mt^2+s*d^3+2*s*d)
;
  A 1 1  4 3  4 0 0 -3
   1
    A 1 1  1 0  1 0 0 0
     1/6*d-1/6*d^3
;
  A 1 1  4 4  4 -4 0 0
   1
    A 1 1  3 3  3 -3 0 0
     -2
    A 1 1  2 2  2 -2 0 0
     1
;
  A 1 1  4 4  4 -3 -1 0
   1
    A 1 1  3 3  3 -2 -1 0
     -5/3
    A 1 1  3 3  3 -3 0 0
     -1/3
    A 1 1  3 2  3 -2 0 0
     -1/3*s
    A 1 1  2 2  2 -1 -1 0
     2/3
    A 1 1  2 2  2 -2 0 0
     1/3
;
  A 1 1  4 4  4 -3 -1 0
   1
    A 1 1  4 4  4 -4 0 0
     -1
    A 1 1  4 3  4 -3 0 0
     -s
    A 1 1  3 3  3 -2 -1 0
     -1
    A 1 1  3 3  3 -3 0 0
     1
;
  A 1 1  4 4  4 -3 0 -1
   1
    A 1 1  3 3  3 -2 0 -1
     -5/3
    A 1 1  3 3  3 -3 0 0
     -1/3
    A 1 1  3 2  3 -2 0 0
     -1/3*mt^2+1/3*t
    A 1 1  2 2  2 -1 0 -1
     2/3
    A 1 1  2 2  2 -2 0 0
     1/3
;
  A 1 1  4 4  4 -3 0 -1
   1
    A 1 1  4 3  4 -3 0 0
     -2*mt^2
    A 1 1  3 3  3 -2 0 -1
     -1
    A 1 1  3 3  3 -3 0 0
     -1
    A 1 1  3 2  3 -2 0 0
     mt^2+t
    A 1 1  2 2  2 -2 0 0
     1
;
  A 1 1  4 4  4 -2 -2 0
   1
    A 1 1  3 3  3 -1 -2 0
     -4/3
    A 1 1  3 3  3 -2 -1 0
     -2/3
    A 1 1  3 2  3 -1 -1 0
     -2/3*s
    A 1 1  2 2  2 0 -2 0
     1/3
    A 1 1  2 2  2 -1 -1 0
     2/3
;
  A 1 1  4 4  4 -2 -2 0
   1
    A 1 1  4 4  4 -3 -1 0
     -1
    A 1 1  4 3  4 -2 -1 0
     -s
    A 1 1  3 3  3 -1 -2 0
     -2/3
    A 1 1  3 3  3 -2 -1 0
     1/3
    A 1 1  3 3  3 -3 0 0
     1/3
;
  A 1 1  4 4  4 -2 -1 -1
   1
    A 1 1  3 3  3 -1 -1 -1
     -4/3
    A 1 1  3 3  3 -2 0 -1
     -1/3
    A 1 1  3 3  3 -2 -1 0
     -1/3
    A 1 1  3 2  3 -1 0 -1
     -1/3*s
    A 1 1  3 2  3 -1 -1 0
     -1/3*mt^2+1/3*t
    A 1 1  2 2  2 0 -1 -1
     1/3
    A 1 1  2 2  2 -1 0 -1
     1/3
    A 1 1  2 2  2 -1 -1 0
     1/3
;
  A 1 1  4 4  4 -2 -1 -1
   1
    A 1 1  4 3  4 -2 -1 0
     -2*mt^2
    A 1 1  3 3  3 -1 -1 -1
     -2/3
    A 1 1  3 3  3 -2 0 -1
     -1/3
    A 1 1  3 3  3 -2 -1 0
     -1
    A 1 1  3 2  3 -1 -1 0
     2/3*mt^2+2/3*t
    A 1 1  3 2  3 -2 0 0
     -1/3*s+2/3*mt^2
    A 1 1  2 2  2 -1 -1 0
     2/3
    A 1 1  2 2  2 -2 0 0
     1/3
;
  A 1 1  4 4  4 -2 -1 -1
   1
    A 1 1  4 4  4 -3 0 -1
     -1
    A 1 1  4 3  4 -2 0 -1
     -s
    A 1 1  3 3  3 -1 -1 -1
     -2/3
    A 1 1  3 3  3 -2 0 -1
     2/3
    A 1 1  3 3  3 -2 -1 0
     -1/3
    A 1 1  3 3  3 -3 0 0
     1/3
    A 1 1  3 2  3 -2 0 0
     1/3*mt^2-1/3*t
;
  A 1 1  4 4  4 -2 0 -2
   1
    A 1 1  3 3  3 -1 0 -2
     -4/3
    A 1 1  3 3  3 -2 0 -1
     -2/3
    A 1 1  3 2  3 -1 0 -1
     -2/3*mt^2+2/3*t
    A 1 1  2 2  2 0 0 -2
     1/3
    A 1 1  2 2  2 -1 0 -1
     2/3
;
  A 1 1  4 4  4 -2 0 -2
   1
    A 1 1  4 3  4 -2 0 -1
     -2*mt^2
    A 1 1  3 3  3 -1 0 -2
     -2/3
    A 1 1  3 3  3 -2 0 -1
     -4/3
    A 1 1  3 2  3 -1 0 -1
     2/3*mt^2+2/3*t
    A 1 1  2 2  2 -1 0 -1
     2/3
    A 1 1  2 2  2 -2 0 0
     1/3
;
  A 1 1  4 4  4 -1 -3 0
   1
    A 1 1  3 3  3 0 -3 0
     -1
    A 1 1  3 3  3 -1 -2 0
     -1
    A 1 1  3 2  3 0 -2 0
     -s
    A 1 1  2 2  2 0 -2 0
     1
;
  A 1 1  4 4  4 -1 -3 0
   1
    A 1 1  4 4  4 -2 -2 0
     -1
    A 1 1  4 3  4 -1 -2 0
     -s
    A 1 1  3 3  3 0 -3 0
     -1/3
    A 1 1  3 3  3 -1 -2 0
     -1/3
    A 1 1  3 3  3 -2 -1 0
     2/3
;
  A 1 1  4 4  4 -1 -2 -1
   1
    A 1 1  3 3  3 0 -2 -1
     -1
    A 1 1  3 3  3 -1 -1 -1
     -2/3
    A 1 1  3 3  3 -1 -2 0
     -1/3
    A 1 1  3 2  3 0 -1 -1
     -2/3*s
    A 1 1  3 2  3 0 -2 0
     -1/3*mt^2+1/3*t
    A 1 1  2 2  2 0 -1 -1
     2/3
    A 1 1  2 2  2 0 -2 0
     1/3
;
  A 1 1  4 4  4 -1 -2 -1
   1
    A 1 1  4 3  4 -1 -2 0
     -2*mt^2
    A 1 1  3 3  3 0 -2 -1
     -1/3
    A 1 1  3 3  3 -1 -1 -1
     -2/3
    A 1 1  3 3  3 -1 -2 0
     -1
    A 1 1  3 2  3 0 -2 0
     1/3*mt^2+1/3*t
    A 1 1  3 2  3 -1 -1 0
     -2/3*s+4/3*mt^2
    A 1 1  2 2  2 0 -2 0
     1/3
    A 1 1  2 2  2 -1 -1 0
     2/3
;
  A 1 1  4 4  4 -1 -2 -1
   1
    A 1 1  4 4  4 -2 -1 -1
     -1
    A 1 1  4 3  4 -1 -1 -1
     -s
    A 1 1  3 3  3 0 -2 -1
     -1/3
    A 1 1  3 3  3 -1 -2 0
     -1/3
    A 1 1  3 3  3 -2 0 -1
     1/3
    A 1 1  3 3  3 -2 -1 0
     1/3
    A 1 1  3 2  3 -1 -1 0
     1/3*mt^2-1/3*t
;
  A 1 1  4 4  4 -1 -1 -2
   1
    A 1 1  3 3  3 0 -1 -2
     -1
    A 1 1  3 3  3 -1 0 -2
     -1/3
    A 1 1  3 3  3 -1 -1 -1
     -2/3
    A 1 1  3 2  3 0 0 -2
     -1/3*s
    A 1 1  3 2  3 0 -1 -1
     -2/3*mt^2+2/3*t
    A 1 1  2 2  2 0 0 -2
     1/3
    A 1 1  2 2  2 0 -1 -1
     2/3
;
  A 1 1  4 4  4 -1 -1 -2
   1
    A 1 1  4 3  4 -1 -1 -1
     -2*mt^2
    A 1 1  3 3  3 0 -1 -2
     -1/3
    A 1 1  3 3  3 -1 0 -2
     -1/3
    A 1 1  3 3  3 -1 -1 -1
     -4/3
    A 1 1  3 2  3 0 -1 -1
     1/3*mt^2+1/3*t
    A 1 1  3 2  3 -1 0 -1
     -1/3*s+2/3*mt^2
    A 1 1  2 2  2 0 -1 -1
     1/3
    A 1 1  2 2  2 -1 0 -1
     1/3
    A 1 1  2 2  2 -1 -1 0
     1/3
;
  A 1 1  4 4  4 -1 -1 -2
   1
    A 1 1  4 4  4 -2 0 -2
     -1
    A 1 1  4 3  4 -1 0 -2
     -s
    A 1 1  3 3  3 0 -1 -2
     -1/3
    A 1 1  3 3  3 -1 0 -2
     1/3
    A 1 1  3 3  3 -1 -1 -1
     -2/3
    A 1 1  3 3  3 -2 0 -1
     2/3
    A 1 1  3 2  3 -1 0 -1
     2/3*mt^2-2/3*t
;
  A 1 1  4 4  4 -1 0 -3
   1
    A 1 1  3 3  3 0 0 -3
     -1
    A 1 1  3 3  3 -1 0 -2
     -1
    A 1 1  3 2  3 0 0 -2
     -mt^2+t
    A 1 1  2 2  2 0 0 -2
     1
;
  A 1 1  4 4  4 -1 0 -3
   1
    A 1 1  4 3  4 -1 0 -2
     -2*mt^2
    A 1 1  3 3  3 0 0 -3
     -1/3
    A 1 1  3 3  3 -1 0 -2
     -5/3
    A 1 1  3 2  3 0 0 -2
     1/3*mt^2+1/3*t
    A 1 1  2 2  2 0 0 -2
     1/3
    A 1 1  2 2  2 -1 0 -1
     2/3
;
  A 1 1  4 4  4 0 -4 0
   1
    A 1 1  4 4  4 -1 -3 0
     -1
    A 1 1  4 3  4 0 -3 0
     -s
    A 1 1  3 3  3 0 -3 0
     -1
    A 1 1  3 3  3 -1 -2 0
     1
;
  A 1 1  4 4  4 0 -3 -1
   1
    A 1 1  4 3  4 0 -3 0
     -2*mt^2
    A 1 1  3 3  3 0 -2 -1
     -1
    A 1 1  3 3  3 0 -3 0
     -1
    A 1 1  3 2  3 0 -2 0
     -s+2*mt^2
    A 1 1  2 2  2 0 -2 0
     1
;
  A 1 1  4 4  4 0 -3 -1
   1
    A 1 1  4 4  4 -1 -2 -1
     -1
    A 1 1  4 3  4 0 -2 -1
     -s
    A 1 1  3 3  3 0 -2 -1
     -2/3
    A 1 1  3 3  3 0 -3 0
     -1/3
    A 1 1  3 3  3 -1 -1 -1
     2/3
    A 1 1  3 3  3 -1 -2 0
     1/3
    A 1 1  3 2  3 0 -2 0
     1/3*mt^2-1/3*t
;
  A 1 1  4 4  4 0 -2 -2
   1
    A 1 1  4 3  4 0 -2 -1
     -2*mt^2
    A 1 1  3 3  3 0 -1 -2
     -2/3
    A 1 1  3 3  3 0 -2 -1
     -4/3
    A 1 1  3 2  3 0 -1 -1
     -2/3*s+4/3*mt^2
    A 1 1  2 2  2 0 -1 -1
     2/3
    A 1 1  2 2  2 0 -2 0
     1/3
;
  A 1 1  4 4  4 0 -2 -2
   1
    A 1 1  4 4  4 -1 -1 -2
     -1
    A 1 1  4 3  4 0 -1 -2
     -s
    A 1 1  3 3  3 0 -1 -2
     -1/3
    A 1 1  3 3  3 0 -2 -1
     -2/3
    A 1 1  3 3  3 -1 0 -2
     1/3
    A 1 1  3 3  3 -1 -1 -1
     2/3
    A 1 1  3 2  3 0 -1 -1
     2/3*mt^2-2/3*t
;
  A 1 1  4 4  4 0 -1 -3
   1
    A 1 1  4 3  4 0 -1 -2
     -2*mt^2
    A 1 1  3 3  3 0 0 -3
     -1/3
    A 1 1  3 3  3 0 -1 -2
     -5/3
    A 1 1  3 2  3 0 0 -2
     -1/3*s+2/3*mt^2
    A 1 1  2 2  2 0 0 -2
     1/3
    A 1 1  2 2  2 0 -1 -1
     2/3
;
  A 1 1  4 4  4 0 -1 -3
   1
    A 1 1  4 4  4 -1 0 -3
     -1
    A 1 1  4 3  4 0 0 -3
     -s
    A 1 1  3 3  3 0 -1 -2
     -1
    A 1 1  3 3  3 -1 0 -2
     1
    A 1 1  3 2  3 0 0 -2
     mt^2-t
;
  A 1 1  4 4  4 0 0 -4
   1
    A 1 1  4 3  4 0 0 -3
     -2*mt^2
    A 1 1  3 3  3 0 0 -3
     -2
    A 1 1  2 2  2 0 0 -2
     1
;
  A 1 1  5 0  5 0 0 0
   1
    A 1 1  4 0  4 0 0 0
     -1/8*mt^(-2)*(-8+d)
;
  A 1 1  5 1  5 -1 0 0
   1
    A 1 1  4 0  4 0 0 0
     -1
;
  A 1 1  5 1  5 -1 0 0
   1
    A 1 1  4 1  4 -1 0 0
     -1/8*(-7+d)*mt^(-2)
    A 1 1  4 0  4 0 0 0
     -1/4
    A 1 1  3 0  3 0 0 0
     -1/8*mt^(-2)
;
  A 1 1  5 1  5 0 -1 0
   1
    A 1 1  4 1  4 0 -1 0
     -1/8*(-7+d)*mt^(-2)
    A 1 1  4 0  4 0 0 0
     1/8*(s-2*mt^2)*mt^(-2)
    A 1 1  3 0  3 0 0 0
     -1/8*mt^(-2)
;
  A 1 1  5 1  5 0 -1 0
   1
    A 1 1  5 1  5 -1 0 0
     -1
    A 1 1  5 0  5 0 0 0
     -s
;
  A 1 1  5 1  5 0 0 -1
   1
    A 1 1  4 1  4 0 0 -1
     -1/8*(-7+d)*mt^(-2)
    A 1 1  3 0  3 0 0 0
     -1/8*mt^(-2)
;
  A 1 1  5 1  5 0 0 -1
   1
    A 1 1  5 0  5 0 0 0
     -2*mt^2
    A 1 1  4 0  4 0 0 0
     -1
;
  A 1 1  5 2  5 -2 0 0
   1
    A 1 1  4 1  4 -1 0 0
     -5/4
    A 1 1  3 0  3 0 0 0
     1/4
;
  A 1 1  5 2  5 -2 0 0
   1
    A 1 1  4 2  4 -2 0 0
     -1/8*(-6+d)*mt^(-2)
    A 1 1  4 1  4 -1 0 0
     -1/2
    A 1 1  3 1  3 -1 0 0
     -1/4*mt^(-2)
;
  A 1 1  5 2  5 -1 -1 0
   1
    A 1 1  4 1  4 0 -1 0
     -1
    A 1 1  4 1  4 -1 0 0
     -1/4
    A 1 1  4 0  4 0 0 0
     -1/4*s
    A 1 1  3 0  3 0 0 0
     1/4
;
  A 1 1  5 2  5 -1 -1 0
   1
    A 1 1  4 2  4 -1 -1 0
     -1/8*(-6+d)*mt^(-2)
    A 1 1  4 1  4 0 -1 0
     -1/4
    A 1 1  4 1  4 -1 0 0
     1/8*(s-2*mt^2)*mt^(-2)
    A 1 1  3 1  3 0 -1 0
     -1/8*mt^(-2)
    A 1 1  3 1  3 -1 0 0
     -1/8*mt^(-2)
;
  A 1 1  5 2  5 -1 -1 0
   1
    A 1 1  5 2  5 -2 0 0
     -1
    A 1 1  5 1  5 -1 0 0
     -s
    A 1 1  4 1  4 0 -1 0
     -1/4
    A 1 1  4 1  4 -1 0 0
     1/4
;
  A 1 1  5 2  5 -1 0 -1
   1
    A 1 1  4 1  4 0 0 -1
     -1
    A 1 1  4 1  4 -1 0 0
     -1/4
    A 1 1  4 0  4 0 0 0
     -1/4*mt^2+1/4*t
    A 1 1  3 0  3 0 0 0
     1/4
;
  A 1 1  5 2  5 -1 0 -1
   1
    A 1 1  4 2  4 -1 0 -1
     -1/8*(-6+d)*mt^(-2)
    A 1 1  4 1  4 0 0 -1
     -1/4
    A 1 1  3 1  3 0 0 -1
     -1/8*mt^(-2)
    A 1 1  3 1  3 -1 0 0
     -1/8*mt^(-2)
;
  A 1 1  5 2  5 -1 0 -1
   1
    A 1 1  5 1  5 -1 0 0
     -2*mt^2
    A 1 1  4 1  4 0 0 -1
     -1/4
    A 1 1  4 1  4 -1 0 0
     -1
    A 1 1  4 0  4 0 0 0
     1/4*mt^2+1/4*t
    A 1 1  3 0  3 0 0 0
     1/4
;
  A 1 1  5 2  5 0 -2 0
   1
    A 1 1  4 2  4 0 -2 0
     -1/8*(-6+d)*mt^(-2)
    A 1 1  4 1  4 0 -1 0
     1/4*(s-2*mt^2)*mt^(-2)
    A 1 1  3 1  3 0 -1 0
     -1/4*mt^(-2)
;
  A 1 1  5 2  5 0 -2 0
   1
    A 1 1  5 2  5 -1 -1 0
     -1
    A 1 1  5 1  5 0 -1 0
     -s
    A 1 1  4 1  4 0 -1 0
     -1/4
    A 1 1  4 1  4 -1 0 0
     1/4
;
  A 1 1  5 2  5 0 -1 -1
   1
    A 1 1  4 2  4 0 -1 -1
     -1/8*(-6+d)*mt^(-2)
    A 1 1  4 1  4 0 0 -1
     1/8*(s-2*mt^2)*mt^(-2)
    A 1 1  3 1  3 0 0 -1
     -1/8*mt^(-2)
    A 1 1  3 1  3 0 -1 0
     -1/8*mt^(-2)
;
  A 1 1  5 2  5 0 -1 -1
   1
    A 1 1  5 1  5 0 -1 0
     -2*mt^2
    A 1 1  4 1  4 0 0 -1
     -1/4
    A 1 1  4 1  4 0 -1 0
     -1
    A 1 1  4 0  4 0 0 0
     -1/4*s+1/2*mt^2
    A 1 1  3 0  3 0 0 0
     1/4
;
  A 1 1  5 2  5 0 -1 -1
   1
    A 1 1  5 2  5 -1 0 -1
     -1
    A 1 1  5 1  5 0 0 -1
     -s
    A 1 1  4 1  4 0 -1 0
     -1/4
    A 1 1  4 1  4 -1 0 0
     1/4
    A 1 1  4 0  4 0 0 0
     1/4*mt^2-1/4*t
;
  A 1 1  5 2  5 0 0 -2
   1
    A 1 1  4 2  4 0 0 -2
     -1/8*(-6+d)*mt^(-2)
    A 1 1  3 1  3 0 0 -1
     -1/4*mt^(-2)
;
  A 1 1  5 2  5 0 0 -2
   1
    A 1 1  5 1  5 0 0 -1
     -2*mt^2
    A 1 1  4 1  4 0 0 -1
     -5/4
    A 1 1  3 0  3 0 0 0
     1/4
;
  A 1 1  5 3  5 -3 0 0
   1
    A 1 1  4 2  4 -2 0 0
     -3/2
    A 1 1  3 1  3 -1 0 0
     1/2
;
  A 1 1  5 3  5 -3 0 0
   1
    A 1 1  4 3  4 -3 0 0
     -1/8*(-5+d)*mt^(-2)
    A 1 1  4 2  4 -2 0 0
     -3/4
    A 1 1  3 2  3 -2 0 0
     -3/8*mt^(-2)
;
  A 1 1  5 3  5 -2 -1 0
   1
    A 1 1  4 2  4 -1 -1 0
     -5/4
    A 1 1  4 2  4 -2 0 0
     -1/4
    A 1 1  4 1  4 -1 0 0
     -1/4*s
    A 1 1  3 1  3 0 -1 0
     1/4
    A 1 1  3 1  3 -1 0 0
     1/4
;
  A 1 1  5 3  5 -2 -1 0
   1
    A 1 1  4 3  4 -2 -1 0
     -1/8*(-5+d)*mt^(-2)
    A 1 1  4 2  4 -1 -1 0
     -1/2
    A 1 1  4 2  4 -2 0 0
     1/8*(s-2*mt^2)*mt^(-2)
    A 1 1  3 2  3 -1 -1 0
     -1/4*mt^(-2)
    A 1 1  3 2  3 -2 0 0
     -1/8*mt^(-2)
;
  A 1 1  5 3  5 -2 -1 0
   1
    A 1 1  5 3  5 -3 0 0
     -1
    A 1 1  5 2  5 -2 0 0
     -s
    A 1 1  4 2  4 -1 -1 0
     -1/2
    A 1 1  4 2  4 -2 0 0
     1/2
;
  A 1 1  5 3  5 -2 0 -1
   1
    A 1 1  4 2  4 -1 0 -1
     -5/4
    A 1 1  4 2  4 -2 0 0
     -1/4
    A 1 1  4 1  4 -1 0 0
     -1/4*mt^2+1/4*t
    A 1 1  3 1  3 0 0 -1
     1/4
    A 1 1  3 1  3 -1 0 0
     1/4
;
  A 1 1  5 3  5 -2 0 -1
   1
    A 1 1  4 3  4 -2 0 -1
     -1/8*(-5+d)*mt^(-2)
    A 1 1  4 2  4 -1 0 -1
     -1/2
    A 1 1  3 2  3 -1 0 -1
     -1/4*mt^(-2)
    A 1 1  3 2  3 -2 0 0
     -1/8*mt^(-2)
;
  A 1 1  5 3  5 -2 0 -1
   1
    A 1 1  5 2  5 -2 0 0
     -2*mt^2
    A 1 1  4 2  4 -1 0 -1
     -1/2
    A 1 1  4 2  4 -2 0 0
     -1
    A 1 1  4 1  4 -1 0 0
     1/2*mt^2+1/2*t
    A 1 1  3 1  3 -1 0 0
     1/2
;
  A 1 1  5 3  5 -1 -2 0
   1
    A 1 1  4 2  4 0 -2 0
     -1
    A 1 1  4 2  4 -1 -1 0
     -1/2
    A 1 1  4 1  4 0 -1 0
     -1/2*s
    A 1 1  3 1  3 0 -1 0
     1/2
;
  A 1 1  5 3  5 -1 -2 0
   1
    A 1 1  4 3  4 -1 -2 0
     -1/8*(-5+d)*mt^(-2)
    A 1 1  4 2  4 0 -2 0
     -1/4
    A 1 1  4 2  4 -1 -1 0
     1/4*(s-2*mt^2)*mt^(-2)
    A 1 1  3 2  3 0 -2 0
     -1/8*mt^(-2)
    A 1 1  3 2  3 -1 -1 0
     -1/4*mt^(-2)
;
  A 1 1  5 3  5 -1 -2 0
   1
    A 1 1  5 3  5 -2 -1 0
     -1
    A 1 1  5 2  5 -1 -1 0
     -s
    A 1 1  4 2  4 0 -2 0
     -1/4
    A 1 1  4 2  4 -2 0 0
     1/4
;
  A 1 1  5 3  5 -1 -1 -1
   1
    A 1 1  4 2  4 0 -1 -1
     -1
    A 1 1  4 2  4 -1 0 -1
     -1/4
    A 1 1  4 2  4 -1 -1 0
     -1/4
    A 1 1  4 1  4 0 0 -1
     -1/4*s
    A 1 1  4 1  4 0 -1 0
     -1/4*mt^2+1/4*t
    A 1 1  3 1  3 0 0 -1
     1/4
    A 1 1  3 1  3 0 -1 0
     1/4
;
  A 1 1  5 3  5 -1 -1 -1
   1
    A 1 1  4 3  4 -1 -1 -1
     -1/8*(-5+d)*mt^(-2)
    A 1 1  4 2  4 0 -1 -1
     -1/4
    A 1 1  4 2  4 -1 0 -1
     1/8*(s-2*mt^2)*mt^(-2)
    A 1 1  3 2  3 0 -1 -1
     -1/8*mt^(-2)
    A 1 1  3 2  3 -1 0 -1
     -1/8*mt^(-2)
    A 1 1  3 2  3 -1 -1 0
     -1/8*mt^(-2)
;
  A 1 1  5 3  5 -1 -1 -1
   1
    A 1 1  5 2  5 -1 -1 0
     -2*mt^2
    A 1 1  4 2  4 0 -1 -1
     -1/4
    A 1 1  4 2  4 -1 0 -1
     -1/4
    A 1 1  4 2  4 -1 -1 0
     -1
    A 1 1  4 1  4 0 -1 0
     1/4*mt^2+1/4*t
    A 1 1  4 1  4 -1 0 0
     -1/4*s+1/2*mt^2
    A 1 1  3 1  3 0 -1 0
     1/4
    A 1 1  3 1  3 -1 0 0
     1/4
;
  A 1 1  5 3  5 -1 -1 -1
   1
    A 1 1  5 3  5 -2 0 -1
     -1
    A 1 1  5 2  5 -1 0 -1
     -s
    A 1 1  4 2  4 0 -1 -1
     -1/4
    A 1 1  4 2  4 -1 0 -1
     1/4
    A 1 1  4 2  4 -1 -1 0
     -1/4
    A 1 1  4 2  4 -2 0 0
     1/4
    A 1 1  4 1  4 -1 0 0
     1/4*mt^2-1/4*t
;
  A 1 1  5 3  5 -1 0 -2
   1
    A 1 1  4 2  4 0 0 -2
     -1
    A 1 1  4 2  4 -1 0 -1
     -1/2
    A 1 1  4 1  4 0 0 -1
     -1/2*mt^2+1/2*t
    A 1 1  3 1  3 0 0 -1
     1/2
;
  A 1 1  5 3  5 -1 0 -2
   1
    A 1 1  4 3  4 -1 0 -2
     -1/8*(-5+d)*mt^(-2)
    A 1 1  4 2  4 0 0 -2
     -1/4
    A 1 1  3 2  3 0 0 -2
     -1/8*mt^(-2)
    A 1 1  3 2  3 -1 0 -1
     -1/4*mt^(-2)
;
  A 1 1  5 3  5 -1 0 -2
   1
    A 1 1  5 2  5 -1 0 -1
     -2*mt^2
    A 1 1  4 2  4 0 0 -2
     -1/4
    A 1 1  4 2  4 -1 0 -1
     -5/4
    A 1 1  4 1  4 0 0 -1
     1/4*mt^2+1/4*t
    A 1 1  3 1  3 0 0 -1
     1/4
    A 1 1  3 1  3 -1 0 0
     1/4
;
  A 1 1  5 3  5 0 -3 0
   1
    A 1 1  4 3  4 0 -3 0
     -1/8*(-5+d)*mt^(-2)
    A 1 1  4 2  4 0 -2 0
     3/8*(s-2*mt^2)*mt^(-2)
    A 1 1  3 2  3 0 -2 0
     -3/8*mt^(-2)
;
  A 1 1  5 3  5 0 -3 0
   1
    A 1 1  5 3  5 -1 -2 0
     -1
    A 1 1  5 2  5 0 -2 0
     -s
    A 1 1  4 2  4 0 -2 0
     -1/2
    A 1 1  4 2  4 -1 -1 0
     1/2
;
  A 1 1  5 3  5 0 -2 -1
   1
    A 1 1  4 3  4 0 -2 -1
     -1/8*(-5+d)*mt^(-2)
    A 1 1  4 2  4 0 -1 -1
     1/4*(s-2*mt^2)*mt^(-2)
    A 1 1  3 2  3 0 -1 -1
     -1/4*mt^(-2)
    A 1 1  3 2  3 0 -2 0
     -1/8*mt^(-2)
;
  A 1 1  5 3  5 0 -2 -1
   1
    A 1 1  5 2  5 0 -2 0
     -2*mt^2
    A 1 1  4 2  4 0 -1 -1
     -1/2
    A 1 1  4 2  4 0 -2 0
     -1
    A 1 1  4 1  4 0 -1 0
     -1/2*s+mt^2
    A 1 1  3 1  3 0 -1 0
     1/2
;
  A 1 1  5 3  5 0 -2 -1
   1
    A 1 1  5 3  5 -1 -1 -1
     -1
    A 1 1  5 2  5 0 -1 -1
     -s
    A 1 1  4 2  4 0 -1 -1
     -1/4
    A 1 1  4 2  4 0 -2 0
     -1/4
    A 1 1  4 2  4 -1 0 -1
     1/4
    A 1 1  4 2  4 -1 -1 0
     1/4
    A 1 1  4 1  4 0 -1 0
     1/4*mt^2-1/4*t
;
  A 1 1  5 3  5 0 -1 -2
   1
    A 1 1  4 3  4 0 -1 -2
     -1/8*(-5+d)*mt^(-2)
    A 1 1  4 2  4 0 0 -2
     1/8*(s-2*mt^2)*mt^(-2)
    A 1 1  3 2  3 0 0 -2
     -1/8*mt^(-2)
    A 1 1  3 2  3 0 -1 -1
     -1/4*mt^(-2)
;
  A 1 1  5 3  5 0 -1 -2
   1
    A 1 1  5 2  5 0 -1 -1
     -2*mt^2
    A 1 1  4 2  4 0 0 -2
     -1/4
    A 1 1  4 2  4 0 -1 -1
     -5/4
    A 1 1  4 1  4 0 0 -1
     -1/4*s+1/2*mt^2
    A 1 1  3 1  3 0 0 -1
     1/4
    A 1 1  3 1  3 0 -1 0
     1/4
;
  A 1 1  5 3  5 0 -1 -2
   1
    A 1 1  5 3  5 -1 0 -2
     -1
    A 1 1  5 2  5 0 0 -2
     -s
    A 1 1  4 2  4 0 -1 -1
     -1/2
    A 1 1  4 2  4 -1 0 -1
     1/2
    A 1 1  4 1  4 0 0 -1
     1/2*mt^2-1/2*t
;
  A 1 1  5 3  5 0 0 -3
   1
    A 1 1  4 3  4 0 0 -3
     -1/8*(-5+d)*mt^(-2)
    A 1 1  3 2  3 0 0 -2
     -3/8*mt^(-2)
;
  A 1 1  5 3  5 0 0 -3
   1
    A 1 1  5 2  5 0 0 -2
     -2*mt^2
    A 1 1  4 2  4 0 0 -2
     -3/2
    A 1 1  3 1  3 0 0 -1
     1/2
;
  A 1 1  5 4  5 -4 0 0
   1
    A 1 1  4 3  4 -3 0 0
     -7/4
    A 1 1  3 2  3 -2 0 0
     3/4
;
  A 1 1  5 4  5 -3 -1 0
   1
    A 1 1  4 3  4 -2 -1 0
     -3/2
    A 1 1  4 3  4 -3 0 0
     -1/4
    A 1 1  4 2  4 -2 0 0
     -1/4*s
    A 1 1  3 2  3 -1 -1 0
     1/2
    A 1 1  3 2  3 -2 0 0
     1/4
;
  A 1 1  5 4  5 -3 -1 0
   1
    A 1 1  5 4  5 -4 0 0
     -1
    A 1 1  5 3  5 -3 0 0
     -s
    A 1 1  4 3  4 -2 -1 0
     -3/4
    A 1 1  4 3  4 -3 0 0
     3/4
;
  A 1 1  5 4  5 -3 0 -1
   1
    A 1 1  4 3  4 -2 0 -1
     -3/2
    A 1 1  4 3  4 -3 0 0
     -1/4
    A 1 1  4 2  4 -2 0 0
     -1/4*mt^2+1/4*t
    A 1 1  3 2  3 -1 0 -1
     1/2
    A 1 1  3 2  3 -2 0 0
     1/4
;
  A 1 1  5 4  5 -3 0 -1
   1
    A 1 1  5 3  5 -3 0 0
     -2*mt^2
    A 1 1  4 3  4 -2 0 -1
     -3/4
    A 1 1  4 3  4 -3 0 0
     -1
    A 1 1  4 2  4 -2 0 0
     3/4*mt^2+3/4*t
    A 1 1  3 2  3 -2 0 0
     3/4
;
  A 1 1  5 4  5 -2 -2 0
   1
    A 1 1  4 3  4 -1 -2 0
     -5/4
    A 1 1  4 3  4 -2 -1 0
     -1/2
    A 1 1  4 2  4 -1 -1 0
     -1/2*s
    A 1 1  3 2  3 0 -2 0
     1/4
    A 1 1  3 2  3 -1 -1 0
     1/2
;
  A 1 1  5 4  5 -2 -2 0
   1
    A 1 1  5 4  5 -3 -1 0
     -1
    A 1 1  5 3  5 -2 -1 0
     -s
    A 1 1  4 3  4 -1 -2 0
     -1/2
    A 1 1  4 3  4 -2 -1 0
     1/4
    A 1 1  4 3  4 -3 0 0
     1/4
;
  A 1 1  5 4  5 -2 -1 -1
   1
    A 1 1  4 3  4 -1 -1 -1
     -5/4
    A 1 1  4 3  4 -2 0 -1
     -1/4
    A 1 1  4 3  4 -2 -1 0
     -1/4
    A 1 1  4 2  4 -1 0 -1
     -1/4*s
    A 1 1  4 2  4 -1 -1 0
     -1/4*mt^2+1/4*t
    A 1 1  3 2  3 0 -1 -1
     1/4
    A 1 1  3 2  3 -1 0 -1
     1/4
    A 1 1  3 2  3 -1 -1 0
     1/4
;
  A 1 1  5 4  5 -2 -1 -1
   1
    A 1 1  5 3  5 -2 -1 0
     -2*mt^2
    A 1 1  4 3  4 -1 -1 -1
     -1/2
    A 1 1  4 3  4 -2 0 -1
     -1/4
    A 1 1  4 3  4 -2 -1 0
     -1
    A 1 1  4 2  4 -1 -1 0
     1/2*mt^2+1/2*t
    A 1 1  4 2  4 -2 0 0
     -1/4*s+1/2*mt^2
    A 1 1  3 2  3 -1 -1 0
     1/2
    A 1 1  3 2  3 -2 0 0
     1/4
;
  A 1 1  5 4  5 -2 -1 -1
   1
    A 1 1  5 4  5 -3 0 -1
     -1
    A 1 1  5 3  5 -2 0 -1
     -s
    A 1 1  4 3  4 -1 -1 -1
     -1/2
    A 1 1  4 3  4 -2 0 -1
     1/2
    A 1 1  4 3  4 -2 -1 0
     -1/4
    A 1 1  4 3  4 -3 0 0
     1/4
    A 1 1  4 2  4 -2 0 0
     1/4*mt^2-1/4*t
;
  A 1 1  5 4  5 -2 0 -2
   1
    A 1 1  4 3  4 -1 0 -2
     -5/4
    A 1 1  4 3  4 -2 0 -1
     -1/2
    A 1 1  4 2  4 -1 0 -1
     -1/2*mt^2+1/2*t
    A 1 1  3 2  3 0 0 -2
     1/4
    A 1 1  3 2  3 -1 0 -1
     1/2
;
  A 1 1  5 4  5 -2 0 -2
   1
    A 1 1  5 3  5 -2 0 -1
     -2*mt^2
    A 1 1  4 3  4 -1 0 -2
     -1/2
    A 1 1  4 3  4 -2 0 -1
     -5/4
    A 1 1  4 2  4 -1 0 -1
     1/2*mt^2+1/2*t
    A 1 1  3 2  3 -1 0 -1
     1/2
    A 1 1  3 2  3 -2 0 0
     1/4
;
  A 1 1  5 4  5 -1 -3 0
   1
    A 1 1  4 3  4 0 -3 0
     -1
    A 1 1  4 3  4 -1 -2 0
     -3/4
    A 1 1  4 2  4 0 -2 0
     -3/4*s
    A 1 1  3 2  3 0 -2 0
     3/4
;
  A 1 1  5 4  5 -1 -3 0
   1
    A 1 1  5 4  5 -2 -2 0
     -1
    A 1 1  5 3  5 -1 -2 0
     -s
    A 1 1  4 3  4 0 -3 0
     -1/4
    A 1 1  4 3  4 -1 -2 0
     -1/4
    A 1 1  4 3  4 -2 -1 0
     1/2
;
  A 1 1  5 4  5 -1 -2 -1
   1
    A 1 1  4 3  4 0 -2 -1
     -1
    A 1 1  4 3  4 -1 -1 -1
     -1/2
    A 1 1  4 3  4 -1 -2 0
     -1/4
    A 1 1  4 2  4 0 -1 -1
     -1/2*s
    A 1 1  4 2  4 0 -2 0
     -1/4*mt^2+1/4*t
    A 1 1  3 2  3 0 -1 -1
     1/2
    A 1 1  3 2  3 0 -2 0
     1/4
;
  A 1 1  5 4  5 -1 -2 -1
   1
    A 1 1  5 3  5 -1 -2 0
     -2*mt^2
    A 1 1  4 3  4 0 -2 -1
     -1/4
    A 1 1  4 3  4 -1 -1 -1
     -1/2
    A 1 1  4 3  4 -1 -2 0
     -1
    A 1 1  4 2  4 0 -2 0
     1/4*mt^2+1/4*t
    A 1 1  4 2  4 -1 -1 0
     -1/2*s+mt^2
    A 1 1  3 2  3 0 -2 0
     1/4
    A 1 1  3 2  3 -1 -1 0
     1/2
;
  A 1 1  5 4  5 -1 -2 -1
   1
    A 1 1  5 4  5 -2 -1 -1
     -1
    A 1 1  5 3  5 -1 -1 -1
     -s
    A 1 1  4 3  4 0 -2 -1
     -1/4
    A 1 1  4 3  4 -1 -2 0
     -1/4
    A 1 1  4 3  4 -2 0 -1
     1/4
    A 1 1  4 3  4 -2 -1 0
     1/4
    A 1 1  4 2  4 -1 -1 0
     1/4*mt^2-1/4*t
;
  A 1 1  5 4  5 -1 -1 -2
   1
    A 1 1  4 3  4 0 -1 -2
     -1
    A 1 1  4 3  4 -1 0 -2
     -1/4
    A 1 1  4 3  4 -1 -1 -1
     -1/2
    A 1 1  4 2  4 0 0 -2
     -1/4*s
    A 1 1  4 2  4 0 -1 -1
     -1/2*mt^2+1/2*t
    A 1 1  3 2  3 0 0 -2
     1/4
    A 1 1  3 2  3 0 -1 -1
     1/2
;
  A 1 1  5 4  5 -1 -1 -2
   1
    A 1 1  5 3  5 -1 -1 -1
     -2*mt^2
    A 1 1  4 3  4 0 -1 -2
     -1/4
    A 1 1  4 3  4 -1 0 -2
     -1/4
    A 1 1  4 3  4 -1 -1 -1
     -5/4
    A 1 1  4 2  4 0 -1 -1
     1/4*mt^2+1/4*t
    A 1 1  4 2  4 -1 0 -1
     -1/4*s+1/2*mt^2
    A 1 1  3 2  3 0 -1 -1
     1/4
    A 1 1  3 2  3 -1 0 -1
     1/4
    A 1 1  3 2  3 -1 -1 0
     1/4
;
  A 1 1  5 4  5 -1 -1 -2
   1
    A 1 1  5 4  5 -2 0 -2
     -1
    A 1 1  5 3  5 -1 0 -2
     -s
    A 1 1  4 3  4 0 -1 -2
     -1/4
    A 1 1  4 3  4 -1 0 -2
     1/4
    A 1 1  4 3  4 -1 -1 -1
     -1/2
    A 1 1  4 3  4 -2 0 -1
     1/2
    A 1 1  4 2  4 -1 0 -1
     1/2*mt^2-1/2*t
;
  A 1 1  5 4  5 -1 0 -3
   1
    A 1 1  4 3  4 0 0 -3
     -1
    A 1 1  4 3  4 -1 0 -2
     -3/4
    A 1 1  4 2  4 0 0 -2
     -3/4*mt^2+3/4*t
    A 1 1  3 2  3 0 0 -2
     3/4
;
  A 1 1  5 4  5 -1 0 -3
   1
    A 1 1  5 3  5 -1 0 -2
     -2*mt^2
    A 1 1  4 3  4 0 0 -3
     -1/4
    A 1 1  4 3  4 -1 0 -2
     -3/2
    A 1 1  4 2  4 0 0 -2
     1/4*mt^2+1/4*t
    A 1 1  3 2  3 0 0 -2
     1/4
    A 1 1  3 2  3 -1 0 -1
     1/2
;
  A 1 1  5 4  5 0 -4 0
   1
    A 1 1  5 4  5 -1 -3 0
     -1
    A 1 1  5 3  5 0 -3 0
     -s
    A 1 1  4 3  4 0 -3 0
     -3/4
    A 1 1  4 3  4 -1 -2 0
     3/4
;
  A 1 1  5 4  5 0 -3 -1
   1
    A 1 1  5 3  5 0 -3 0
     -2*mt^2
    A 1 1  4 3  4 0 -2 -1
     -3/4
    A 1 1  4 3  4 0 -3 0
     -1
    A 1 1  4 2  4 0 -2 0
     -3/4*s+3/2*mt^2
    A 1 1  3 2  3 0 -2 0
     3/4
;
  A 1 1  5 4  5 0 -3 -1
   1
    A 1 1  5 4  5 -1 -2 -1
     -1
    A 1 1  5 3  5 0 -2 -1
     -s
    A 1 1  4 3  4 0 -2 -1
     -1/2
    A 1 1  4 3  4 0 -3 0
     -1/4
    A 1 1  4 3  4 -1 -1 -1
     1/2
    A 1 1  4 3  4 -1 -2 0
     1/4
    A 1 1  4 2  4 0 -2 0
     1/4*mt^2-1/4*t
;
  A 1 1  5 4  5 0 -2 -2
   1
    A 1 1  5 3  5 0 -2 -1
     -2*mt^2
    A 1 1  4 3  4 0 -1 -2
     -1/2
    A 1 1  4 3  4 0 -2 -1
     -5/4
    A 1 1  4 2  4 0 -1 -1
     -1/2*s+mt^2
    A 1 1  3 2  3 0 -1 -1
     1/2
    A 1 1  3 2  3 0 -2 0
     1/4
;
  A 1 1  5 4  5 0 -2 -2
   1
    A 1 1  5 4  5 -1 -1 -2
     -1
    A 1 1  5 3  5 0 -1 -2
     -s
    A 1 1  4 3  4 0 -1 -2
     -1/4
    A 1 1  4 3  4 0 -2 -1
     -1/2
    A 1 1  4 3  4 -1 0 -2
     1/4
    A 1 1  4 3  4 -1 -1 -1
     1/2
    A 1 1  4 2  4 0 -1 -1
     1/2*mt^2-1/2*t
;
  A 1 1  5 4  5 0 -1 -3
   1
    A 1 1  5 3  5 0 -1 -2
     -2*mt^2
    A 1 1  4 3  4 0 0 -3
     -1/4
    A 1 1  4 3  4 0 -1 -2
     -3/2
    A 1 1  4 2  4 0 0 -2
     -1/4*s+1/2*mt^2
    A 1 1  3 2  3 0 0 -2
     1/4
    A 1 1  3 2  3 0 -1 -1
     1/2
;
  A 1 1  5 4  5 0 -1 -3
   1
    A 1 1  5 4  5 -1 0 -3
     -1
    A 1 1  5 3  5 0 0 -3
     -s
    A 1 1  4 3  4 0 -1 -2
     -3/4
    A 1 1  4 3  4 -1 0 -2
     3/4
    A 1 1  4 2  4 0 0 -2
     3/4*mt^2-3/4*t
;
  A 1 1  5 4  5 0 0 -4
   1
    A 1 1  5 3  5 0 0 -3
     -2*mt^2
    A 1 1  4 3  4 0 0 -3
     -7/4
    A 1 1  3 2  3 0 0 -2
     3/4
;
