  A 2 3  2 0  1 1 0 0
   1
    A 1 1  1 0  1 0 0 0
     -1/2*(-2+d)*mt^(-2)
;
  A 2 3  2 1  1 1 -1 0
   1
    A 1 1  1 0  1 0 0 0
     1/4*mt^(-2)*(2*s-4*mt^2-s*d)
;
  A 2 3  2 1  1 1 0 -1
   1
    A 1 1  1 0  1 0 0 0
     -1/4*(d*t+3*d*mt^2-2*mt^2-2*t)*mt^(-2)
;
  A 2 3  2 2  1 1 -2 0
   1
    A 1 1  1 0  1 0 0 0
     -1/6*(s^2*d-2*s^2+12*s*mt^2)*mt^(-2)
;
  A 2 3  2 2  1 1 -1 -1
   1
    A 1 1  1 0  1 0 0 0
     -1/12*mt^(-2)*(s*d*t-2*s*t+12*mt^2*t+12*mt^4+5*s*d*mt^2+2*s*mt^2)
;
  A 2 3  2 2  1 1 0 -2
   1
    A 1 1  1 0  1 0 0 0
     -1/6*(d*t^2-2*t^2+4*mt^2*t+7*d*mt^4+10*mt^4+4*d*mt^2*t)*mt^(-2)
;
  A 2 3  2 3  1 1 -3 0
   1
    A 1 1  1 0  1 0 0 0
     -1/8*d^(-1)*mt^(-2)*(24*s^2*d*mt^2+s^3*d^2+48*s*mt^4-2*s^3*d)
;
  A 2 3  2 3  1 1 -2 -1
   1
    A 1 1  1 0  1 0 0 0
     -1/24*(24*s*d*mt^2*t+10*s^2*d*mt^2+s^2*d^2*t+96*s*mt^4+72*s*d*mt^4-48*mt^6+7*s^2*d^2*mt^2-2*s^2*d*t+48*mt^4*t)*d^(-1)*mt^(-2)
;
  A 2 3  2 3  1 1 -1 -2
   1
    A 1 1  1 0  1 0 0 0
     -1/24*d^(-1)*mt^(-2)*(12*s*d*mt^2*t+48*d*mt^4*t+48*s*mt^4+62*s*d*mt^4+24*d*mt^6-2*s*d*t^2+s*d^2*t^2+17*s*d^2*mt^4+6*s*d^2*mt^2*t+24*d*mt^2*t^2+96*mt^4*t)
;
  A 2 3  2 3  1 1 0 -3
   1
    A 1 1  1 0  1 0 0 0
     1/8*d^(-1)*mt^(-2)*(2*d*t^3-50*d*mt^4*t-5*d^2*mt^2*t^2-48*mt^6-66*d*mt^6-15*d^2*mt^6-11*d^2*mt^4*t-d^2*t^3-14*d*mt^2*t^2-48*mt^4*t)
;
  A 2 3  3 0  2 1 0 0
   1
    A 1 1  1 0  1 0 0 0
     -1/8*(-2+d)*(-4+d)*mt^(-4)
;
  A 2 3  3 0  1 2 0 0
   1
    A 1 1  1 0  1 0 0 0
     -1/8*(-2+d)*(-4+d)*mt^(-4)
;
  A 2 3  3 1  2 1 -1 0
   1
    A 1 1  1 0  1 0 0 0
     -1/12*(8*s+s*d^2+6*d*mt^2-12*mt^2-6*s*d)*mt^(-4)
;
  A 2 3  3 1  2 1 0 -1
   1
    A 1 1  1 0  1 0 0 0
     -1/24*(5*d^2*mt^2-6*d*t-18*d*mt^2+16*mt^2+d^2*t+8*t)*mt^(-4)
;
  A 2 3  3 1  1 2 -1 0
   1
    A 1 1  1 0  1 0 0 0
     -1/24*mt^(-4)*(8*s+s*d^2+12*d*mt^2-24*mt^2-6*s*d)
;
  A 2 3  3 1  1 2 0 -1
   1
    A 1 1  1 0  1 0 0 0
     -1/12*mt^(-4)*(2*d^2*mt^2-6*d*t-6*d*mt^2+4*mt^2+d^2*t+8*t)
;
  A 2 3  3 2  2 1 -2 0
   1
    A 1 1  1 0  1 0 0 0
     1/16*(6*s^2*d-s^2*d^2-16*mt^4-8*s^2-16*s*d*mt^2+32*s*mt^2)*mt^(-4)
;
  A 2 3  3 2  2 1 -1 -1
   1
    A 1 1  1 0  1 0 0 0
     1/48*mt^(-4)*(6*s*d*t-8*s*t-7*s*d^2*mt^2+24*mt^2*t-36*d*mt^4+24*mt^4-12*d*mt^2*t-s*d^2*t+18*s*d*mt^2-8*s*mt^2)
;
  A 2 3  3 2  2 1 0 -2
   1
    A 1 1  1 0  1 0 0 0
     1/48*(6*d*t^2-8*t^2-6*d^2*mt^2*t+6*d*mt^4+8*mt^4+12*d*mt^2*t-17*d^2*mt^4-d^2*t^2)*mt^(-4)
;
  A 2 3  3 2  1 2 -2 0
   1
    A 1 1  1 0  1 0 0 0
     1/48*(6*s^2*d-s^2*d^2-48*mt^4-8*s^2-24*s*d*mt^2+48*s*mt^2)*mt^(-4)
;
  A 2 3  3 2  1 2 -1 -1
   1
    A 1 1  1 0  1 0 0 0
     1/48*(6*s*d*t-8*s*t-3*s*d^2*mt^2+48*mt^2*t-24*d*mt^4-24*d*mt^2*t-s*d^2*t+6*s*d*mt^2)*mt^(-4)
;
  A 2 3  3 2  1 2 0 -2
   1
    A 1 1  1 0  1 0 0 0
     1/48*(18*d*t^2-24*t^2-10*d^2*mt^2*t+16*mt^2*t-6*d*mt^4+8*mt^4+12*d*mt^2*t-11*d^2*mt^4-3*d^2*t^2)*mt^(-4)
;
  A 2 3  3 3  2 1 -3 0
   1
    A 1 1  1 0  1 0 0 0
     1/20*(60*s^2*mt^2-30*s^2*d*mt^2-s^3*d^2-120*s*mt^4-8*s^3+6*s^3*d)*mt^(-4)
;
  A 2 3  3 3  2 1 -2 -1
   1
    A 1 1  1 0  1 0 0 0
     1/240*(24*s^2*mt^2+160*s*mt^2*t-80*s*d*mt^2*t+42*s^2*d*mt^2-3*s^2*d^2*t-160*s*mt^4-400*s*d*mt^4-240*mt^6-27*s^2*d^2*mt^2+18*s^2*d*t-24*s^2*t-240*mt^4*t)*mt^(-4)
;
  A 2 3  3 3  2 1 -1 -2
   1
    A 1 1  1 0  1 0 0 0
     1/120*(16*s*mt^2*t+8*s*d*mt^2*t-80*d*mt^4*t+40*mt^2*t^2-8*s*mt^4-54*s*d*mt^4-200*mt^6-140*d*mt^6-8*s*t^2+6*s*d*t^2-s*d^2*t^2-31*s*d^2*mt^4-8*s*d^2*mt^2*t-20*d*mt^2*t^2-80*mt^4*t)*mt^(-4)
;
  A 2 3  3 3  2 1 0 -3
   1
    A 1 1  1 0  1 0 0 0
     -1/80*(8*t^3-6*d*t^3+62*d*mt^4*t-24*mt^2*t^2+7*d^2*mt^2*t^2+152*mt^6+186*d*mt^6+49*d^2*mt^6+23*d^2*mt^4*t+d^2*t^3-2*d*mt^2*t^2+24*mt^4*t)*mt^(-4)
;
  A 2 3  3 3  1 2 -3 0
   1
    A 1 1  1 0  1 0 0 0
     1/80*(80*s^2*mt^2-40*s^2*d*mt^2-s^3*d^2-240*s*mt^4-8*s^3+6*s^3*d)*mt^(-4)
;
  A 2 3  3 3  1 2 -2 -1
   1
    A 1 1  1 0  1 0 0 0
     1/120*(8*s^2*mt^2+80*s*mt^2*t-40*s*d*mt^2*t+4*s^2*d*mt^2-s^2*d^2*t-80*s*mt^4-80*s*d*mt^4-4*s^2*d^2*mt^2+6*s^2*d*t-8*s^2*t-240*mt^4*t)*mt^(-4)
;
  A 2 3  3 3  1 2 -1 -2
   1
    A 1 1  1 0  1 0 0 0
     1/240*(48*s*mt^2*t+4*s*d*mt^2*t-240*d*mt^4*t+240*mt^2*t^2-24*s*mt^4-62*s*d*mt^4-240*mt^6-120*d*mt^6-24*s*t^2+18*s*d*t^2-3*s*d^2*t^2-23*s*d^2*mt^4-14*s*d^2*mt^2*t-120*d*mt^2*t^2-480*mt^4*t)*mt^(-4)
;
  A 2 3  3 3  1 2 0 -3
   1
    A 1 1  1 0  1 0 0 0
     -1/40*mt^(-4)*(16*t^3-12*d*t^3+64*d*mt^4*t-48*mt^2*t^2+9*d^2*mt^2*t^2+64*mt^6+62*d*mt^6+13*d^2*mt^6+16*d^2*mt^4*t+2*d^2*t^3+6*d*mt^2*t^2+48*mt^4*t)
;
  A 2 3  3 4  2 1 -3 -1
   1
    A 2 3  3 4  2 1 -4 0
     -s^(-1)*(mt^2-t)
    A 1 1  1 0  1 0 0 0
     -1/40*d^(-1)*mt^(-4)*(25*s^2*d^2*mt^4-360*s*d*mt^6+480*s*mt^6+2*s^3*d^3*mt^2+95*s^2*d^2*mt^2*t+8*s^3*d^2*mt^2+16*s^3*d*t-190*s^2*d*mt^2*t-24*s^3*d*mt^2-12*s^3*d^2*t+840*s*d*mt^4*t+720*mt^6*t-720*mt^8+2*s^3*d^3*t+310*s^2*d*mt^4)
;
  A 2 3  3 4  2 1 -2 -2
   1
    A 2 3  3 4  2 1 -4 0
     -s^(-2)*(mt^2-t)^2
    A 1 1  1 0  1 0 0 0
     1/240*s^(-1)*d^(-1)*mt^(-4)*(72*s^3*d*t^2+1440*s^2*d*mt^4*t+120*s^3*d^2*mt^2*t-200*s^2*d^2*mt^6+440*s^2*d^2*mt^2*t^2+3840*mt^10-72*s^3*d*mt^4+4080*s*d*mt^8-7680*mt^8*t-30*s^3*d^3*mt^2*t-246*s^3*d^2*mt^4+9*s^3*d^3*t^2+4080*s*d*mt^4*t^2+3840*mt^6*t^2-3440*s^2*d*mt^6-1200*s^2*d^2*mt^4*t-120*s^3*d*mt^2*t-54*s^3*d^2*t^2-960*s*mt^6*t-9120*s*d*mt^6*t-880*s^2*d*mt^2*t^2-39*s^3*d^3*mt^4-1920*s^2*mt^6)
;
  A 2 3  3 4  2 1 -1 -3
   1
    A 2 3  3 4  2 1 -4 0
     -s^(-3)*(mt^2-t)^3
    A 1 1  1 0  1 0 0 0
     -1/240*s^(-2)*(510*s^2*d^2*mt^2*t^3+88*s^3*d*t^3-3840*mt^12+1440*s^2*mt^6*t+69*s^3*d^3*mt^4*t+2940*s^2*d*mt^8+432*s^3*d*mt^4*t+186*s^3*d^2*mt^2*t^2+3300*s^2*d*mt^4*t^2+1528*s^3*d*mt^6+1440*s^2*mt^8-1380*s^2*d*mt^6*t-4320*s*d*mt^10+11520*mt^10*t+834*s^3*d^2*mt^6-12960*s*d*mt^6*t^2+6*s^3*d^2*mt^4*t-288*s^3*d*mt^2*t^2-1290*s^2*d^2*mt^4*t^2+11*s^3*d^3*t^3+1770*s^2*d^2*mt^6*t+960*s^3*mt^6-30*s^2*d^2*mt^8-66*s^3*d^2*t^3-1020*s^2*d*mt^2*t^3+101*s^3*d^3*mt^6+12960*s*d*mt^8*t-11520*mt^8*t^2+3840*mt^6*t^3-21*s^3*d^3*mt^2*t^2+4320*s*d*mt^4*t^3)*d^(-1)*mt^(-4)
;
  A 2 3  3 4  2 1 0 -4
   1
    A 2 3  3 4  2 1 -4 0
     -s^(-4)*(mt^2-t)^4
    A 1 1  1 0  1 0 0 0
     -1/30*s^(-3)*(394*s^3*d*mt^6*t-2880*mt^10*t^2+294*s^3*d^2*mt^8-540*s*d*mt^4*t^4-480*mt^14-480*mt^6*t^4+720*s^2*d*mt^6*t^2+120*s^2*d*mt^2*t^4+480*s^3*mt^8+2160*s*d*mt^10*t+6*s^3*d^2*t^4-480*s^2*d*mt^8*t+31*s^3*d^3*mt^8-60*s^2*d^2*mt^10+1920*mt^12*t-s^3*d^3*t^4-540*s*d*mt^12-27*s^3*d^2*mt^2*t^3-480*s^2*d*mt^4*t^3+23*s^3*d^3*mt^6*t+240*s^2*d^2*mt^8*t+240*s^3*mt^6*t+2160*s*d*mt^6*t^3-3240*s*d*mt^8*t^2+120*s^2*d*mt^10+26*s^3*d*mt^2*t^3+240*s^2*d^2*mt^4*t^3+7*s^3*d^3*mt^2*t^3+117*s^3*d^2*mt^6*t+1920*mt^8*t^3-360*s^2*d^2*mt^6*t^2-8*s^3*d*t^4-60*s^2*d^2*mt^2*t^4+728*s^3*d*mt^8+90*s^3*d^2*mt^4*t^2)*d^(-1)*mt^(-4)
;
  A 2 3  3 4  1 2 -4 0
   1
    A 2 3  3 4  2 1 -4 0
     1
    A 1 1  1 0  1 0 0 0
     -1/20*d^(-1)*(480*s*mt^6+50*s^3*d^2*mt^2-100*s^3*d*mt^2+8*s^4*d-6*s^4*d^2+480*s^2*d*mt^4+s^4*d^3)*mt^(-4)
;
  A 2 3  3 4  1 2 -3 -1
   1
    A 2 3  3 4  2 1 -4 0
     s^(-1)*(mt^2-t)
    A 1 1  1 0  1 0 0 0
     -1/80*d^(-1)*(220*s^2*d^2*mt^4+1680*s*d*mt^6+480*s*mt^6+5*s^3*d^3*mt^2-140*s^2*d^2*mt^2*t-20*s^3*d^2*mt^2-24*s^3*d*t+280*s^2*d*mt^2*t+20*s^3*d*mt^2+18*s^3*d^2*t-1200*s*d*mt^4*t-960*mt^6*t+960*mt^8-3*s^3*d^3*t-200*s^2*d*mt^4)*mt^(-4)
;
  A 2 3  3 4  1 2 -2 -2
   1
    A 2 3  3 4  2 1 -4 0
     s^(-2)*(mt^2-t)^2
    A 1 1  1 0  1 0 0 0
     -1/240*s^(-1)*d^(-1)*(88*s^3*d*t^2+2480*s^2*d*mt^4*t+124*s^3*d^2*mt^2*t+700*s^2*d^2*mt^6+540*s^2*d^2*mt^2*t^2+3840*mt^10+144*s^3*d*mt^4+4080*s*d*mt^8-960*s*mt^8-7680*mt^8*t-14*s^3*d^3*mt^2*t+2*s^3*d^2*mt^4+11*s^3*d^3*t^2+5040*s*d*mt^4*t^2+3840*mt^6*t^2+40*s^2*d*mt^6-760*s^2*d^2*mt^4*t-192*s^3*d*mt^2*t-66*s^3*d^2*t^2+1920*s*mt^6*t-8160*s*d*mt^6*t-1080*s^2*d*mt^2*t^2+23*s^3*d^3*mt^4+960*s^2*mt^6)*mt^(-4)
;
  A 2 3  3 4  1 2 -1 -3
   1
    A 2 3  3 4  2 1 -4 0
     s^(-3)*(mt^2-t)^3
    A 1 1  1 0  1 0 0 0
     1/120*s^(-2)*d^(-1)*mt^(-4)*(180*s^2*d^2*mt^2*t^3+32*s^3*d*t^3-1920*mt^12-1440*s^2*mt^6*t+240*s^2*d*mt^8+81*s^3*d^2*mt^2*t^2+720*s^2*d*mt^4*t^2-394*s^3*d*mt^6-2520*s^2*d*mt^6*t-2160*s*d*mt^10+5760*mt^10*t-117*s^3*d^2*mt^6-6480*s*d*mt^6*t^2-180*s^3*d^2*mt^4*t-78*s^3*d*mt^2*t^2-900*s^2*d^2*mt^4*t^2+4*s^3*d^3*t^3+540*s^2*d^2*mt^6*t-240*s^3*mt^6-300*s^2*d^2*mt^8-24*s^3*d^2*t^3-360*s^2*d*mt^2*t^3-23*s^3*d^3*mt^6+6480*s*d*mt^8*t-5760*mt^8*t^2+1920*mt^6*t^3-21*s^3*d^3*mt^2*t^2+2160*s*d*mt^4*t^3)
;
  A 2 3  3 4  1 2 0 -4
   1
    A 2 3  3 4  2 1 -4 0
     s^(-4)*(mt^2-t)^4
    A 1 1  1 0  1 0 0 0
     -1/60*s^(-3)*d^(-1)*mt^(-4)*(1096*s^3*d*mt^6*t+5760*mt^10*t^2+264*s^3*d^2*mt^8+1080*s*d*mt^4*t^4+960*mt^14+960*mt^6*t^4-1440*s^2*d*mt^6*t^2-240*s^2*d*mt^2*t^4+480*s^3*mt^8-4320*s*d*mt^10*t+564*s^3*d*mt^4*t^2-30*s^3*d^2*t^4+960*s^2*d*mt^8*t+31*s^3*d^3*mt^8+48*s^3*d^3*mt^4*t^2+120*s^2*d^2*mt^10-3840*mt^12*t+5*s^3*d^3*t^4+1080*s*d*mt^12+96*s^3*d^2*mt^2*t^3+960*s^2*d*mt^4*t^3+32*s^3*d^3*mt^6*t-480*s^2*d^2*mt^8*t+960*s^3*mt^6*t-4320*s*d*mt^6*t^3+6480*s*d*mt^8*t^2-240*s^2*d*mt^10-208*s^3*d*mt^2*t^3-480*s^2*d^2*mt^4*t^3+4*s^3*d^3*mt^2*t^3+468*s^3*d^2*mt^6*t-3840*mt^8*t^3+720*s^2*d^2*mt^6*t^2+40*s^3*d*t^4+120*s^2*d^2*mt^2*t^4+788*s^3*d*mt^8+162*s^3*d^2*mt^4*t^2)
;
  A 2 3  4 0  3 1 0 0
   1
    A 1 1  1 0  1 0 0 0
     -1/48*(-2+d)*(-4+d)*(-6+d)*mt^(-6)
;
  A 2 3  4 0  2 2 0 0
   1
    A 1 1  1 0  1 0 0 0
     -1/48*(-2+d)*(-4+d)*(-6+d)*mt^(-6)
;
  A 2 3  4 0  1 3 0 0
   1
    A 1 1  1 0  1 0 0 0
     -1/48*(-2+d)*(-4+d)*(-6+d)*mt^(-6)
;
  A 2 3  4 1  3 1 -1 0
   1
    A 1 1  1 0  1 0 0 0
     -1/64*mt^(-6)*(8*d^2*mt^2-48*s-12*s*d^2-48*d*mt^2+64*mt^2+s*d^3+44*s*d)
;
  A 2 3  4 1  3 1 0 -1
   1
    A 1 1  1 0  1 0 0 0
     -1/192*mt^(-6)*(7*d^3*mt^2-60*d^2*mt^2+44*d*t+164*d*mt^2-144*mt^2-12*d^2*t+d^3*t-48*t)
;
  A 2 3  4 1  2 2 -1 0
   1
    A 1 1  1 0  1 0 0 0
     -1/96*(12*d^2*mt^2-48*s-12*s*d^2-72*d*mt^2+96*mt^2+s*d^3+44*s*d)*mt^(-6)
;
  A 2 3  4 1  2 2 0 -1
   1
    A 1 1  1 0  1 0 0 0
     -1/96*(3*d^3*mt^2-24*d^2*mt^2+44*d*t+60*d*mt^2-48*mt^2-12*d^2*t+d^3*t-48*t)*mt^(-6)
;
  A 2 3  4 1  1 3 -1 0
   1
    A 1 1  1 0  1 0 0 0
     -1/192*mt^(-6)*(24*d^2*mt^2-48*s-12*s*d^2-144*d*mt^2+192*mt^2+s*d^3+44*s*d)
;
  A 2 3  4 1  1 3 0 -1
   1
    A 1 1  1 0  1 0 0 0
     -1/192*(5*d^3*mt^2-36*d^2*mt^2+132*d*t+76*d*mt^2-48*mt^2-36*d^2*t+3*d^3*t-144*t)*mt^(-6)
;
  A 2 3  4 2  3 1 -2 0
   1
    A 1 1  1 0  1 0 0 0
     -1/80*mt^(-6)*(44*s^2*d+20*s*d^2*mt^2+s^2*d^3-12*s^2*d^2+40*d*mt^4-80*mt^4-48*s^2-120*s*d*mt^2+160*s*mt^2)
;
  A 2 3  4 2  3 1 -1 -1
   1
    A 1 1  1 0  1 0 0 0
     -1/960*(132*s*d*t-144*s*t-204*s*d^2*mt^2+40*d^2*mt^2*t+27*s*d^3*mt^2+320*mt^2*t-720*d*mt^4+640*mt^4-240*d*mt^2*t+200*d^2*mt^4+3*s*d^3*t-36*s*d^2*t+468*s*d*mt^2-336*s*mt^2)*mt^(-6)
;
  A 2 3  4 2  3 1 0 -2
   1
    A 1 1  1 0  1 0 0 0
     -1/480*(44*d*t^2-48*t^2-56*d^2*mt^2*t-64*mt^2*t+164*d*mt^4-48*mt^4+d^3*t^2+112*d*mt^2*t-132*d^2*mt^4+31*d^3*mt^4-12*d^2*t^2+8*d^3*mt^2*t)*mt^(-6)
;
  A 2 3  4 2  2 2 -2 0
   1
    A 1 1  1 0  1 0 0 0
     -1/480*(132*s^2*d+80*s*d^2*mt^2+3*s^2*d^3-36*s^2*d^2+240*d*mt^4-480*mt^4-144*s^2-480*s*d*mt^2+640*s*mt^2)*mt^(-6)
;
  A 2 3  4 2  2 2 -1 -1
   1
    A 1 1  1 0  1 0 0 0
     -1/240*(44*s*d*t-48*s*t-28*s*d^2*mt^2+20*d^2*mt^2*t+4*s*d^3*mt^2+160*mt^2*t-120*d*mt^4+80*mt^4-120*d*mt^2*t+40*d^2*mt^4+s*d^3*t-12*s*d^2*t+56*s*d*mt^2-32*s*mt^2)*mt^(-6)
;
  A 2 3  4 2  2 2 0 -2
   1
    A 1 1  1 0  1 0 0 0
     -1/480*(132*d*t^2-144*t^2-88*d^2*mt^2*t-32*mt^2*t+52*d*mt^4+16*mt^4+3*d^3*t^2+136*d*mt^2*t-76*d^2*mt^4+23*d^3*mt^4-36*d^2*t^2+14*d^3*mt^2*t)*mt^(-6)
;
  A 2 3  4 2  1 3 -2 0
   1
    A 1 1  1 0  1 0 0 0
     -1/480*mt^(-6)*(44*s^2*d+40*s*d^2*mt^2+s^2*d^3-12*s^2*d^2+240*d*mt^4-480*mt^4-48*s^2-240*s*d*mt^2+320*s*mt^2)
;
  A 2 3  4 2  1 3 -1 -1
   1
    A 1 1  1 0  1 0 0 0
     -1/960*(132*s*d*t-144*s*t-44*s*d^2*mt^2+120*d^2*mt^2*t+7*s*d^3*mt^2+960*mt^2*t-240*d*mt^4-720*d*mt^2*t+120*d^2*mt^4+3*s*d^3*t-36*s*d^2*t+68*s*d*mt^2-16*s*mt^2)*mt^(-6)
;
  A 2 3  4 2  1 3 0 -2
   1
    A 1 1  1 0  1 0 0 0
     -1/240*(132*d*t^2-144*t^2-48*d^2*mt^2*t+48*mt^2*t-8*d*mt^4+16*mt^4+3*d^3*t^2+36*d*mt^2*t-16*d^2*mt^4+8*d^3*mt^4-36*d^2*t^2+9*d^3*mt^2*t)*mt^(-6)
;
  A 2 3  4 3  3 1 -3 0
   1
    A 1 1  1 0  1 0 0 0
     -1/96*(s^3*d^3+288*s^2*mt^2-216*s^2*d*mt^2-12*s^3*d^2-432*s*mt^4+216*s*d*mt^4+96*mt^6-48*s^3+44*s^3*d+36*s^2*d^2*mt^2)*mt^(-6)
;
  A 2 3  4 3  3 1 -2 -1
   1
    A 1 1  1 0  1 0 0 0
     1/480*mt^(-6)*(48*s^2*mt^2-240*s*mt^2*t+180*s*d*mt^2*t-124*s^2*d*mt^2-120*d*mt^4*t+12*s^2*d^2*t-240*s*mt^4+540*s*d*mt^4+240*mt^6-360*d*mt^6-s^2*d^3*t-11*s^2*d^3*mt^2+72*s^2*d^2*mt^2-44*s^2*d*t-210*s*d^2*mt^4-30*s*d^2*mt^2*t+48*s^2*t+240*mt^4*t)
;
  A 2 3  4 3  3 1 -1 -2
   1
    A 1 1  1 0  1 0 0 0
     -1/960*(80*s*d*mt^2*t-240*d*mt^4*t+160*mt^2*t^2+20*d^2*mt^2*t^2+48*s*mt^4-4*s*d*mt^4-160*mt^6-120*d*mt^6+10*s*d^3*mt^2*t-48*s*t^2+44*s*d*t^2+49*s*d^3*mt^4-12*s*d^2*t^2+340*d^2*mt^6+s*d^3*t^2-108*s*d^2*mt^4-60*s*d^2*mt^2*t+120*d^2*mt^4*t-120*d*mt^2*t^2)*mt^(-6)
;
  A 2 3  4 3  3 1 0 -3
   1
    A 1 1  1 0  1 0 0 0
     1/960*mt^(-6)*(48*t^3-44*d*t^3+84*d*mt^4*t-48*mt^2*t^2+48*d^2*mt^2*t^2-39*d^3*mt^4*t+48*mt^6+156*d*mt^6-9*d^3*mt^2*t^2-d^3*t^3-108*d^2*mt^6+48*d^2*mt^4*t-111*d^3*mt^6+12*d^2*t^3-36*d*mt^2*t^2-48*mt^4*t)
;
  A 2 3  4 3  2 2 -3 0
   1
    A 1 1  1 0  1 0 0 0
     -1/240*(s^3*d^3+360*s^2*mt^2-270*s^2*d*mt^2-12*s^3*d^2-720*s*mt^4+360*s*d*mt^4+240*mt^6-48*s^3+44*s^3*d+45*s^2*d^2*mt^2)*mt^(-6)
;
  A 2 3  4 3  2 2 -2 -1
   1
    A 1 1  1 0  1 0 0 0
     -1/480*(320*s*mt^2*t-240*s*d*mt^2*t+40*s^2*d*mt^2+240*d*mt^4*t-12*s^2*d^2*t-240*s*d*mt^4+240*d*mt^6+s^2*d^3*t+5*s^2*d^3*mt^2-30*s^2*d^2*mt^2+44*s^2*d*t+120*s*d^2*mt^4+40*s*d^2*mt^2*t-48*s^2*t-480*mt^4*t)*mt^(-6)
;
  A 2 3  4 3  2 2 -1 -2
   1
    A 1 1  1 0  1 0 0 0
     -1/480*mt^(-6)*(32*s*mt^2*t+24*s*d*mt^2*t-120*d*mt^4*t+240*mt^2*t^2+30*d^2*mt^2*t^2+16*s*mt^4-28*s*d*mt^4-80*mt^6+60*d*mt^6+6*s*d^3*mt^2*t-48*s*t^2+44*s*d*t^2+13*s*d^3*mt^4-12*s*d^2*t^2+110*d^2*mt^6+s*d^3*t^2-16*s*d^2*mt^4-32*s*d^2*mt^2*t+100*d^2*mt^4*t-180*d*mt^2*t^2-160*mt^4*t)
;
  A 2 3  4 3  2 2 0 -3
   1
    A 1 1  1 0  1 0 0 0
     1/240*(48*t^3-44*d*t^3+60*d*mt^4*t-72*mt^2*t^2+27*d^2*mt^2*t^2-15*d^3*mt^4*t+24*mt^6+18*d*mt^6-6*d^3*mt^2*t^2-d^3*t^3-39*d^2*mt^6-18*d^3*mt^6+12*d^2*t^3+6*d*mt^2*t^2)*mt^(-6)
;
  A 2 3  4 3  1 3 -3 0
   1
    A 1 1  1 0  1 0 0 0
     -1/960*(s^3*d^3+480*s^2*mt^2-360*s^2*d*mt^2-12*s^3*d^2-1440*s*mt^4+720*s*d*mt^4+960*mt^6-48*s^3+44*s^3*d+60*s^2*d^2*mt^2)*mt^(-6)
;
  A 2 3  4 3  1 3 -2 -1
   1
    A 1 1  1 0  1 0 0 0
     -1/960*(16*s^2*mt^2+480*s*mt^2*t-360*s*d*mt^2*t+12*s^2*d*mt^2+720*d*mt^4*t-12*s^2*d^2*t-160*s*mt^4-120*s*d*mt^4+480*mt^6+240*d*mt^6+s^2*d^3*t+3*s^2*d^3*mt^2-16*s^2*d^2*mt^2+44*s^2*d*t+100*s*d^2*mt^4+60*s*d^2*mt^2*t-48*s^2*t-1440*mt^4*t)*mt^(-6)
;
  A 2 3  4 3  1 3 -1 -2
   1
    A 1 1  1 0  1 0 0 0
     -1/480*mt^(-6)*(48*s*mt^2*t-4*s*d*mt^2*t+480*mt^2*t^2+60*d^2*mt^2*t^2-20*s*d*mt^4+120*d*mt^6+4*s*d^3*mt^2*t-48*s*t^2+44*s*d*t^2+5*s*d^3*mt^4-12*s*d^2*t^2+60*d^2*mt^6+s*d^3*t^2-18*s*d^2*mt^2*t+120*d^2*mt^4*t-360*d*mt^2*t^2-480*mt^4*t)
;
  A 2 3  4 3  1 3 0 -3
   1
    A 1 1  1 0  1 0 0 0
     1/480*(240*t^3-220*d*t^3+168*d*mt^4*t-432*mt^2*t^2+72*d^2*mt^2*t^2-33*d^3*mt^4*t+48*mt^6-24*d*mt^6-21*d^3*mt^2*t^2-5*d^3*t^3-78*d^2*mt^6-54*d^2*mt^4*t-21*d^3*mt^6+60*d^2*t^3+156*d*mt^2*t^2+144*mt^4*t)*mt^(-6)
;
  A 2 3  4 4  2 2 -4 0
   1
    A 2 3  4 4  3 1 -4 0
     2
    A 2 3  4 3  3 1 -3 0
     -2*s
    A 2 3  3 3  2 1 -3 0
     -4
    A 1 1  3 3  3 0 -3 0
     -2
    A 1 1  2 2  2 0 -2 0
     3
;
  A 2 3  4 4  2 2 -3 -1
   1
    A 2 3  4 4  3 1 -3 -1
     2
    A 2 3  4 3  3 1 -2 -1
     -2*s
    A 2 3  3 3  2 1 -2 -1
     -3
    A 2 3  3 3  2 1 -3 0
     -1
    A 2 3  3 2  2 1 -2 0
     mt^2-t
    A 1 1  3 3  3 0 -2 -1
     -2
    A 1 1  2 2  2 0 -1 -1
     2
    A 1 1  2 2  2 0 -2 0
     1
;
  A 2 3  4 4  2 2 -3 -1
   1
    A 2 3  4 4  3 1 -3 -1
     2
    A 2 3  4 3  2 2 -3 0
     -mt^2-t
    A 2 3  4 3  3 1 -3 0
     -4*mt^2
    A 2 3  3 3  1 2 -3 0
     -1
    A 2 3  3 3  2 1 -2 -1
     -3
    A 2 3  3 3  2 1 -3 0
     -2
    A 2 3  3 2  2 1 -2 0
     -3*s+6*mt^2
    A 2 3  2 2  1 1 -2 0
     3
;
  A 2 3  4 4  2 2 -3 -1
   1
    A 2 3  4 4  2 2 -4 0
     -s^(-1)*(mt^2-t)
    A 2 3  4 3  2 2 -3 0
     -mt^2-t
    A 2 3  3 3  1 2 -3 0
     -1
    A 2 3  3 3  2 1 -2 -1
     -3
    A 2 3  3 3  2 1 -3 0
     s^(-1)*(3*s+mt^2-t)
    A 2 3  3 2  2 1 -2 0
     -3*s+6*mt^2
    A 2 3  2 2  1 1 -2 0
     3
    A 1 1  2 2  2 0 -2 0
     -3
;
  A 2 3  4 4  2 2 -2 -2
   1
    A 2 3  4 4  3 1 -2 -2
     2
    A 2 3  4 3  3 1 -1 -2
     -2*s
    A 2 3  3 3  2 1 -1 -2
     -2
    A 2 3  3 3  2 1 -2 -1
     -2
    A 2 3  3 2  2 1 -1 -1
     2*mt^2-2*t
    A 1 1  3 3  3 0 -1 -2
     -2
    A 1 1  2 2  2 0 0 -2
     1
    A 1 1  2 2  2 0 -1 -1
     2
;
  A 2 3  4 4  2 2 -2 -2
   1
    A 2 3  4 4  3 1 -2 -2
     2
    A 2 3  4 3  2 2 -2 -1
     -mt^2-t
    A 2 3  4 3  3 1 -2 -1
     -4*mt^2
    A 2 3  3 3  1 2 -2 -1
     -1
    A 2 3  3 3  2 1 -1 -2
     -2
    A 2 3  3 3  2 1 -2 -1
     -3
    A 2 3  3 2  2 1 -1 -1
     -2*s+4*mt^2
    A 2 3  2 2  1 1 -1 -1
     2
    A 2 3  2 2  1 1 -2 0
     1
;
  A 2 3  4 4  2 2 -2 -2
   1
    A 2 3  4 4  2 2 -3 -1
     -s^(-1)*(mt^2-t)
    A 2 3  4 3  2 2 -2 -1
     -mt^2-t
    A 2 3  3 3  1 2 -2 -1
     -1
    A 2 3  3 3  2 1 -1 -2
     -2
    A 2 3  3 3  2 1 -2 -1
     s^(-1)*(s+2*mt^2-2*t)
    A 2 3  3 3  2 1 -3 0
     2*s^(-1)*mt^2
    A 2 3  3 2  2 1 -1 -1
     -2*s+4*mt^2
    A 2 3  3 2  2 1 -2 0
     -2*s^(-1)*mt^2*(mt^2-t)
    A 2 3  2 2  1 1 -1 -1
     2
    A 2 3  2 2  1 1 -2 0
     s^(-1)*(s-mt^2+t)
    A 1 1  2 2  2 0 -1 -1
     -2
    A 1 1  2 2  2 0 -2 0
     -2*s^(-1)*mt^2
;
  A 2 3  4 4  2 2 -1 -3
   1
    A 2 3  4 4  3 1 -1 -3
     2
    A 2 3  4 3  3 1 0 -3
     -2*s
    A 2 3  3 3  2 1 0 -3
     -1
    A 2 3  3 3  2 1 -1 -2
     -3
    A 2 3  3 2  2 1 0 -2
     3*mt^2-3*t
    A 1 1  3 3  3 0 0 -3
     -2
    A 1 1  2 2  2 0 0 -2
     3
;
  A 2 3  4 4  2 2 -1 -3
   1
    A 2 3  4 4  3 1 -1 -3
     2
    A 2 3  4 3  2 2 -1 -2
     -mt^2-t
    A 2 3  4 3  3 1 -1 -2
     -4*mt^2
    A 2 3  3 3  1 2 -1 -2
     -1
    A 2 3  3 3  2 1 0 -3
     -1
    A 2 3  3 3  2 1 -1 -2
     -4
    A 2 3  3 2  2 1 0 -2
     -s+2*mt^2
    A 2 3  2 2  1 1 0 -2
     1
    A 2 3  2 2  1 1 -1 -1
     2
;
  A 2 3  4 4  2 2 -1 -3
   1
    A 2 3  4 4  2 2 -2 -2
     -s^(-1)*(mt^2-t)
    A 2 3  4 3  2 2 -1 -2
     -mt^2-t
    A 2 3  3 3  1 2 -1 -2
     -1
    A 2 3  3 3  2 1 0 -3
     -1
    A 2 3  3 3  2 1 -1 -2
     -s^(-1)*(s-3*mt^2+3*t)
    A 2 3  3 3  2 1 -2 -1
     4*s^(-1)*mt^2
    A 2 3  3 2  2 1 0 -2
     -s+2*mt^2
    A 2 3  3 2  2 1 -1 -1
     -4*s^(-1)*mt^2*(mt^2-t)
    A 2 3  2 2  1 1 0 -2
     1
    A 2 3  2 2  1 1 -1 -1
     2*s^(-1)*(s-mt^2+t)
    A 1 1  2 2  2 0 0 -2
     -1
    A 1 1  2 2  2 0 -1 -1
     -4*s^(-1)*mt^2
;
  A 2 3  4 4  2 2 0 -4
   1
    A 2 3  4 4  3 1 0 -4
     2
    A 2 3  4 3  2 2 0 -3
     -mt^2-t
    A 2 3  4 3  3 1 0 -3
     -4*mt^2
    A 2 3  3 3  1 2 0 -3
     -1
    A 2 3  3 3  2 1 0 -3
     -5
    A 2 3  2 2  1 1 0 -2
     3
;
  A 2 3  4 4  2 2 0 -4
   1
    A 2 3  4 4  2 2 -1 -3
     -s^(-1)*(mt^2-t)
    A 2 3  4 3  2 2 0 -3
     -mt^2-t
    A 2 3  3 3  1 2 0 -3
     -1
    A 2 3  3 3  2 1 0 -3
     -(3*s-4*mt^2+4*t)*s^(-1)
    A 2 3  3 3  2 1 -1 -2
     6*s^(-1)*mt^2
    A 2 3  3 2  2 1 0 -2
     -6*s^(-1)*mt^2*(mt^2-t)
    A 2 3  2 2  1 1 0 -2
     3*s^(-1)*(s-mt^2+t)
    A 1 1  2 2  2 0 0 -2
     -6*s^(-1)*mt^2
;
  A 2 3  4 4  1 3 -4 0
   1
    A 2 3  4 4  2 2 -4 0
     1/2
    A 2 3  4 3  2 2 -3 0
     -1/2*s
    A 2 3  3 3  1 2 -3 0
     -5/2
    A 2 3  3 3  2 1 -3 0
     -1/2
    A 2 3  2 2  1 1 -2 0
     3/2
;
  A 2 3  4 4  1 3 -3 -1
   1
    A 2 3  4 4  2 2 -3 -1
     1/2
    A 2 3  4 3  2 2 -2 -1
     -1/2*s
    A 2 3  3 3  1 2 -2 -1
     -2
    A 2 3  3 3  1 2 -3 0
     -1/2
    A 2 3  3 3  2 1 -2 -1
     -1/2
    A 2 3  3 2  1 2 -2 0
     1/2*mt^2-1/2*t
    A 2 3  2 2  1 1 -1 -1
     1
    A 2 3  2 2  1 1 -2 0
     1/2
;
  A 2 3  4 4  1 3 -3 -1
   1
    A 2 3  4 4  2 2 -3 -1
     1/2
    A 2 3  4 3  1 3 -3 0
     -mt^2-t
    A 2 3  4 3  2 2 -3 0
     -mt^2
    A 2 3  3 3  1 2 -2 -1
     -3/2
    A 2 3  3 3  1 2 -3 0
     -1/2
    A 2 3  3 2  1 2 -2 0
     -3/2*s+3*mt^2
    A 1 1  3 3  3 0 -3 0
     -1
    A 1 1  3 3  3 -1 -2 0
     3
    A 1 1  3 3  3 -2 -1 0
     -3
    A 1 1  3 3  3 -3 0 0
     1
    A 1 1  3 2  3 0 -2 0
     3*s
    A 1 1  3 2  3 -1 -1 0
     -6*s
    A 1 1  3 2  3 -2 0 0
     3*s
    A 1 1  3 1  3 0 -1 0
     -3*s^2
    A 1 1  3 1  3 -1 0 0
     3*s^2
    A 1 1  3 0  3 0 0 0
     s^3
    A 1 1  2 2  2 0 -2 0
     -3/2
    A 1 1  2 2  2 -1 -1 0
     3
    A 1 1  2 2  2 -2 0 0
     -3/2
    A 1 1  2 1  2 0 -1 0
     3*s
    A 1 1  2 1  2 -1 0 0
     -3*s
    A 1 1  2 0  2 0 0 0
     -3/2*s^2
;
  A 2 3  4 4  1 3 -3 -1
   1
    A 2 3  4 4  1 3 -4 0
     -s^(-1)*(mt^2-t)
    A 2 3  4 3  1 3 -3 0
     -mt^2-t
    A 2 3  3 3  1 2 -2 -1
     -3/2
    A 2 3  3 3  1 2 -3 0
     1/2*s^(-1)*(3*s+2*mt^2-2*t)
    A 2 3  3 2  1 2 -2 0
     -3/2*s+3*mt^2
    A 2 3  2 2  1 1 -2 0
     -3/2
    A 1 1  3 3  3 0 -3 0
     -1
    A 1 1  3 3  3 -1 -2 0
     3
    A 1 1  3 3  3 -2 -1 0
     -3
    A 1 1  3 3  3 -3 0 0
     1
    A 1 1  3 2  3 0 -2 0
     3*s
    A 1 1  3 2  3 -1 -1 0
     -6*s
    A 1 1  3 2  3 -2 0 0
     3*s
    A 1 1  3 1  3 0 -1 0
     -3*s^2
    A 1 1  3 1  3 -1 0 0
     3*s^2
    A 1 1  3 0  3 0 0 0
     s^3
    A 1 1  2 2  2 0 -2 0
     -3/2
    A 1 1  2 2  2 -1 -1 0
     3
    A 1 1  2 2  2 -2 0 0
     -3/2
    A 1 1  2 1  2 0 -1 0
     3*s
    A 1 1  2 1  2 -1 0 0
     -3*s
    A 1 1  2 0  2 0 0 0
     -3/2*s^2
;
  A 2 3  4 4  1 3 -2 -2
   1
    A 2 3  4 4  2 2 -2 -2
     1/2
    A 2 3  4 3  2 2 -1 -2
     -1/2*s
    A 2 3  3 3  1 2 -1 -2
     -3/2
    A 2 3  3 3  1 2 -2 -1
     -1
    A 2 3  3 3  2 1 -1 -2
     -1/2
    A 2 3  3 2  1 2 -1 -1
     mt^2-t
    A 2 3  2 2  1 1 0 -2
     1/2
    A 2 3  2 2  1 1 -1 -1
     1
;
  A 2 3  4 4  1 3 -2 -2
   1
    A 2 3  4 4  2 2 -2 -2
     1/2
    A 2 3  4 3  1 3 -2 -1
     -mt^2-t
    A 2 3  4 3  2 2 -2 -1
     -mt^2
    A 2 3  3 3  1 2 -1 -2
     -1
    A 2 3  3 3  1 2 -2 -1
     -1
    A 2 3  3 2  1 2 -1 -1
     -s+2*mt^2
    A 1 1  3 3  3 0 -2 -1
     -1
    A 1 1  3 3  3 -1 -1 -1
     2
    A 1 1  3 3  3 -1 -2 0
     1
    A 1 1  3 3  3 -2 0 -1
     -1
    A 1 1  3 3  3 -2 -1 0
     -2
    A 1 1  3 3  3 -3 0 0
     1
    A 1 1  3 2  3 0 -1 -1
     2*s
    A 1 1  3 2  3 0 -2 0
     mt^2-t
    A 1 1  3 2  3 -1 0 -1
     -2*s
    A 1 1  3 2  3 -1 -1 0
     -2*s-2*mt^2+2*t
    A 1 1  3 2  3 -2 0 0
     2*s+mt^2-t
    A 1 1  3 1  3 0 0 -1
     -s^2
    A 1 1  3 1  3 0 -1 0
     2*s*t-2*s*mt^2
    A 1 1  3 1  3 -1 0 0
     -2*s*t+s^2+2*s*mt^2
    A 1 1  3 0  3 0 0 0
     s^2*mt^2-s^2*t
    A 1 1  2 2  2 0 -1 -1
     -1
    A 1 1  2 2  2 0 -2 0
     -1/2
    A 1 1  2 2  2 -1 0 -1
     1
    A 1 1  2 2  2 -1 -1 0
     2
    A 1 1  2 2  2 -2 0 0
     -3/2
    A 1 1  2 1  2 0 0 -1
     s
    A 1 1  2 1  2 0 -1 0
     s+mt^2-t
    A 1 1  2 1  2 -1 0 0
     -2*s-mt^2+t
    A 1 1  2 0  2 0 0 0
     s*t-1/2*s^2-s*mt^2
;
  A 2 3  4 4  1 3 -2 -2
   1
    A 2 3  4 4  1 3 -3 -1
     -s^(-1)*(mt^2-t)
    A 2 3  4 3  1 3 -2 -1
     -mt^2-t
    A 2 3  3 3  1 2 -1 -2
     -1
    A 2 3  3 3  1 2 -2 -1
     1/2*s^(-1)*(s+3*mt^2-3*t)
    A 2 3  3 3  1 2 -3 0
     s^(-1)*mt^2
    A 2 3  3 2  1 2 -1 -1
     -s+2*mt^2
    A 2 3  3 2  1 2 -2 0
     -s^(-1)*mt^2*(mt^2-t)
    A 2 3  2 2  1 1 -1 -1
     -1
    A 2 3  2 2  1 1 -2 0
     -s^(-1)*mt^2
    A 1 1  3 3  3 0 -2 -1
     -1
    A 1 1  3 3  3 -1 -1 -1
     2
    A 1 1  3 3  3 -1 -2 0
     1
    A 1 1  3 3  3 -2 0 -1
     -1
    A 1 1  3 3  3 -2 -1 0
     -2
    A 1 1  3 3  3 -3 0 0
     1
    A 1 1  3 2  3 0 -1 -1
     2*s
    A 1 1  3 2  3 0 -2 0
     mt^2-t
    A 1 1  3 2  3 -1 0 -1
     -2*s
    A 1 1  3 2  3 -1 -1 0
     -2*s-2*mt^2+2*t
    A 1 1  3 2  3 -2 0 0
     2*s+mt^2-t
    A 1 1  3 1  3 0 0 -1
     -s^2
    A 1 1  3 1  3 0 -1 0
     2*s*t-2*s*mt^2
    A 1 1  3 1  3 -1 0 0
     -2*s*t+s^2+2*s*mt^2
    A 1 1  3 0  3 0 0 0
     s^2*mt^2-s^2*t
    A 1 1  2 2  2 0 -1 -1
     -1
    A 1 1  2 2  2 0 -2 0
     -1/2*s^(-1)*(s+mt^2-t)
    A 1 1  2 2  2 -1 0 -1
     1
    A 1 1  2 2  2 -1 -1 0
     (2*s+mt^2-t)*s^(-1)
    A 1 1  2 2  2 -2 0 0
     -1/2*s^(-1)*(3*s+mt^2-t)
    A 1 1  2 1  2 0 0 -1
     s
    A 1 1  2 1  2 0 -1 0
     s+2*mt^2-2*t
    A 1 1  2 1  2 -1 0 0
     -2*s-2*mt^2+2*t
    A 1 1  2 0  2 0 0 0
     3/2*s*t-1/2*s^2-3/2*s*mt^2
    A 1 1  1 1  1 0 -1 0
     -s^(-1)*(mt^2-t)
    A 1 1  1 1  1 -1 0 0
     s^(-1)*(mt^2-t)
    A 1 1  1 0  1 0 0 0
     mt^2-t
;
  A 2 3  4 4  1 3 -1 -3
   1
    A 2 3  4 4  2 2 -1 -3
     1/2
    A 2 3  4 3  2 2 0 -3
     -1/2*s
    A 2 3  3 3  1 2 0 -3
     -1
    A 2 3  3 3  1 2 -1 -2
     -3/2
    A 2 3  3 3  2 1 0 -3
     -1/2
    A 2 3  3 2  1 2 0 -2
     3/2*mt^2-3/2*t
    A 2 3  2 2  1 1 0 -2
     3/2
;
  A 2 3  4 4  1 3 -1 -3
   1
    A 2 3  4 4  2 2 -1 -3
     1/2
    A 2 3  4 3  1 3 -1 -2
     -mt^2-t
    A 2 3  4 3  2 2 -1 -2
     -mt^2
    A 2 3  3 3  1 2 0 -3
     -1/2
    A 2 3  3 3  1 2 -1 -2
     -3/2
    A 2 3  3 2  1 2 0 -2
     -1/2*s+mt^2
    A 1 1  3 3  3 0 -1 -2
     -1
    A 1 1  3 3  3 -1 0 -2
     1
    A 1 1  3 3  3 -1 -1 -1
     2
    A 1 1  3 3  3 -2 0 -1
     -2
    A 1 1  3 3  3 -2 -1 0
     -1
    A 1 1  3 3  3 -3 0 0
     1
    A 1 1  3 2  3 0 0 -2
     s
    A 1 1  3 2  3 0 -1 -1
     2*mt^2-2*t
    A 1 1  3 2  3 -1 0 -1
     -2*s-2*mt^2+2*t
    A 1 1  3 2  3 -1 -1 0
     -2*mt^2+2*t
    A 1 1  3 2  3 -2 0 0
     s+2*mt^2-2*t
    A 1 1  3 1  3 0 0 -1
     2*s*t-2*s*mt^2
    A 1 1  3 1  3 0 -1 0
     -t^2+2*mt^2*t-mt^4
    A 1 1  3 1  3 -1 0 0
     -2*s*t+t^2-2*mt^2*t+mt^4+2*s*mt^2
    A 1 1  3 0  3 0 0 0
     -2*s*mt^2*t+s*mt^4+s*t^2
    A 1 1  2 2  2 0 0 -2
     -1/2
    A 1 1  2 2  2 0 -1 -1
     -1
    A 1 1  2 2  2 -1 0 -1
     2
    A 1 1  2 2  2 -1 -1 0
     1
    A 1 1  2 2  2 -2 0 0
     -3/2
    A 1 1  2 1  2 0 0 -1
     s+mt^2-t
    A 1 1  2 1  2 0 -1 0
     mt^2-t
    A 1 1  2 1  2 -1 0 0
     -s-2*mt^2+2*t
    A 1 1  2 0  2 0 0 0
     s*t-1/2*t^2+mt^2*t-1/2*mt^4-s*mt^2
;
  A 2 3  4 4  1 3 -1 -3
   1
    A 2 3  4 4  1 3 -2 -2
     -s^(-1)*(mt^2-t)
    A 2 3  4 3  1 3 -1 -2
     -mt^2-t
    A 2 3  3 3  1 2 0 -3
     -1/2
    A 2 3  3 3  1 2 -1 -2
     -1/2*s^(-1)*(s-4*mt^2+4*t)
    A 2 3  3 3  1 2 -2 -1
     2*s^(-1)*mt^2
    A 2 3  3 2  1 2 0 -2
     -1/2*s+mt^2
    A 2 3  3 2  1 2 -1 -1
     -2*s^(-1)*mt^2*(mt^2-t)
    A 2 3  2 2  1 1 0 -2
     -1/2
    A 2 3  2 2  1 1 -1 -1
     -2*s^(-1)*mt^2
    A 1 1  3 3  3 0 -1 -2
     -1
    A 1 1  3 3  3 -1 0 -2
     1
    A 1 1  3 3  3 -1 -1 -1
     2
    A 1 1  3 3  3 -2 0 -1
     -2
    A 1 1  3 3  3 -2 -1 0
     -1
    A 1 1  3 3  3 -3 0 0
     1
    A 1 1  3 2  3 0 0 -2
     s
    A 1 1  3 2  3 0 -1 -1
     2*mt^2-2*t
    A 1 1  3 2  3 -1 0 -1
     -2*s-2*mt^2+2*t
    A 1 1  3 2  3 -1 -1 0
     -2*mt^2+2*t
    A 1 1  3 2  3 -2 0 0
     s+2*mt^2-2*t
    A 1 1  3 1  3 0 0 -1
     2*s*t-2*s*mt^2
    A 1 1  3 1  3 0 -1 0
     -t^2+2*mt^2*t-mt^4
    A 1 1  3 1  3 -1 0 0
     -2*s*t+t^2-2*mt^2*t+mt^4+2*s*mt^2
    A 1 1  3 0  3 0 0 0
     -2*s*mt^2*t+s*mt^4+s*t^2
    A 1 1  2 2  2 0 0 -2
     -1/2
    A 1 1  2 2  2 0 -1 -1
     -s^(-1)*(s+mt^2-t)
    A 1 1  2 2  2 -1 0 -1
     (2*s+mt^2-t)*s^(-1)
    A 1 1  2 2  2 -1 -1 0
     s^(-1)*(s+mt^2-t)
    A 1 1  2 2  2 -2 0 0
     -1/2*s^(-1)*(3*s+2*mt^2-2*t)
    A 1 1  2 1  2 0 0 -1
     s+2*mt^2-2*t
    A 1 1  2 1  2 0 -1 0
     -s^(-1)*(s*t-t^2+2*mt^2*t-mt^4-s*mt^2)
    A 1 1  2 1  2 -1 0 0
     s^(-1)*(3*s*t-t^2+2*mt^2*t-mt^4-s^2-3*s*mt^2)
    A 1 1  2 0  2 0 0 0
     s*t-3/2*t^2+3*mt^2*t-3/2*mt^4-s*mt^2
    A 1 1  1 1  1 0 0 -1
     -s^(-1)*(mt^2-t)
    A 1 1  1 1  1 0 -1 0
     -s^(-1)*(mt^2-t)
    A 1 1  1 1  1 -1 0 0
     2*s^(-1)*(mt^2-t)
    A 1 1  1 0  1 0 0 0
     -s^(-1)*(s*t-t^2+2*mt^2*t-mt^4-s*mt^2)
;
  A 2 3  4 4  1 3 0 -4
   1
    A 2 3  4 4  2 2 0 -4
     1/2
    A 2 3  4 3  1 3 0 -3
     -mt^2-t
    A 2 3  4 3  2 2 0 -3
     -mt^2
    A 2 3  3 3  1 2 0 -3
     -2
    A 1 1  3 3  3 0 0 -3
     -1
    A 1 1  3 3  3 -1 0 -2
     3
    A 1 1  3 3  3 -2 0 -1
     -3
    A 1 1  3 3  3 -3 0 0
     1
    A 1 1  3 2  3 0 0 -2
     3*mt^2-3*t
    A 1 1  3 2  3 -1 0 -1
     -6*mt^2+6*t
    A 1 1  3 2  3 -2 0 0
     3*mt^2-3*t
    A 1 1  3 1  3 0 0 -1
     -3*t^2+6*mt^2*t-3*mt^4
    A 1 1  3 1  3 -1 0 0
     3*t^2-6*mt^2*t+3*mt^4
    A 1 1  3 0  3 0 0 0
     -t^3+3*mt^2*t^2+mt^6-3*mt^4*t
    A 1 1  2 2  2 0 0 -2
     -3/2
    A 1 1  2 2  2 -1 0 -1
     3
    A 1 1  2 2  2 -2 0 0
     -3/2
    A 1 1  2 1  2 0 0 -1
     3*mt^2-3*t
    A 1 1  2 1  2 -1 0 0
     -3*mt^2+3*t
    A 1 1  2 0  2 0 0 0
     -3/2*t^2+3*mt^2*t-3/2*mt^4
;
  A 2 3  4 4  1 3 0 -4
   1
    A 2 3  4 4  1 3 -1 -3
     -s^(-1)*(mt^2-t)
    A 2 3  4 3  1 3 0 -3
     -mt^2-t
    A 2 3  3 3  1 2 0 -3
     -1/2*(3*s-5*mt^2+5*t)*s^(-1)
    A 2 3  3 3  1 2 -1 -2
     3*s^(-1)*mt^2
    A 2 3  3 2  1 2 0 -2
     -3*s^(-1)*mt^2*(mt^2-t)
    A 2 3  2 2  1 1 0 -2
     -3*s^(-1)*mt^2
    A 1 1  3 3  3 0 0 -3
     -1
    A 1 1  3 3  3 -1 0 -2
     3
    A 1 1  3 3  3 -2 0 -1
     -3
    A 1 1  3 3  3 -3 0 0
     1
    A 1 1  3 2  3 0 0 -2
     3*mt^2-3*t
    A 1 1  3 2  3 -1 0 -1
     -6*mt^2+6*t
    A 1 1  3 2  3 -2 0 0
     3*mt^2-3*t
    A 1 1  3 1  3 0 0 -1
     -3*t^2+6*mt^2*t-3*mt^4
    A 1 1  3 1  3 -1 0 0
     3*t^2-6*mt^2*t+3*mt^4
    A 1 1  3 0  3 0 0 0
     -t^3+3*mt^2*t^2+mt^6-3*mt^4*t
    A 1 1  2 2  2 0 0 -2
     -3/2*s^(-1)*(s+mt^2-t)
    A 1 1  2 2  2 -1 0 -1
     3*s^(-1)*(s+mt^2-t)
    A 1 1  2 2  2 -2 0 0
     -3/2*s^(-1)*(s+mt^2-t)
    A 1 1  2 1  2 0 0 -1
     -3*s^(-1)*(s*t-t^2+2*mt^2*t-mt^4-s*mt^2)
    A 1 1  2 1  2 -1 0 0
     3*s^(-1)*(s*t-t^2+2*mt^2*t-mt^4-s*mt^2)
    A 1 1  2 0  2 0 0 0
     3/2*s^(-1)*(2*s*mt^2*t+t^3-3*mt^2*t^2-s*mt^4-mt^6-s*t^2+3*mt^4*t)
    A 1 1  1 1  1 0 0 -1
     -3*s^(-1)*(mt^2-t)
    A 1 1  1 1  1 -1 0 0
     3*s^(-1)*(mt^2-t)
    A 1 1  1 0  1 0 0 0
     3*s^(-1)*(t^2-2*mt^2*t+mt^4)
;
  A 2 3  5 0  3 2 0 0
   1
    A 2 3  5 0  4 1 0 0
     3
    A 2 3  4 0  2 2 0 0
     1/2*mt^(-2)
    A 2 3  4 0  3 1 0 0
     -1/2*(-7+d)*mt^(-2)
;
  A 2 3  5 0  2 3 0 0
   1
    A 2 3  5 0  3 2 0 0
     1
    A 2 3  4 0  1 3 0 0
     1/2*mt^(-2)
    A 2 3  4 0  2 2 0 0
     -1/4*(-6+d)*mt^(-2)
;
  A 2 3  5 0  1 4 0 0
   1
    A 2 3  5 0  2 3 0 0
     1/3
    A 2 3  4 0  1 3 0 0
     -1/6*(-5+d)*mt^(-2)
    A 1 1  4 0  4 0 0 0
     1/2*mt^(-2)
;
  A 2 3  5 1  3 2 -1 0
   1
    A 2 3  5 1  4 1 -1 0
     3
    A 2 3  4 1  2 2 -1 0
     1/2*mt^(-2)
    A 2 3  4 1  3 1 -1 0
     -1/2*(-6+d)*mt^(-2)
    A 2 3  4 0  3 1 0 0
     1/2*(s-2*mt^2)*mt^(-2)
    A 2 3  3 0  2 1 0 0
     -1/2*mt^(-2)
;
  A 2 3  5 1  3 2 -1 0
   1
    A 2 3  5 1  4 1 -1 0
     3
    A 2 3  5 0  4 1 0 0
     -3*s
    A 2 3  4 0  3 1 0 0
     -1
    A 1 1  4 0  4 0 0 0
     -3
;
  A 2 3  5 1  3 2 0 -1
   1
    A 2 3  5 1  4 1 0 -1
     3
    A 2 3  4 1  2 2 0 -1
     1/2*mt^(-2)
    A 2 3  4 1  3 1 0 -1
     -1/2*(-6+d)*mt^(-2)
    A 2 3  3 0  2 1 0 0
     -1/2*mt^(-2)
;
  A 2 3  5 1  3 2 0 -1
   1
    A 2 3  5 1  4 1 0 -1
     3
    A 2 3  5 0  3 2 0 0
     -mt^2-t
    A 2 3  5 0  4 1 0 0
     -6*mt^2
    A 2 3  4 0  2 2 0 0
     -1
    A 2 3  4 0  3 1 0 0
     -3
;
  A 2 3  5 1  3 2 0 -1
   1
    A 2 3  5 1  3 2 -1 0
     -s^(-1)*(mt^2-t)
    A 2 3  5 0  3 2 0 0
     -mt^2-t
    A 2 3  4 0  2 2 0 0
     -1
    A 2 3  4 0  3 1 0 0
     s^(-1)*(mt^2-t)
;
  A 2 3  5 1  2 3 -1 0
   1
    A 2 3  5 1  3 2 -1 0
     1
    A 2 3  4 1  1 3 -1 0
     1/2*mt^(-2)
    A 2 3  4 1  2 2 -1 0
     -1/4*(-5+d)*mt^(-2)
    A 2 3  4 0  2 2 0 0
     1/4*(s-2*mt^2)*mt^(-2)
    A 2 3  3 0  1 2 0 0
     -1/4*mt^(-2)
;
  A 2 3  5 1  2 3 -1 0
   1
    A 2 3  5 1  3 2 -1 0
     1
    A 2 3  5 0  3 2 0 0
     -s
    A 2 3  4 0  2 2 0 0
     -1
    A 2 3  4 0  3 1 0 0
     -1
;
  A 2 3  5 1  2 3 0 -1
   1
    A 2 3  5 1  3 2 0 -1
     1
    A 2 3  4 1  1 3 0 -1
     1/2*mt^(-2)
    A 2 3  4 1  2 2 0 -1
     -1/4*(-5+d)*mt^(-2)
    A 2 3  3 0  1 2 0 0
     -1/4*mt^(-2)
;
  A 2 3  5 1  2 3 0 -1
   1
    A 2 3  5 1  3 2 0 -1
     1
    A 2 3  5 0  2 3 0 0
     -mt^2-t
    A 2 3  5 0  3 2 0 0
     -2*mt^2
    A 2 3  4 0  1 3 0 0
     -1
    A 2 3  4 0  2 2 0 0
     -1
;
  A 2 3  5 1  2 3 0 -1
   1
    A 2 3  5 1  2 3 -1 0
     -s^(-1)*(mt^2-t)
    A 2 3  5 0  2 3 0 0
     -mt^2-t
    A 2 3  4 0  1 3 0 0
     -1
    A 2 3  4 0  2 2 0 0
     s^(-1)*(mt^2-t)
;
  A 2 3  5 1  1 4 -1 0
   1
    A 2 3  5 1  2 3 -1 0
     1/3
    A 2 3  4 1  1 3 -1 0
     -1/6*(-4+d)*mt^(-2)
    A 2 3  4 0  1 3 0 0
     1/6*(s-2*mt^2)*mt^(-2)
    A 1 1  4 1  4 0 -1 0
     1/2*mt^(-2)
    A 1 1  4 1  4 -1 0 0
     -1/2*mt^(-2)
    A 1 1  4 0  4 0 0 0
     -1/2*s*mt^(-2)
    A 1 1  3 0  3 0 0 0
     1/3*mt^(-2)
;
  A 2 3  5 1  1 4 -1 0
   1
    A 2 3  5 1  2 3 -1 0
     1/3
    A 2 3  5 0  2 3 0 0
     -1/3*s
    A 2 3  4 0  1 3 0 0
     -1
    A 2 3  4 0  2 2 0 0
     -1/3
;
  A 2 3  5 1  1 4 0 -1
   1
    A 2 3  5 1  2 3 0 -1
     1/3
    A 2 3  4 1  1 3 0 -1
     -1/6*(-4+d)*mt^(-2)
    A 1 1  4 1  4 0 0 -1
     1/2*mt^(-2)
    A 1 1  4 1  4 -1 0 0
     -1/2*mt^(-2)
    A 1 1  4 0  4 0 0 0
     -1/2*mt^(-2)*(mt^2-t)
    A 1 1  3 0  3 0 0 0
     1/3*mt^(-2)
;
  A 2 3  5 1  1 4 0 -1
   1
    A 2 3  5 1  2 3 0 -1
     1/3
    A 2 3  5 0  1 4 0 0
     -mt^2-t
    A 2 3  5 0  2 3 0 0
     -2/3*mt^2
    A 2 3  4 0  1 3 0 0
     -1/3
    A 1 1  4 0  4 0 0 0
     -1
;
  A 2 3  5 1  1 4 0 -1
   1
    A 2 3  5 1  1 4 -1 0
     -s^(-1)*(mt^2-t)
    A 2 3  5 0  1 4 0 0
     -mt^2-t
    A 2 3  4 0  1 3 0 0
     s^(-1)*(mt^2-t)
    A 1 1  4 0  4 0 0 0
     -1
;
  A 2 3  5 2  3 2 -2 0
   1
    A 2 3  5 2  4 1 -2 0
     3
    A 2 3  4 2  2 2 -2 0
     1/2*mt^(-2)
    A 2 3  4 2  3 1 -2 0
     -1/2*(-5+d)*mt^(-2)
    A 2 3  4 1  3 1 -1 0
     (s-2*mt^2)*mt^(-2)
    A 2 3  3 1  2 1 -1 0
     -mt^(-2)
;
  A 2 3  5 2  3 2 -2 0
   1
    A 2 3  5 2  4 1 -2 0
     3
    A 2 3  5 1  4 1 -1 0
     -3*s
    A 2 3  4 1  3 1 -1 0
     -2
    A 1 1  4 1  4 0 -1 0
     -3
    A 1 1  3 0  3 0 0 0
     1
;
  A 2 3  5 2  3 2 -1 -1
   1
    A 2 3  5 2  4 1 -1 -1
     3
    A 2 3  4 2  2 2 -1 -1
     1/2*mt^(-2)
    A 2 3  4 2  3 1 -1 -1
     -1/2*(-5+d)*mt^(-2)
    A 2 3  4 1  3 1 0 -1
     1/2*(s-2*mt^2)*mt^(-2)
    A 2 3  3 1  2 1 0 -1
     -1/2*mt^(-2)
    A 2 3  3 1  2 1 -1 0
     -1/2*mt^(-2)
;
  A 2 3  5 2  3 2 -1 -1
   1
    A 2 3  5 2  4 1 -1 -1
     3
    A 2 3  5 1  4 1 0 -1
     -3*s
    A 2 3  4 1  3 1 0 -1
     -1
    A 2 3  4 1  3 1 -1 0
     -1
    A 2 3  4 0  3 1 0 0
     mt^2-t
    A 1 1  4 1  4 0 0 -1
     -3
    A 1 1  3 0  3 0 0 0
     1
;
  A 2 3  5 2  3 2 -1 -1
   1
    A 2 3  5 2  4 1 -1 -1
     3
    A 2 3  5 1  3 2 -1 0
     -mt^2-t
    A 2 3  5 1  4 1 -1 0
     -6*mt^2
    A 2 3  4 1  2 2 -1 0
     -1
    A 2 3  4 1  3 1 0 -1
     -1
    A 2 3  4 1  3 1 -1 0
     -3
    A 2 3  4 0  3 1 0 0
     -s+2*mt^2
    A 2 3  3 0  2 1 0 0
     1
;
  A 2 3  5 2  3 2 -1 -1
   1
    A 2 3  5 2  3 2 -2 0
     -s^(-1)*(mt^2-t)
    A 2 3  5 1  3 2 -1 0
     -mt^2-t
    A 2 3  4 1  2 2 -1 0
     -1
    A 2 3  4 1  3 1 0 -1
     -1
    A 2 3  4 1  3 1 -1 0
     s^(-1)*(s+mt^2-t)
    A 2 3  4 0  3 1 0 0
     -s+2*mt^2
    A 2 3  3 0  2 1 0 0
     1
    A 1 1  3 0  3 0 0 0
     -1
;
  A 2 3  5 2  3 2 0 -2
   1
    A 2 3  5 2  4 1 0 -2
     3
    A 2 3  4 2  2 2 0 -2
     1/2*mt^(-2)
    A 2 3  4 2  3 1 0 -2
     -1/2*(-5+d)*mt^(-2)
    A 2 3  3 1  2 1 0 -1
     -mt^(-2)
;
  A 2 3  5 2  3 2 0 -2
   1
    A 2 3  5 2  4 1 0 -2
     3
    A 2 3  5 1  3 2 0 -1
     -mt^2-t
    A 2 3  5 1  4 1 0 -1
     -6*mt^2
    A 2 3  4 1  2 2 0 -1
     -1
    A 2 3  4 1  3 1 0 -1
     -4
    A 2 3  3 0  2 1 0 0
     1
;
  A 2 3  5 2  3 2 0 -2
   1
    A 2 3  5 2  3 2 -1 -1
     -s^(-1)*(mt^2-t)
    A 2 3  5 1  3 2 0 -1
     -mt^2-t
    A 2 3  4 1  2 2 0 -1
     -1
    A 2 3  4 1  3 1 0 -1
     -(s-2*mt^2+2*t)*s^(-1)
    A 2 3  4 1  3 1 -1 0
     2*s^(-1)*mt^2
    A 2 3  4 0  3 1 0 0
     -2*s^(-1)*mt^2*(mt^2-t)
    A 2 3  3 0  2 1 0 0
     s^(-1)*(s-mt^2+t)
    A 1 1  3 0  3 0 0 0
     -2*s^(-1)*mt^2
;
  A 2 3  5 2  2 3 -2 0
   1
    A 2 3  5 2  3 2 -2 0
     1
    A 2 3  4 2  1 3 -2 0
     1/2*mt^(-2)
    A 2 3  4 2  2 2 -2 0
     -1/4*(-4+d)*mt^(-2)
    A 2 3  4 1  2 2 -1 0
     1/2*(s-2*mt^2)*mt^(-2)
    A 2 3  3 1  1 2 -1 0
     -1/2*mt^(-2)
;
  A 2 3  5 2  2 3 -2 0
   1
    A 2 3  5 2  3 2 -2 0
     1
    A 2 3  5 1  3 2 -1 0
     -s
    A 2 3  4 1  2 2 -1 0
     -3/2
    A 2 3  4 1  3 1 -1 0
     -1
    A 2 3  3 0  2 1 0 0
     1/2
;
  A 2 3  5 2  2 3 -1 -1
   1
    A 2 3  5 2  3 2 -1 -1
     1
    A 2 3  4 2  1 3 -1 -1
     1/2*mt^(-2)
    A 2 3  4 2  2 2 -1 -1
     -1/4*(-4+d)*mt^(-2)
    A 2 3  4 1  2 2 0 -1
     1/4*(s-2*mt^2)*mt^(-2)
    A 2 3  3 1  1 2 0 -1
     -1/4*mt^(-2)
    A 2 3  3 1  1 2 -1 0
     -1/4*mt^(-2)
;
  A 2 3  5 2  2 3 -1 -1
   1
    A 2 3  5 2  3 2 -1 -1
     1
    A 2 3  5 1  3 2 0 -1
     -s
    A 2 3  4 1  2 2 0 -1
     -1
    A 2 3  4 1  2 2 -1 0
     -1/2
    A 2 3  4 1  3 1 0 -1
     -1
    A 2 3  4 0  2 2 0 0
     1/2*mt^2-1/2*t
    A 2 3  3 0  2 1 0 0
     1/2
;
  A 2 3  5 2  2 3 -1 -1
   1
    A 2 3  5 2  3 2 -1 -1
     1
    A 2 3  5 1  2 3 -1 0
     -mt^2-t
    A 2 3  5 1  3 2 -1 0
     -2*mt^2
    A 2 3  4 1  1 3 -1 0
     -1
    A 2 3  4 1  2 2 0 -1
     -1/2
    A 2 3  4 1  2 2 -1 0
     -1
    A 2 3  4 0  2 2 0 0
     -1/2*s+mt^2
    A 2 3  3 0  1 2 0 0
     1/2
;
  A 2 3  5 2  2 3 -1 -1
   1
    A 2 3  5 2  2 3 -2 0
     -s^(-1)*(mt^2-t)
    A 2 3  5 1  2 3 -1 0
     -mt^2-t
    A 2 3  4 1  1 3 -1 0
     -1
    A 2 3  4 1  2 2 0 -1
     -1/2
    A 2 3  4 1  2 2 -1 0
     1/2*s^(-1)*(s+2*mt^2-2*t)
    A 2 3  4 0  2 2 0 0
     -1/2*s+mt^2
    A 2 3  3 0  1 2 0 0
     1/2
    A 2 3  3 0  2 1 0 0
     -1/2
;
  A 2 3  5 2  2 3 0 -2
   1
    A 2 3  5 2  3 2 0 -2
     1
    A 2 3  4 2  1 3 0 -2
     1/2*mt^(-2)
    A 2 3  4 2  2 2 0 -2
     -1/4*(-4+d)*mt^(-2)
    A 2 3  3 1  1 2 0 -1
     -1/2*mt^(-2)
;
  A 2 3  5 2  2 3 0 -2
   1
    A 2 3  5 2  3 2 0 -2
     1
    A 2 3  5 1  2 3 0 -1
     -mt^2-t
    A 2 3  5 1  3 2 0 -1
     -2*mt^2
    A 2 3  4 1  1 3 0 -1
     -1
    A 2 3  4 1  2 2 0 -1
     -3/2
    A 2 3  3 0  1 2 0 0
     1/2
;
  A 2 3  5 2  2 3 0 -2
   1
    A 2 3  5 2  2 3 -1 -1
     -s^(-1)*(mt^2-t)
    A 2 3  5 1  2 3 0 -1
     -mt^2-t
    A 2 3  4 1  1 3 0 -1
     -1
    A 2 3  4 1  2 2 0 -1
     -1/2*s^(-1)*(s-3*mt^2+3*t)
    A 2 3  4 1  2 2 -1 0
     s^(-1)*mt^2
    A 2 3  4 0  2 2 0 0
     -s^(-1)*mt^2*(mt^2-t)
    A 2 3  3 0  1 2 0 0
     1/2*s^(-1)*(s-mt^2+t)
    A 2 3  3 0  2 1 0 0
     -s^(-1)*mt^2
;
  A 2 3  5 2  1 4 -2 0
   1
    A 2 3  5 2  2 3 -2 0
     1/3
    A 2 3  4 2  1 3 -2 0
     -1/6*(-3+d)*mt^(-2)
    A 2 3  4 1  1 3 -1 0
     1/3*(s-2*mt^2)*mt^(-2)
    A 1 1  4 2  4 0 -2 0
     1/2*mt^(-2)
    A 1 1  4 2  4 -1 -1 0
     -mt^(-2)
    A 1 1  4 2  4 -2 0 0
     1/2*mt^(-2)
    A 1 1  4 1  4 0 -1 0
     -s*mt^(-2)
    A 1 1  4 1  4 -1 0 0
     s*mt^(-2)
    A 1 1  4 0  4 0 0 0
     1/2*s^2*mt^(-2)
    A 1 1  3 1  3 0 -1 0
     2/3*mt^(-2)
    A 1 1  3 1  3 -1 0 0
     -2/3*mt^(-2)
    A 1 1  3 0  3 0 0 0
     -2/3*s*mt^(-2)
    A 1 1  2 0  2 0 0 0
     1/6*mt^(-2)
;
  A 2 3  5 2  1 4 -2 0
   1
    A 2 3  5 2  2 3 -2 0
     1/3
    A 2 3  5 1  2 3 -1 0
     -1/3*s
    A 2 3  4 1  1 3 -1 0
     -4/3
    A 2 3  4 1  2 2 -1 0
     -1/3
    A 2 3  3 0  1 2 0 0
     1/3
;
  A 2 3  5 2  1 4 -1 -1
   1
    A 2 3  5 2  2 3 -1 -1
     1/3
    A 2 3  4 2  1 3 -1 -1
     -1/6*(-3+d)*mt^(-2)
    A 2 3  4 1  1 3 0 -1
     1/6*(s-2*mt^2)*mt^(-2)
    A 1 1  4 2  4 0 -1 -1
     1/2*mt^(-2)
    A 1 1  4 2  4 -1 0 -1
     -1/2*mt^(-2)
    A 1 1  4 2  4 -1 -1 0
     -1/2*mt^(-2)
    A 1 1  4 2  4 -2 0 0
     1/2*mt^(-2)
    A 1 1  4 1  4 0 0 -1
     -1/2*s*mt^(-2)
    A 1 1  4 1  4 0 -1 0
     -1/2*mt^(-2)*(mt^2-t)
    A 1 1  4 1  4 -1 0 0
     1/2*mt^(-2)*(s+mt^2-t)
    A 1 1  4 0  4 0 0 0
     -1/2*(s*t-s*mt^2)*mt^(-2)
    A 1 1  3 1  3 0 0 -1
     1/3*mt^(-2)
    A 1 1  3 1  3 0 -1 0
     1/3*mt^(-2)
    A 1 1  3 1  3 -1 0 0
     -2/3*mt^(-2)
    A 1 1  3 0  3 0 0 0
     -1/3*mt^(-2)*(s+mt^2-t)
    A 1 1  2 0  2 0 0 0
     1/6*mt^(-2)
;
  A 2 3  5 2  1 4 -1 -1
   1
    A 2 3  5 2  2 3 -1 -1
     1/3
    A 2 3  5 1  2 3 0 -1
     -1/3*s
    A 2 3  4 1  1 3 0 -1
     -1
    A 2 3  4 1  1 3 -1 0
     -1/3
    A 2 3  4 1  2 2 0 -1
     -1/3
    A 2 3  4 0  1 3 0 0
     1/3*mt^2-1/3*t
    A 2 3  3 0  1 2 0 0
     1/3
;
  A 2 3  5 2  1 4 -1 -1
   1
    A 2 3  5 2  2 3 -1 -1
     1/3
    A 2 3  5 1  1 4 -1 0
     -mt^2-t
    A 2 3  5 1  2 3 -1 0
     -2/3*mt^2
    A 2 3  4 1  1 3 0 -1
     -1/3
    A 2 3  4 1  1 3 -1 0
     -1/3
    A 2 3  4 0  1 3 0 0
     -1/3*s+2/3*mt^2
    A 1 1  4 1  4 0 -1 0
     -1
    A 1 1  4 1  4 -1 0 0
     1
    A 1 1  4 0  4 0 0 0
     s
    A 1 1  3 0  3 0 0 0
     -2/3
;
  A 2 3  5 2  1 4 -1 -1
   1
    A 2 3  5 2  1 4 -2 0
     -s^(-1)*(mt^2-t)
    A 2 3  5 1  1 4 -1 0
     -mt^2-t
    A 2 3  4 1  1 3 0 -1
     -1/3
    A 2 3  4 1  1 3 -1 0
     1/3*s^(-1)*(s+3*mt^2-3*t)
    A 2 3  4 0  1 3 0 0
     -1/3*s+2/3*mt^2
    A 2 3  3 0  1 2 0 0
     -1/3
    A 1 1  4 1  4 0 -1 0
     -1
    A 1 1  4 1  4 -1 0 0
     1
    A 1 1  4 0  4 0 0 0
     s
    A 1 1  3 0  3 0 0 0
     -2/3
;
  A 2 3  5 2  1 4 0 -2
   1
    A 2 3  5 2  2 3 0 -2
     1/3
    A 2 3  4 2  1 3 0 -2
     -1/6*(-3+d)*mt^(-2)
    A 1 1  4 2  4 0 0 -2
     1/2*mt^(-2)
    A 1 1  4 2  4 -1 0 -1
     -mt^(-2)
    A 1 1  4 2  4 -2 0 0
     1/2*mt^(-2)
    A 1 1  4 1  4 0 0 -1
     -mt^(-2)*(mt^2-t)
    A 1 1  4 1  4 -1 0 0
     mt^(-2)*(mt^2-t)
    A 1 1  4 0  4 0 0 0
     1/2*mt^(-2)*(t^2-2*mt^2*t+mt^4)
    A 1 1  3 1  3 0 0 -1
     2/3*mt^(-2)
    A 1 1  3 1  3 -1 0 0
     -2/3*mt^(-2)
    A 1 1  3 0  3 0 0 0
     -2/3*mt^(-2)*(mt^2-t)
    A 1 1  2 0  2 0 0 0
     1/6*mt^(-2)
;
  A 2 3  5 2  1 4 0 -2
   1
    A 2 3  5 2  2 3 0 -2
     1/3
    A 2 3  5 1  1 4 0 -1
     -mt^2-t
    A 2 3  5 1  2 3 0 -1
     -2/3*mt^2
    A 2 3  4 1  1 3 0 -1
     -2/3
    A 1 1  4 1  4 0 0 -1
     -1
    A 1 1  4 1  4 -1 0 0
     1
    A 1 1  4 0  4 0 0 0
     mt^2-t
    A 1 1  3 0  3 0 0 0
     -2/3
;
  A 2 3  5 2  1 4 0 -2
   1
    A 2 3  5 2  1 4 -1 -1
     -s^(-1)*(mt^2-t)
    A 2 3  5 1  1 4 0 -1
     -mt^2-t
    A 2 3  4 1  1 3 0 -1
     -1/3*s^(-1)*(s-4*mt^2+4*t)
    A 2 3  4 1  1 3 -1 0
     2/3*s^(-1)*mt^2
    A 2 3  4 0  1 3 0 0
     -2/3*s^(-1)*mt^2*(mt^2-t)
    A 2 3  3 0  1 2 0 0
     -2/3*s^(-1)*mt^2
    A 1 1  4 1  4 0 0 -1
     -1
    A 1 1  4 1  4 -1 0 0
     1
    A 1 1  4 0  4 0 0 0
     mt^2-t
    A 1 1  3 0  3 0 0 0
     -1/3*(2*s+mt^2-t)*s^(-1)
;
  A 2 3  5 3  3 2 -3 0
   1
    A 2 3  5 3  4 1 -3 0
     3
    A 2 3  4 3  2 2 -3 0
     1/2*mt^(-2)
    A 2 3  4 3  3 1 -3 0
     -1/2*(-4+d)*mt^(-2)
    A 2 3  4 2  3 1 -2 0
     3/2*(s-2*mt^2)*mt^(-2)
    A 2 3  3 2  2 1 -2 0
     -3/2*mt^(-2)
;
  A 2 3  5 3  3 2 -3 0
   1
    A 2 3  5 3  4 1 -3 0
     3
    A 2 3  5 2  4 1 -2 0
     -3*s
    A 2 3  4 2  3 1 -2 0
     -3
    A 1 1  4 2  4 0 -2 0
     -3
    A 1 1  3 1  3 0 -1 0
     2
;
  A 2 3  5 3  3 2 -2 -1
   1
    A 2 3  5 3  4 1 -2 -1
     3
    A 2 3  4 3  2 2 -2 -1
     1/2*mt^(-2)
    A 2 3  4 3  3 1 -2 -1
     -1/2*(-4+d)*mt^(-2)
    A 2 3  4 2  3 1 -1 -1
     (s-2*mt^2)*mt^(-2)
    A 2 3  3 2  2 1 -1 -1
     -mt^(-2)
    A 2 3  3 2  2 1 -2 0
     -1/2*mt^(-2)
;
  A 2 3  5 3  3 2 -2 -1
   1
    A 2 3  5 3  4 1 -2 -1
     3
    A 2 3  5 2  4 1 -1 -1
     -3*s
    A 2 3  4 2  3 1 -1 -1
     -2
    A 2 3  4 2  3 1 -2 0
     -1
    A 2 3  4 1  3 1 -1 0
     mt^2-t
    A 1 1  4 2  4 0 -1 -1
     -3
    A 1 1  3 1  3 0 0 -1
     1
    A 1 1  3 1  3 0 -1 0
     1
;
  A 2 3  5 3  3 2 -2 -1
   1
    A 2 3  5 3  4 1 -2 -1
     3
    A 2 3  5 2  3 2 -2 0
     -mt^2-t
    A 2 3  5 2  4 1 -2 0
     -6*mt^2
    A 2 3  4 2  2 2 -2 0
     -1
    A 2 3  4 2  3 1 -1 -1
     -2
    A 2 3  4 2  3 1 -2 0
     -3
    A 2 3  4 1  3 1 -1 0
     -2*s+4*mt^2
    A 2 3  3 1  2 1 -1 0
     2
;
  A 2 3  5 3  3 2 -2 -1
   1
    A 2 3  5 3  3 2 -3 0
     -s^(-1)*(mt^2-t)
    A 2 3  5 2  3 2 -2 0
     -mt^2-t
    A 2 3  4 2  2 2 -2 0
     -1
    A 2 3  4 2  3 1 -1 -1
     -2
    A 2 3  4 2  3 1 -2 0
     (2*s+mt^2-t)*s^(-1)
    A 2 3  4 1  3 1 -1 0
     -2*s+4*mt^2
    A 2 3  3 1  2 1 -1 0
     2
    A 1 1  3 1  3 0 -1 0
     -2
;
  A 2 3  5 3  3 2 -1 -2
   1
    A 2 3  5 3  4 1 -1 -2
     3
    A 2 3  4 3  2 2 -1 -2
     1/2*mt^(-2)
    A 2 3  4 3  3 1 -1 -2
     -1/2*(-4+d)*mt^(-2)
    A 2 3  4 2  3 1 0 -2
     1/2*(s-2*mt^2)*mt^(-2)
    A 2 3  3 2  2 1 0 -2
     -1/2*mt^(-2)
    A 2 3  3 2  2 1 -1 -1
     -mt^(-2)
;
  A 2 3  5 3  3 2 -1 -2
   1
    A 2 3  5 3  4 1 -1 -2
     3
    A 2 3  5 2  4 1 0 -2
     -3*s
    A 2 3  4 2  3 1 0 -2
     -1
    A 2 3  4 2  3 1 -1 -1
     -2
    A 2 3  4 1  3 1 0 -1
     2*mt^2-2*t
    A 1 1  4 2  4 0 0 -2
     -3
    A 1 1  3 1  3 0 0 -1
     2
;
  A 2 3  5 3  3 2 -1 -2
   1
    A 2 3  5 3  4 1 -1 -2
     3
    A 2 3  5 2  3 2 -1 -1
     -mt^2-t
    A 2 3  5 2  4 1 -1 -1
     -6*mt^2
    A 2 3  4 2  2 2 -1 -1
     -1
    A 2 3  4 2  3 1 0 -2
     -1
    A 2 3  4 2  3 1 -1 -1
     -4
    A 2 3  4 1  3 1 0 -1
     -s+2*mt^2
    A 2 3  3 1  2 1 0 -1
     1
    A 2 3  3 1  2 1 -1 0
     1
;
  A 2 3  5 3  3 2 -1 -2
   1
    A 2 3  5 3  3 2 -2 -1
     -s^(-1)*(mt^2-t)
    A 2 3  5 2  3 2 -1 -1
     -mt^2-t
    A 2 3  4 2  2 2 -1 -1
     -1
    A 2 3  4 2  3 1 0 -2
     -1
    A 2 3  4 2  3 1 -1 -1
     2*s^(-1)*(mt^2-t)
    A 2 3  4 2  3 1 -2 0
     2*s^(-1)*mt^2
    A 2 3  4 1  3 1 0 -1
     -s+2*mt^2
    A 2 3  4 1  3 1 -1 0
     -2*s^(-1)*mt^2*(mt^2-t)
    A 2 3  3 1  2 1 0 -1
     1
    A 2 3  3 1  2 1 -1 0
     s^(-1)*(s-mt^2+t)
    A 1 1  3 1  3 0 0 -1
     -1
    A 1 1  3 1  3 0 -1 0
     -2*s^(-1)*mt^2
;
  A 2 3  5 3  3 2 0 -3
   1
    A 2 3  5 3  4 1 0 -3
     3
    A 2 3  4 3  2 2 0 -3
     1/2*mt^(-2)
    A 2 3  4 3  3 1 0 -3
     -1/2*(-4+d)*mt^(-2)
    A 2 3  3 2  2 1 0 -2
     -3/2*mt^(-2)
;
  A 2 3  5 3  3 2 0 -3
   1
    A 2 3  5 3  4 1 0 -3
     3
    A 2 3  5 2  3 2 0 -2
     -mt^2-t
    A 2 3  5 2  4 1 0 -2
     -6*mt^2
    A 2 3  4 2  2 2 0 -2
     -1
    A 2 3  4 2  3 1 0 -2
     -5
    A 2 3  3 1  2 1 0 -1
     2
;
  A 2 3  5 3  3 2 0 -3
   1
    A 2 3  5 3  3 2 -1 -2
     -s^(-1)*(mt^2-t)
    A 2 3  5 2  3 2 0 -2
     -mt^2-t
    A 2 3  4 2  2 2 0 -2
     -1
    A 2 3  4 2  3 1 0 -2
     -s^(-1)*(2*s-3*mt^2+3*t)
    A 2 3  4 2  3 1 -1 -1
     4*s^(-1)*mt^2
    A 2 3  4 1  3 1 0 -1
     -4*s^(-1)*mt^2*(mt^2-t)
    A 2 3  3 1  2 1 0 -1
     2*s^(-1)*(s-mt^2+t)
    A 1 1  3 1  3 0 0 -1
     -4*s^(-1)*mt^2
;
  A 2 3  5 3  2 3 -3 0
   1
    A 2 3  5 3  3 2 -3 0
     1
    A 2 3  4 3  1 3 -3 0
     1/2*mt^(-2)
    A 2 3  4 3  2 2 -3 0
     -1/4*(-3+d)*mt^(-2)
    A 2 3  4 2  2 2 -2 0
     3/4*(s-2*mt^2)*mt^(-2)
    A 2 3  3 2  1 2 -2 0
     -3/4*mt^(-2)
;
  A 2 3  5 3  2 3 -3 0
   1
    A 2 3  5 3  3 2 -3 0
     1
    A 2 3  5 2  3 2 -2 0
     -s
    A 2 3  4 2  2 2 -2 0
     -2
    A 2 3  4 2  3 1 -2 0
     -1
    A 2 3  3 1  2 1 -1 0
     1
;
  A 2 3  5 3  2 3 -2 -1
   1
    A 2 3  5 3  3 2 -2 -1
     1
    A 2 3  4 3  1 3 -2 -1
     1/2*mt^(-2)
    A 2 3  4 3  2 2 -2 -1
     -1/4*(-3+d)*mt^(-2)
    A 2 3  4 2  2 2 -1 -1
     1/2*(s-2*mt^2)*mt^(-2)
    A 2 3  3 2  1 2 -1 -1
     -1/2*mt^(-2)
    A 2 3  3 2  1 2 -2 0
     -1/4*mt^(-2)
;
  A 2 3  5 3  2 3 -2 -1
   1
    A 2 3  5 3  3 2 -2 -1
     1
    A 2 3  5 2  3 2 -1 -1
     -s
    A 2 3  4 2  2 2 -1 -1
     -3/2
    A 2 3  4 2  2 2 -2 0
     -1/2
    A 2 3  4 2  3 1 -1 -1
     -1
    A 2 3  4 1  2 2 -1 0
     1/2*mt^2-1/2*t
    A 2 3  3 1  2 1 0 -1
     1/2
    A 2 3  3 1  2 1 -1 0
     1/2
;
  A 2 3  5 3  2 3 -2 -1
   1
    A 2 3  5 3  3 2 -2 -1
     1
    A 2 3  5 2  2 3 -2 0
     -mt^2-t
    A 2 3  5 2  3 2 -2 0
     -2*mt^2
    A 2 3  4 2  1 3 -2 0
     -1
    A 2 3  4 2  2 2 -1 -1
     -1
    A 2 3  4 2  2 2 -2 0
     -1
    A 2 3  4 1  2 2 -1 0
     -s+2*mt^2
    A 2 3  3 1  1 2 -1 0
     1
;
  A 2 3  5 3  2 3 -2 -1
   1
    A 2 3  5 3  2 3 -3 0
     -s^(-1)*(mt^2-t)
    A 2 3  5 2  2 3 -2 0
     -mt^2-t
    A 2 3  4 2  1 3 -2 0
     -1
    A 2 3  4 2  2 2 -1 -1
     -1
    A 2 3  4 2  2 2 -2 0
     s^(-1)*(s+mt^2-t)
    A 2 3  4 1  2 2 -1 0
     -s+2*mt^2
    A 2 3  3 1  1 2 -1 0
     1
    A 2 3  3 1  2 1 -1 0
     -1
;
  A 2 3  5 3  2 3 -1 -2
   1
    A 2 3  5 3  3 2 -1 -2
     1
    A 2 3  4 3  1 3 -1 -2
     1/2*mt^(-2)
    A 2 3  4 3  2 2 -1 -2
     -1/4*(-3+d)*mt^(-2)
    A 2 3  4 2  2 2 0 -2
     1/4*(s-2*mt^2)*mt^(-2)
    A 2 3  3 2  1 2 0 -2
     -1/4*mt^(-2)
    A 2 3  3 2  1 2 -1 -1
     -1/2*mt^(-2)
;
  A 2 3  5 3  2 3 -1 -2
   1
    A 2 3  5 3  3 2 -1 -2
     1
    A 2 3  5 2  3 2 0 -2
     -s
    A 2 3  4 2  2 2 0 -2
     -1
    A 2 3  4 2  2 2 -1 -1
     -1
    A 2 3  4 2  3 1 0 -2
     -1
    A 2 3  4 1  2 2 0 -1
     mt^2-t
    A 2 3  3 1  2 1 0 -1
     1
;
  A 2 3  5 3  2 3 -1 -2
   1
    A 2 3  5 3  3 2 -1 -2
     1
    A 2 3  5 2  2 3 -1 -1
     -mt^2-t
    A 2 3  5 2  3 2 -1 -1
     -2*mt^2
    A 2 3  4 2  1 3 -1 -1
     -1
    A 2 3  4 2  2 2 0 -2
     -1/2
    A 2 3  4 2  2 2 -1 -1
     -3/2
    A 2 3  4 1  2 2 0 -1
     -1/2*s+mt^2
    A 2 3  3 1  1 2 0 -1
     1/2
    A 2 3  3 1  1 2 -1 0
     1/2
;
  A 2 3  5 3  2 3 -1 -2
   1
    A 2 3  5 3  2 3 -2 -1
     -s^(-1)*(mt^2-t)
    A 2 3  5 2  2 3 -1 -1
     -mt^2-t
    A 2 3  4 2  1 3 -1 -1
     -1
    A 2 3  4 2  2 2 0 -2
     -1/2
    A 2 3  4 2  2 2 -1 -1
     3/2*s^(-1)*(mt^2-t)
    A 2 3  4 2  2 2 -2 0
     s^(-1)*mt^2
    A 2 3  4 1  2 2 0 -1
     -1/2*s+mt^2
    A 2 3  4 1  2 2 -1 0
     -s^(-1)*mt^2*(mt^2-t)
    A 2 3  3 1  1 2 0 -1
     1/2
    A 2 3  3 1  1 2 -1 0
     1/2*s^(-1)*(s-mt^2+t)
    A 2 3  3 1  2 1 0 -1
     -1/2
    A 2 3  3 1  2 1 -1 0
     -s^(-1)*mt^2
;
  A 2 3  5 3  2 3 0 -3
   1
    A 2 3  5 3  3 2 0 -3
     1
    A 2 3  4 3  1 3 0 -3
     1/2*mt^(-2)
    A 2 3  4 3  2 2 0 -3
     -1/4*(-3+d)*mt^(-2)
    A 2 3  3 2  1 2 0 -2
     -3/4*mt^(-2)
;
  A 2 3  5 3  2 3 0 -3
   1
    A 2 3  5 3  3 2 0 -3
     1
    A 2 3  5 2  2 3 0 -2
     -mt^2-t
    A 2 3  5 2  3 2 0 -2
     -2*mt^2
    A 2 3  4 2  1 3 0 -2
     -1
    A 2 3  4 2  2 2 0 -2
     -2
    A 2 3  3 1  1 2 0 -1
     1
;
  A 2 3  5 3  2 3 0 -3
   1
    A 2 3  5 3  2 3 -1 -2
     -s^(-1)*(mt^2-t)
    A 2 3  5 2  2 3 0 -2
     -mt^2-t
    A 2 3  4 2  1 3 0 -2
     -1
    A 2 3  4 2  2 2 0 -2
     -(s-2*mt^2+2*t)*s^(-1)
    A 2 3  4 2  2 2 -1 -1
     2*s^(-1)*mt^2
    A 2 3  4 1  2 2 0 -1
     -2*s^(-1)*mt^2*(mt^2-t)
    A 2 3  3 1  1 2 0 -1
     s^(-1)*(s-mt^2+t)
    A 2 3  3 1  2 1 0 -1
     -2*s^(-1)*mt^2
;
  A 2 3  5 3  1 4 -3 0
   1
    A 2 3  5 3  2 3 -3 0
     1/3
    A 2 3  4 3  1 3 -3 0
     -1/6*(-2+d)*mt^(-2)
    A 2 3  4 2  1 3 -2 0
     1/2*(s-2*mt^2)*mt^(-2)
    A 1 1  4 3  4 0 -3 0
     1/2*mt^(-2)
    A 1 1  4 3  4 -1 -2 0
     -3/2*mt^(-2)
    A 1 1  4 3  4 -2 -1 0
     3/2*mt^(-2)
    A 1 1  4 3  4 -3 0 0
     -1/2*mt^(-2)
    A 1 1  4 2  4 0 -2 0
     -3/2*s*mt^(-2)
    A 1 1  4 2  4 -1 -1 0
     3*s*mt^(-2)
    A 1 1  4 2  4 -2 0 0
     -3/2*s*mt^(-2)
    A 1 1  4 1  4 0 -1 0
     3/2*s^2*mt^(-2)
    A 1 1  4 1  4 -1 0 0
     -3/2*s^2*mt^(-2)
    A 1 1  4 0  4 0 0 0
     -1/2*s^3*mt^(-2)
    A 1 1  3 2  3 0 -2 0
     mt^(-2)
    A 1 1  3 2  3 -1 -1 0
     -2*mt^(-2)
    A 1 1  3 2  3 -2 0 0
     mt^(-2)
    A 1 1  3 1  3 0 -1 0
     -2*s*mt^(-2)
    A 1 1  3 1  3 -1 0 0
     2*s*mt^(-2)
    A 1 1  3 0  3 0 0 0
     s^2*mt^(-2)
    A 1 1  2 1  2 0 -1 0
     1/2*mt^(-2)
    A 1 1  2 1  2 -1 0 0
     -1/2*mt^(-2)
    A 1 1  2 0  2 0 0 0
     -1/2*s*mt^(-2)
;
  A 2 3  5 3  1 4 -3 0
   1
    A 2 3  5 3  2 3 -3 0
     1/3
    A 2 3  5 2  2 3 -2 0
     -1/3*s
    A 2 3  4 2  1 3 -2 0
     -5/3
    A 2 3  4 2  2 2 -2 0
     -1/3
    A 2 3  3 1  1 2 -1 0
     2/3
;
  A 2 3  5 3  1 4 -2 -1
   1
    A 2 3  5 3  2 3 -2 -1
     1/3
    A 2 3  4 3  1 3 -2 -1
     -1/6*(-2+d)*mt^(-2)
    A 2 3  4 2  1 3 -1 -1
     1/3*(s-2*mt^2)*mt^(-2)
    A 1 1  4 3  4 0 -2 -1
     1/2*mt^(-2)
    A 1 1  4 3  4 -1 -1 -1
     -mt^(-2)
    A 1 1  4 3  4 -1 -2 0
     -1/2*mt^(-2)
    A 1 1  4 3  4 -2 0 -1
     1/2*mt^(-2)
    A 1 1  4 3  4 -2 -1 0
     mt^(-2)
    A 1 1  4 3  4 -3 0 0
     -1/2*mt^(-2)
    A 1 1  4 2  4 0 -1 -1
     -s*mt^(-2)
    A 1 1  4 2  4 0 -2 0
     -1/2*mt^(-2)*(mt^2-t)
    A 1 1  4 2  4 -1 0 -1
     s*mt^(-2)
    A 1 1  4 2  4 -1 -1 0
     mt^(-2)*(s+mt^2-t)
    A 1 1  4 2  4 -2 0 0
     -1/2*(2*s+mt^2-t)*mt^(-2)
    A 1 1  4 1  4 0 0 -1
     1/2*s^2*mt^(-2)
    A 1 1  4 1  4 0 -1 0
     -(s*t-s*mt^2)*mt^(-2)
    A 1 1  4 1  4 -1 0 0
     1/2*(2*s*t-s^2-2*s*mt^2)*mt^(-2)
    A 1 1  4 0  4 0 0 0
     -1/2*(s^2*mt^2-s^2*t)*mt^(-2)
    A 1 1  3 2  3 0 -1 -1
     2/3*mt^(-2)
    A 1 1  3 2  3 0 -2 0
     1/3*mt^(-2)
    A 1 1  3 2  3 -1 0 -1
     -2/3*mt^(-2)
    A 1 1  3 2  3 -1 -1 0
     -4/3*mt^(-2)
    A 1 1  3 2  3 -2 0 0
     mt^(-2)
    A 1 1  3 1  3 0 0 -1
     -2/3*s*mt^(-2)
    A 1 1  3 1  3 0 -1 0
     -2/3*mt^(-2)*(s+mt^2-t)
    A 1 1  3 1  3 -1 0 0
     2/3*(2*s+mt^2-t)*mt^(-2)
    A 1 1  3 0  3 0 0 0
     -1/3*(2*s*t-s^2-2*s*mt^2)*mt^(-2)
    A 1 1  2 1  2 0 0 -1
     1/6*mt^(-2)
    A 1 1  2 1  2 0 -1 0
     1/3*mt^(-2)
    A 1 1  2 1  2 -1 0 0
     -1/2*mt^(-2)
    A 1 1  2 0  2 0 0 0
     -1/6*(2*s+mt^2-t)*mt^(-2)
;
  A 2 3  5 3  1 4 -2 -1
   1
    A 2 3  5 3  2 3 -2 -1
     1/3
    A 2 3  5 2  2 3 -1 -1
     -1/3*s
    A 2 3  4 2  1 3 -1 -1
     -4/3
    A 2 3  4 2  1 3 -2 0
     -1/3
    A 2 3  4 2  2 2 -1 -1
     -1/3
    A 2 3  4 1  1 3 -1 0
     1/3*mt^2-1/3*t
    A 2 3  3 1  1 2 0 -1
     1/3
    A 2 3  3 1  1 2 -1 0
     1/3
;
  A 2 3  5 3  1 4 -2 -1
   1
    A 2 3  5 3  2 3 -2 -1
     1/3
    A 2 3  5 2  1 4 -2 0
     -mt^2-t
    A 2 3  5 2  2 3 -2 0
     -2/3*mt^2
    A 2 3  4 2  1 3 -1 -1
     -2/3
    A 2 3  4 2  1 3 -2 0
     -1/3
    A 2 3  4 1  1 3 -1 0
     -2/3*s+4/3*mt^2
    A 1 1  4 2  4 0 -2 0
     -1
    A 1 1  4 2  4 -1 -1 0
     2
    A 1 1  4 2  4 -2 0 0
     -1
    A 1 1  4 1  4 0 -1 0
     2*s
    A 1 1  4 1  4 -1 0 0
     -2*s
    A 1 1  4 0  4 0 0 0
     -s^2
    A 1 1  3 1  3 0 -1 0
     -4/3
    A 1 1  3 1  3 -1 0 0
     4/3
    A 1 1  3 0  3 0 0 0
     4/3*s
    A 1 1  2 0  2 0 0 0
     -1/3
;
  A 2 3  5 3  1 4 -2 -1
   1
    A 2 3  5 3  1 4 -3 0
     -s^(-1)*(mt^2-t)
    A 2 3  5 2  1 4 -2 0
     -mt^2-t
    A 2 3  4 2  1 3 -1 -1
     -2/3
    A 2 3  4 2  1 3 -2 0
     1/3*s^(-1)*(2*s+3*mt^2-3*t)
    A 2 3  4 1  1 3 -1 0
     -2/3*s+4/3*mt^2
    A 2 3  3 1  1 2 -1 0
     -2/3
    A 1 1  4 2  4 0 -2 0
     -1
    A 1 1  4 2  4 -1 -1 0
     2
    A 1 1  4 2  4 -2 0 0
     -1
    A 1 1  4 1  4 0 -1 0
     2*s
    A 1 1  4 1  4 -1 0 0
     -2*s
    A 1 1  4 0  4 0 0 0
     -s^2
    A 1 1  3 1  3 0 -1 0
     -4/3
    A 1 1  3 1  3 -1 0 0
     4/3
    A 1 1  3 0  3 0 0 0
     4/3*s
    A 1 1  2 0  2 0 0 0
     -1/3
;
  A 2 3  5 3  1 4 -1 -2
   1
    A 2 3  5 3  2 3 -1 -2
     1/3
    A 2 3  4 3  1 3 -1 -2
     -1/6*(-2+d)*mt^(-2)
    A 2 3  4 2  1 3 0 -2
     1/6*(s-2*mt^2)*mt^(-2)
    A 1 1  4 3  4 0 -1 -2
     1/2*mt^(-2)
    A 1 1  4 3  4 -1 0 -2
     -1/2*mt^(-2)
    A 1 1  4 3  4 -1 -1 -1
     -mt^(-2)
    A 1 1  4 3  4 -2 0 -1
     mt^(-2)
    A 1 1  4 3  4 -2 -1 0
     1/2*mt^(-2)
    A 1 1  4 3  4 -3 0 0
     -1/2*mt^(-2)
    A 1 1  4 2  4 0 0 -2
     -1/2*s*mt^(-2)
    A 1 1  4 2  4 0 -1 -1
     -mt^(-2)*(mt^2-t)
    A 1 1  4 2  4 -1 0 -1
     mt^(-2)*(s+mt^2-t)
    A 1 1  4 2  4 -1 -1 0
     mt^(-2)*(mt^2-t)
    A 1 1  4 2  4 -2 0 0
     -1/2*mt^(-2)*(s+2*mt^2-2*t)
    A 1 1  4 1  4 0 0 -1
     -(s*t-s*mt^2)*mt^(-2)
    A 1 1  4 1  4 0 -1 0
     1/2*mt^(-2)*(t^2-2*mt^2*t+mt^4)
    A 1 1  4 1  4 -1 0 0
     1/2*(2*s*t-t^2+2*mt^2*t-mt^4-2*s*mt^2)*mt^(-2)
    A 1 1  4 0  4 0 0 0
     1/2*mt^(-2)*(2*s*mt^2*t-s*mt^4-s*t^2)
    A 1 1  3 2  3 0 0 -2
     1/3*mt^(-2)
    A 1 1  3 2  3 0 -1 -1
     2/3*mt^(-2)
    A 1 1  3 2  3 -1 0 -1
     -4/3*mt^(-2)
    A 1 1  3 2  3 -1 -1 0
     -2/3*mt^(-2)
    A 1 1  3 2  3 -2 0 0
     mt^(-2)
    A 1 1  3 1  3 0 0 -1
     -2/3*mt^(-2)*(s+mt^2-t)
    A 1 1  3 1  3 0 -1 0
     -2/3*mt^(-2)*(mt^2-t)
    A 1 1  3 1  3 -1 0 0
     2/3*mt^(-2)*(s+2*mt^2-2*t)
    A 1 1  3 0  3 0 0 0
     -1/3*(2*s*t-t^2+2*mt^2*t-mt^4-2*s*mt^2)*mt^(-2)
    A 1 1  2 1  2 0 0 -1
     1/3*mt^(-2)
    A 1 1  2 1  2 0 -1 0
     1/6*mt^(-2)
    A 1 1  2 1  2 -1 0 0
     -1/2*mt^(-2)
    A 1 1  2 0  2 0 0 0
     -1/6*mt^(-2)*(s+2*mt^2-2*t)
;
  A 2 3  5 3  1 4 -1 -2
   1
    A 2 3  5 3  2 3 -1 -2
     1/3
    A 2 3  5 2  2 3 0 -2
     -1/3*s
    A 2 3  4 2  1 3 0 -2
     -1
    A 2 3  4 2  1 3 -1 -1
     -2/3
    A 2 3  4 2  2 2 0 -2
     -1/3
    A 2 3  4 1  1 3 0 -1
     2/3*mt^2-2/3*t
    A 2 3  3 1  1 2 0 -1
     2/3
;
  A 2 3  5 3  1 4 -1 -2
   1
    A 2 3  5 3  2 3 -1 -2
     1/3
    A 2 3  5 2  1 4 -1 -1
     -mt^2-t
    A 2 3  5 2  2 3 -1 -1
     -2/3*mt^2
    A 2 3  4 2  1 3 0 -2
     -1/3
    A 2 3  4 2  1 3 -1 -1
     -2/3
    A 2 3  4 1  1 3 0 -1
     -1/3*s+2/3*mt^2
    A 1 1  4 2  4 0 -1 -1
     -1
    A 1 1  4 2  4 -1 0 -1
     1
    A 1 1  4 2  4 -1 -1 0
     1
    A 1 1  4 2  4 -2 0 0
     -1
    A 1 1  4 1  4 0 0 -1
     s
    A 1 1  4 1  4 0 -1 0
     mt^2-t
    A 1 1  4 1  4 -1 0 0
     -s-mt^2+t
    A 1 1  4 0  4 0 0 0
     s*t-s*mt^2
    A 1 1  3 1  3 0 0 -1
     -2/3
    A 1 1  3 1  3 0 -1 0
     -2/3
    A 1 1  3 1  3 -1 0 0
     4/3
    A 1 1  3 0  3 0 0 0
     2/3*s+2/3*mt^2-2/3*t
    A 1 1  2 0  2 0 0 0
     -1/3
;
  A 2 3  5 3  1 4 -1 -2
   1
    A 2 3  5 3  1 4 -2 -1
     -s^(-1)*(mt^2-t)
    A 2 3  5 2  1 4 -1 -1
     -mt^2-t
    A 2 3  4 2  1 3 0 -2
     -1/3
    A 2 3  4 2  1 3 -1 -1
     4/3*s^(-1)*(mt^2-t)
    A 2 3  4 2  1 3 -2 0
     2/3*s^(-1)*mt^2
    A 2 3  4 1  1 3 0 -1
     -1/3*s+2/3*mt^2
    A 2 3  4 1  1 3 -1 0
     -2/3*s^(-1)*mt^2*(mt^2-t)
    A 2 3  3 1  1 2 0 -1
     -1/3
    A 2 3  3 1  1 2 -1 0
     -2/3*s^(-1)*mt^2
    A 1 1  4 2  4 0 -1 -1
     -1
    A 1 1  4 2  4 -1 0 -1
     1
    A 1 1  4 2  4 -1 -1 0
     1
    A 1 1  4 2  4 -2 0 0
     -1
    A 1 1  4 1  4 0 0 -1
     s
    A 1 1  4 1  4 0 -1 0
     mt^2-t
    A 1 1  4 1  4 -1 0 0
     -s-mt^2+t
    A 1 1  4 0  4 0 0 0
     s*t-s*mt^2
    A 1 1  3 1  3 0 0 -1
     -2/3
    A 1 1  3 1  3 0 -1 0
     -1/3*(2*s+mt^2-t)*s^(-1)
    A 1 1  3 1  3 -1 0 0
     1/3*s^(-1)*(4*s+mt^2-t)
    A 1 1  3 0  3 0 0 0
     2/3*s+mt^2-t
    A 1 1  2 0  2 0 0 0
     -1/3*s^(-1)*(s+mt^2-t)
;
  A 2 3  5 3  1 4 0 -3
   1
    A 2 3  5 3  2 3 0 -3
     1/3
    A 2 3  4 3  1 3 0 -3
     -1/6*(-2+d)*mt^(-2)
    A 1 1  4 3  4 0 0 -3
     1/2*mt^(-2)
    A 1 1  4 3  4 -1 0 -2
     -3/2*mt^(-2)
    A 1 1  4 3  4 -2 0 -1
     3/2*mt^(-2)
    A 1 1  4 3  4 -3 0 0
     -1/2*mt^(-2)
    A 1 1  4 2  4 0 0 -2
     -3/2*mt^(-2)*(mt^2-t)
    A 1 1  4 2  4 -1 0 -1
     3*mt^(-2)*(mt^2-t)
    A 1 1  4 2  4 -2 0 0
     -3/2*mt^(-2)*(mt^2-t)
    A 1 1  4 1  4 0 0 -1
     3/2*mt^(-2)*(t^2-2*mt^2*t+mt^4)
    A 1 1  4 1  4 -1 0 0
     -3/2*mt^(-2)*(t^2-2*mt^2*t+mt^4)
    A 1 1  4 0  4 0 0 0
     1/2*mt^(-2)*(t^3-3*mt^2*t^2-mt^6+3*mt^4*t)
    A 1 1  3 2  3 0 0 -2
     mt^(-2)
    A 1 1  3 2  3 -1 0 -1
     -2*mt^(-2)
    A 1 1  3 2  3 -2 0 0
     mt^(-2)
    A 1 1  3 1  3 0 0 -1
     -2*mt^(-2)*(mt^2-t)
    A 1 1  3 1  3 -1 0 0
     2*mt^(-2)*(mt^2-t)
    A 1 1  3 0  3 0 0 0
     mt^(-2)*(t^2-2*mt^2*t+mt^4)
    A 1 1  2 1  2 0 0 -1
     1/2*mt^(-2)
    A 1 1  2 1  2 -1 0 0
     -1/2*mt^(-2)
    A 1 1  2 0  2 0 0 0
     -1/2*mt^(-2)*(mt^2-t)
;
  A 2 3  5 3  1 4 0 -3
   1
    A 2 3  5 3  2 3 0 -3
     1/3
    A 2 3  5 2  1 4 0 -2
     -mt^2-t
    A 2 3  5 2  2 3 0 -2
     -2/3*mt^2
    A 2 3  4 2  1 3 0 -2
     -1
    A 1 1  4 2  4 0 0 -2
     -1
    A 1 1  4 2  4 -1 0 -1
     2
    A 1 1  4 2  4 -2 0 0
     -1
    A 1 1  4 1  4 0 0 -1
     2*mt^2-2*t
    A 1 1  4 1  4 -1 0 0
     -2*mt^2+2*t
    A 1 1  4 0  4 0 0 0
     -t^2+2*mt^2*t-mt^4
    A 1 1  3 1  3 0 0 -1
     -4/3
    A 1 1  3 1  3 -1 0 0
     4/3
    A 1 1  3 0  3 0 0 0
     4/3*mt^2-4/3*t
    A 1 1  2 0  2 0 0 0
     -1/3
;
  A 2 3  5 3  1 4 0 -3
   1
    A 2 3  5 3  1 4 -1 -2
     -s^(-1)*(mt^2-t)
    A 2 3  5 2  1 4 0 -2
     -mt^2-t
    A 2 3  4 2  1 3 0 -2
     -1/3*s^(-1)*(2*s-5*mt^2+5*t)
    A 2 3  4 2  1 3 -1 -1
     4/3*s^(-1)*mt^2
    A 2 3  4 1  1 3 0 -1
     -4/3*s^(-1)*mt^2*(mt^2-t)
    A 2 3  3 1  1 2 0 -1
     -4/3*s^(-1)*mt^2
    A 1 1  4 2  4 0 0 -2
     -1
    A 1 1  4 2  4 -1 0 -1
     2
    A 1 1  4 2  4 -2 0 0
     -1
    A 1 1  4 1  4 0 0 -1
     2*mt^2-2*t
    A 1 1  4 1  4 -1 0 0
     -2*mt^2+2*t
    A 1 1  4 0  4 0 0 0
     -t^2+2*mt^2*t-mt^4
    A 1 1  3 1  3 0 0 -1
     -2/3*(2*s+mt^2-t)*s^(-1)
    A 1 1  3 1  3 -1 0 0
     2/3*(2*s+mt^2-t)*s^(-1)
    A 1 1  3 0  3 0 0 0
     -2/3*(2*s*t-t^2+2*mt^2*t-mt^4-2*s*mt^2)*s^(-1)
    A 1 1  2 0  2 0 0 0
     -1/3*s^(-1)*(s+2*mt^2-2*t)
;
  A 2 3  5 4  3 2 -4 0
   1
    A 2 3  5 4  4 1 -4 0
     3
    A 2 3  5 3  4 1 -3 0
     -3*s
    A 2 3  4 3  3 1 -3 0
     -4
    A 1 1  4 3  4 0 -3 0
     -3
    A 1 1  3 2  3 0 -2 0
     3
;
  A 2 3  5 4  3 2 -3 -1
   1
    A 2 3  5 4  4 1 -3 -1
     3
    A 2 3  5 3  4 1 -2 -1
     -3*s
    A 2 3  4 3  3 1 -2 -1
     -3
    A 2 3  4 3  3 1 -3 0
     -1
    A 2 3  4 2  3 1 -2 0
     mt^2-t
    A 1 1  4 3  4 0 -2 -1
     -3
    A 1 1  3 2  3 0 -1 -1
     2
    A 1 1  3 2  3 0 -2 0
     1
;
  A 2 3  5 4  3 2 -3 -1
   1
    A 2 3  5 4  4 1 -3 -1
     3
    A 2 3  5 3  3 2 -3 0
     -mt^2-t
    A 2 3  5 3  4 1 -3 0
     -6*mt^2
    A 2 3  4 3  2 2 -3 0
     -1
    A 2 3  4 3  3 1 -2 -1
     -3
    A 2 3  4 3  3 1 -3 0
     -3
    A 2 3  4 2  3 1 -2 0
     -3*s+6*mt^2
    A 2 3  3 2  2 1 -2 0
     3
;
  A 2 3  5 4  3 2 -3 -1
   1
    A 2 3  5 4  3 2 -4 0
     -s^(-1)*(mt^2-t)
    A 2 3  5 3  3 2 -3 0
     -mt^2-t
    A 2 3  4 3  2 2 -3 0
     -1
    A 2 3  4 3  3 1 -2 -1
     -3
    A 2 3  4 3  3 1 -3 0
     s^(-1)*(3*s+mt^2-t)
    A 2 3  4 2  3 1 -2 0
     -3*s+6*mt^2
    A 2 3  3 2  2 1 -2 0
     3
    A 1 1  3 2  3 0 -2 0
     -3
;
  A 2 3  5 4  3 2 -2 -2
   1
    A 2 3  5 4  4 1 -2 -2
     3
    A 2 3  5 3  4 1 -1 -2
     -3*s
    A 2 3  4 3  3 1 -1 -2
     -2
    A 2 3  4 3  3 1 -2 -1
     -2
    A 2 3  4 2  3 1 -1 -1
     2*mt^2-2*t
    A 1 1  4 3  4 0 -1 -2
     -3
    A 1 1  3 2  3 0 0 -2
     1
    A 1 1  3 2  3 0 -1 -1
     2
;
  A 2 3  5 4  3 2 -2 -2
   1
    A 2 3  5 4  4 1 -2 -2
     3
    A 2 3  5 3  3 2 -2 -1
     -mt^2-t
    A 2 3  5 3  4 1 -2 -1
     -6*mt^2
    A 2 3  4 3  2 2 -2 -1
     -1
    A 2 3  4 3  3 1 -1 -2
     -2
    A 2 3  4 3  3 1 -2 -1
     -4
    A 2 3  4 2  3 1 -1 -1
     -2*s+4*mt^2
    A 2 3  3 2  2 1 -1 -1
     2
    A 2 3  3 2  2 1 -2 0
     1
;
  A 2 3  5 4  3 2 -2 -2
   1
    A 2 3  5 4  3 2 -3 -1
     -s^(-1)*(mt^2-t)
    A 2 3  5 3  3 2 -2 -1
     -mt^2-t
    A 2 3  4 3  2 2 -2 -1
     -1
    A 2 3  4 3  3 1 -1 -2
     -2
    A 2 3  4 3  3 1 -2 -1
     s^(-1)*(s+2*mt^2-2*t)
    A 2 3  4 3  3 1 -3 0
     2*s^(-1)*mt^2
    A 2 3  4 2  3 1 -1 -1
     -2*s+4*mt^2
    A 2 3  4 2  3 1 -2 0
     -2*s^(-1)*mt^2*(mt^2-t)
    A 2 3  3 2  2 1 -1 -1
     2
    A 2 3  3 2  2 1 -2 0
     s^(-1)*(s-mt^2+t)
    A 1 1  3 2  3 0 -1 -1
     -2
    A 1 1  3 2  3 0 -2 0
     -2*s^(-1)*mt^2
;
  A 2 3  5 4  3 2 -1 -3
   1
    A 2 3  5 4  4 1 -1 -3
     3
    A 2 3  5 3  4 1 0 -3
     -3*s
    A 2 3  4 3  3 1 0 -3
     -1
    A 2 3  4 3  3 1 -1 -2
     -3
    A 2 3  4 2  3 1 0 -2
     3*mt^2-3*t
    A 1 1  4 3  4 0 0 -3
     -3
    A 1 1  3 2  3 0 0 -2
     3
;
  A 2 3  5 4  3 2 -1 -3
   1
    A 2 3  5 4  4 1 -1 -3
     3
    A 2 3  5 3  3 2 -1 -2
     -mt^2-t
    A 2 3  5 3  4 1 -1 -2
     -6*mt^2
    A 2 3  4 3  2 2 -1 -2
     -1
    A 2 3  4 3  3 1 0 -3
     -1
    A 2 3  4 3  3 1 -1 -2
     -5
    A 2 3  4 2  3 1 0 -2
     -s+2*mt^2
    A 2 3  3 2  2 1 0 -2
     1
    A 2 3  3 2  2 1 -1 -1
     2
;
  A 2 3  5 4  3 2 -1 -3
   1
    A 2 3  5 4  3 2 -2 -2
     -s^(-1)*(mt^2-t)
    A 2 3  5 3  3 2 -1 -2
     -mt^2-t
    A 2 3  4 3  2 2 -1 -2
     -1
    A 2 3  4 3  3 1 0 -3
     -1
    A 2 3  4 3  3 1 -1 -2
     -s^(-1)*(s-3*mt^2+3*t)
    A 2 3  4 3  3 1 -2 -1
     4*s^(-1)*mt^2
    A 2 3  4 2  3 1 0 -2
     -s+2*mt^2
    A 2 3  4 2  3 1 -1 -1
     -4*s^(-1)*mt^2*(mt^2-t)
    A 2 3  3 2  2 1 0 -2
     1
    A 2 3  3 2  2 1 -1 -1
     2*s^(-1)*(s-mt^2+t)
    A 1 1  3 2  3 0 0 -2
     -1
    A 1 1  3 2  3 0 -1 -1
     -4*s^(-1)*mt^2
;
  A 2 3  5 4  3 2 0 -4
   1
    A 2 3  5 4  4 1 0 -4
     3
    A 2 3  5 3  3 2 0 -3
     -mt^2-t
    A 2 3  5 3  4 1 0 -3
     -6*mt^2
    A 2 3  4 3  2 2 0 -3
     -1
    A 2 3  4 3  3 1 0 -3
     -6
    A 2 3  3 2  2 1 0 -2
     3
;
  A 2 3  5 4  3 2 0 -4
   1
    A 2 3  5 4  3 2 -1 -3
     -s^(-1)*(mt^2-t)
    A 2 3  5 3  3 2 0 -3
     -mt^2-t
    A 2 3  4 3  2 2 0 -3
     -1
    A 2 3  4 3  3 1 0 -3
     -(3*s-4*mt^2+4*t)*s^(-1)
    A 2 3  4 3  3 1 -1 -2
     6*s^(-1)*mt^2
    A 2 3  4 2  3 1 0 -2
     -6*s^(-1)*mt^2*(mt^2-t)
    A 2 3  3 2  2 1 0 -2
     3*s^(-1)*(s-mt^2+t)
    A 1 1  3 2  3 0 0 -2
     -6*s^(-1)*mt^2
;
  A 2 3  5 4  2 3 -4 0
   1
    A 2 3  5 4  3 2 -4 0
     1
    A 2 3  5 3  3 2 -3 0
     -s
    A 2 3  4 3  2 2 -3 0
     -5/2
    A 2 3  4 3  3 1 -3 0
     -1
    A 2 3  3 2  2 1 -2 0
     3/2
;
  A 2 3  5 4  2 3 -3 -1
   1
    A 2 3  5 4  3 2 -3 -1
     1
    A 2 3  5 3  3 2 -2 -1
     -s
    A 2 3  4 3  2 2 -2 -1
     -2
    A 2 3  4 3  2 2 -3 0
     -1/2
    A 2 3  4 3  3 1 -2 -1
     -1
    A 2 3  4 2  2 2 -2 0
     1/2*mt^2-1/2*t
    A 2 3  3 2  2 1 -1 -1
     1
    A 2 3  3 2  2 1 -2 0
     1/2
;
  A 2 3  5 4  2 3 -3 -1
   1
    A 2 3  5 4  3 2 -3 -1
     1
    A 2 3  5 3  2 3 -3 0
     -mt^2-t
    A 2 3  5 3  3 2 -3 0
     -2*mt^2
    A 2 3  4 3  1 3 -3 0
     -1
    A 2 3  4 3  2 2 -2 -1
     -3/2
    A 2 3  4 3  2 2 -3 0
     -1
    A 2 3  4 2  2 2 -2 0
     -3/2*s+3*mt^2
    A 2 3  3 2  1 2 -2 0
     3/2
;
  A 2 3  5 4  2 3 -3 -1
   1
    A 2 3  5 4  2 3 -4 0
     -s^(-1)*(mt^2-t)
    A 2 3  5 3  2 3 -3 0
     -mt^2-t
    A 2 3  4 3  1 3 -3 0
     -1
    A 2 3  4 3  2 2 -2 -1
     -3/2
    A 2 3  4 3  2 2 -3 0
     1/2*s^(-1)*(3*s+2*mt^2-2*t)
    A 2 3  4 2  2 2 -2 0
     -3/2*s+3*mt^2
    A 2 3  3 2  1 2 -2 0
     3/2
    A 2 3  3 2  2 1 -2 0
     -3/2
;
  A 2 3  5 4  2 3 -2 -2
   1
    A 2 3  5 4  3 2 -2 -2
     1
    A 2 3  5 3  3 2 -1 -2
     -s
    A 2 3  4 3  2 2 -1 -2
     -3/2
    A 2 3  4 3  2 2 -2 -1
     -1
    A 2 3  4 3  3 1 -1 -2
     -1
    A 2 3  4 2  2 2 -1 -1
     mt^2-t
    A 2 3  3 2  2 1 0 -2
     1/2
    A 2 3  3 2  2 1 -1 -1
     1
;
  A 2 3  5 4  2 3 -2 -2
   1
    A 2 3  5 4  3 2 -2 -2
     1
    A 2 3  5 3  2 3 -2 -1
     -mt^2-t
    A 2 3  5 3  3 2 -2 -1
     -2*mt^2
    A 2 3  4 3  1 3 -2 -1
     -1
    A 2 3  4 3  2 2 -1 -2
     -1
    A 2 3  4 3  2 2 -2 -1
     -3/2
    A 2 3  4 2  2 2 -1 -1
     -s+2*mt^2
    A 2 3  3 2  1 2 -1 -1
     1
    A 2 3  3 2  1 2 -2 0
     1/2
;
  A 2 3  5 4  2 3 -2 -2
   1
    A 2 3  5 4  2 3 -3 -1
     -s^(-1)*(mt^2-t)
    A 2 3  5 3  2 3 -2 -1
     -mt^2-t
    A 2 3  4 3  1 3 -2 -1
     -1
    A 2 3  4 3  2 2 -1 -2
     -1
    A 2 3  4 3  2 2 -2 -1
     1/2*s^(-1)*(s+3*mt^2-3*t)
    A 2 3  4 3  2 2 -3 0
     s^(-1)*mt^2
    A 2 3  4 2  2 2 -1 -1
     -s+2*mt^2
    A 2 3  4 2  2 2 -2 0
     -s^(-1)*mt^2*(mt^2-t)
    A 2 3  3 2  1 2 -1 -1
     1
    A 2 3  3 2  1 2 -2 0
     1/2*s^(-1)*(s-mt^2+t)
    A 2 3  3 2  2 1 -1 -1
     -1
    A 2 3  3 2  2 1 -2 0
     -s^(-1)*mt^2
;
  A 2 3  5 4  2 3 -1 -3
   1
    A 2 3  5 4  3 2 -1 -3
     1
    A 2 3  5 3  3 2 0 -3
     -s
    A 2 3  4 3  2 2 0 -3
     -1
    A 2 3  4 3  2 2 -1 -2
     -3/2
    A 2 3  4 3  3 1 0 -3
     -1
    A 2 3  4 2  2 2 0 -2
     3/2*mt^2-3/2*t
    A 2 3  3 2  2 1 0 -2
     3/2
;
  A 2 3  5 4  2 3 -1 -3
   1
    A 2 3  5 4  3 2 -1 -3
     1
    A 2 3  5 3  2 3 -1 -2
     -mt^2-t
    A 2 3  5 3  3 2 -1 -2
     -2*mt^2
    A 2 3  4 3  1 3 -1 -2
     -1
    A 2 3  4 3  2 2 0 -3
     -1/2
    A 2 3  4 3  2 2 -1 -2
     -2
    A 2 3  4 2  2 2 0 -2
     -1/2*s+mt^2
    A 2 3  3 2  1 2 0 -2
     1/2
    A 2 3  3 2  1 2 -1 -1
     1
;
  A 2 3  5 4  2 3 -1 -3
   1
    A 2 3  5 4  2 3 -2 -2
     -s^(-1)*(mt^2-t)
    A 2 3  5 3  2 3 -1 -2
     -mt^2-t
    A 2 3  4 3  1 3 -1 -2
     -1
    A 2 3  4 3  2 2 0 -3
     -1/2
    A 2 3  4 3  2 2 -1 -2
     -1/2*s^(-1)*(s-4*mt^2+4*t)
    A 2 3  4 3  2 2 -2 -1
     2*s^(-1)*mt^2
    A 2 3  4 2  2 2 0 -2
     -1/2*s+mt^2
    A 2 3  4 2  2 2 -1 -1
     -2*s^(-1)*mt^2*(mt^2-t)
    A 2 3  3 2  1 2 0 -2
     1/2
    A 2 3  3 2  1 2 -1 -1
     s^(-1)*(s-mt^2+t)
    A 2 3  3 2  2 1 0 -2
     -1/2
    A 2 3  3 2  2 1 -1 -1
     -2*s^(-1)*mt^2
;
  A 2 3  5 4  2 3 0 -4
   1
    A 2 3  5 4  3 2 0 -4
     1
    A 2 3  5 3  2 3 0 -3
     -mt^2-t
    A 2 3  5 3  3 2 0 -3
     -2*mt^2
    A 2 3  4 3  1 3 0 -3
     -1
    A 2 3  4 3  2 2 0 -3
     -5/2
    A 2 3  3 2  1 2 0 -2
     3/2
;
  A 2 3  5 4  2 3 0 -4
   1
    A 2 3  5 4  2 3 -1 -3
     -s^(-1)*(mt^2-t)
    A 2 3  5 3  2 3 0 -3
     -mt^2-t
    A 2 3  4 3  1 3 0 -3
     -1
    A 2 3  4 3  2 2 0 -3
     -1/2*(3*s-5*mt^2+5*t)*s^(-1)
    A 2 3  4 3  2 2 -1 -2
     3*s^(-1)*mt^2
    A 2 3  4 2  2 2 0 -2
     -3*s^(-1)*mt^2*(mt^2-t)
    A 2 3  3 2  1 2 0 -2
     3/2*s^(-1)*(s-mt^2+t)
    A 2 3  3 2  2 1 0 -2
     -3*s^(-1)*mt^2
;
  A 2 3  5 4  1 4 -4 0
   1
    A 2 3  5 4  2 3 -4 0
     1/3
    A 2 3  5 3  2 3 -3 0
     -1/3*s
    A 2 3  4 3  1 3 -3 0
     -2
    A 2 3  4 3  2 2 -3 0
     -1/3
    A 2 3  3 2  1 2 -2 0
     1
;
  A 2 3  5 4  1 4 -3 -1
   1
    A 2 3  5 4  2 3 -3 -1
     1/3
    A 2 3  5 3  2 3 -2 -1
     -1/3*s
    A 2 3  4 3  1 3 -2 -1
     -5/3
    A 2 3  4 3  1 3 -3 0
     -1/3
    A 2 3  4 3  2 2 -2 -1
     -1/3
    A 2 3  4 2  1 3 -2 0
     1/3*mt^2-1/3*t
    A 2 3  3 2  1 2 -1 -1
     2/3
    A 2 3  3 2  1 2 -2 0
     1/3
;
  A 2 3  5 4  1 4 -3 -1
   1
    A 2 3  5 4  2 3 -3 -1
     1/3
    A 2 3  5 3  1 4 -3 0
     -mt^2-t
    A 2 3  5 3  2 3 -3 0
     -2/3*mt^2
    A 2 3  4 3  1 3 -2 -1
     -1
    A 2 3  4 3  1 3 -3 0
     -1/3
    A 2 3  4 2  1 3 -2 0
     -s+2*mt^2
    A 1 1  4 3  4 0 -3 0
     -1
    A 1 1  4 3  4 -1 -2 0
     3
    A 1 1  4 3  4 -2 -1 0
     -3
    A 1 1  4 3  4 -3 0 0
     1
    A 1 1  4 2  4 0 -2 0
     3*s
    A 1 1  4 2  4 -1 -1 0
     -6*s
    A 1 1  4 2  4 -2 0 0
     3*s
    A 1 1  4 1  4 0 -1 0
     -3*s^2
    A 1 1  4 1  4 -1 0 0
     3*s^2
    A 1 1  4 0  4 0 0 0
     s^3
    A 1 1  3 2  3 0 -2 0
     -2
    A 1 1  3 2  3 -1 -1 0
     4
    A 1 1  3 2  3 -2 0 0
     -2
    A 1 1  3 1  3 0 -1 0
     4*s
    A 1 1  3 1  3 -1 0 0
     -4*s
    A 1 1  3 0  3 0 0 0
     -2*s^2
    A 1 1  2 1  2 0 -1 0
     -1
    A 1 1  2 1  2 -1 0 0
     1
    A 1 1  2 0  2 0 0 0
     s
;
  A 2 3  5 4  1 4 -3 -1
   1
    A 2 3  5 4  1 4 -4 0
     -s^(-1)*(mt^2-t)
    A 2 3  5 3  1 4 -3 0
     -mt^2-t
    A 2 3  4 3  1 3 -2 -1
     -1
    A 2 3  4 3  1 3 -3 0
     s^(-1)*(s+mt^2-t)
    A 2 3  4 2  1 3 -2 0
     -s+2*mt^2
    A 2 3  3 2  1 2 -2 0
     -1
    A 1 1  4 3  4 0 -3 0
     -1
    A 1 1  4 3  4 -1 -2 0
     3
    A 1 1  4 3  4 -2 -1 0
     -3
    A 1 1  4 3  4 -3 0 0
     1
    A 1 1  4 2  4 0 -2 0
     3*s
    A 1 1  4 2  4 -1 -1 0
     -6*s
    A 1 1  4 2  4 -2 0 0
     3*s
    A 1 1  4 1  4 0 -1 0
     -3*s^2
    A 1 1  4 1  4 -1 0 0
     3*s^2
    A 1 1  4 0  4 0 0 0
     s^3
    A 1 1  3 2  3 0 -2 0
     -2
    A 1 1  3 2  3 -1 -1 0
     4
    A 1 1  3 2  3 -2 0 0
     -2
    A 1 1  3 1  3 0 -1 0
     4*s
    A 1 1  3 1  3 -1 0 0
     -4*s
    A 1 1  3 0  3 0 0 0
     -2*s^2
    A 1 1  2 1  2 0 -1 0
     -1
    A 1 1  2 1  2 -1 0 0
     1
    A 1 1  2 0  2 0 0 0
     s
;
  A 2 3  5 4  1 4 -2 -2
   1
    A 2 3  5 4  2 3 -2 -2
     1/3
    A 2 3  5 3  2 3 -1 -2
     -1/3*s
    A 2 3  4 3  1 3 -1 -2
     -4/3
    A 2 3  4 3  1 3 -2 -1
     -2/3
    A 2 3  4 3  2 2 -1 -2
     -1/3
    A 2 3  4 2  1 3 -1 -1
     2/3*mt^2-2/3*t
    A 2 3  3 2  1 2 0 -2
     1/3
    A 2 3  3 2  1 2 -1 -1
     2/3
;
  A 2 3  5 4  1 4 -2 -2
   1
    A 2 3  5 4  2 3 -2 -2
     1/3
    A 2 3  5 3  1 4 -2 -1
     -mt^2-t
    A 2 3  5 3  2 3 -2 -1
     -2/3*mt^2
    A 2 3  4 3  1 3 -1 -2
     -2/3
    A 2 3  4 3  1 3 -2 -1
     -2/3
    A 2 3  4 2  1 3 -1 -1
     -2/3*s+4/3*mt^2
    A 1 1  4 3  4 0 -2 -1
     -1
    A 1 1  4 3  4 -1 -1 -1
     2
    A 1 1  4 3  4 -1 -2 0
     1
    A 1 1  4 3  4 -2 0 -1
     -1
    A 1 1  4 3  4 -2 -1 0
     -2
    A 1 1  4 3  4 -3 0 0
     1
    A 1 1  4 2  4 0 -1 -1
     2*s
    A 1 1  4 2  4 0 -2 0
     mt^2-t
    A 1 1  4 2  4 -1 0 -1
     -2*s
    A 1 1  4 2  4 -1 -1 0
     -2*s-2*mt^2+2*t
    A 1 1  4 2  4 -2 0 0
     2*s+mt^2-t
    A 1 1  4 1  4 0 0 -1
     -s^2
    A 1 1  4 1  4 0 -1 0
     2*s*t-2*s*mt^2
    A 1 1  4 1  4 -1 0 0
     -2*s*t+s^2+2*s*mt^2
    A 1 1  4 0  4 0 0 0
     s^2*mt^2-s^2*t
    A 1 1  3 2  3 0 -1 -1
     -4/3
    A 1 1  3 2  3 0 -2 0
     -2/3
    A 1 1  3 2  3 -1 0 -1
     4/3
    A 1 1  3 2  3 -1 -1 0
     8/3
    A 1 1  3 2  3 -2 0 0
     -2
    A 1 1  3 1  3 0 0 -1
     4/3*s
    A 1 1  3 1  3 0 -1 0
     4/3*s+4/3*mt^2-4/3*t
    A 1 1  3 1  3 -1 0 0
     -8/3*s-4/3*mt^2+4/3*t
    A 1 1  3 0  3 0 0 0
     4/3*s*t-2/3*s^2-4/3*s*mt^2
    A 1 1  2 1  2 0 0 -1
     -1/3
    A 1 1  2 1  2 0 -1 0
     -2/3
    A 1 1  2 1  2 -1 0 0
     1
    A 1 1  2 0  2 0 0 0
     2/3*s+1/3*mt^2-1/3*t
;
  A 2 3  5 4  1 4 -2 -2
   1
    A 2 3  5 4  1 4 -3 -1
     -s^(-1)*(mt^2-t)
    A 2 3  5 3  1 4 -2 -1
     -mt^2-t
    A 2 3  4 3  1 3 -1 -2
     -2/3
    A 2 3  4 3  1 3 -2 -1
     1/3*(s+4*mt^2-4*t)*s^(-1)
    A 2 3  4 3  1 3 -3 0
     2/3*s^(-1)*mt^2
    A 2 3  4 2  1 3 -1 -1
     -2/3*s+4/3*mt^2
    A 2 3  4 2  1 3 -2 0
     -2/3*s^(-1)*mt^2*(mt^2-t)
    A 2 3  3 2  1 2 -1 -1
     -2/3
    A 2 3  3 2  1 2 -2 0
     -2/3*s^(-1)*mt^2
    A 1 1  4 3  4 0 -2 -1
     -1
    A 1 1  4 3  4 -1 -1 -1
     2
    A 1 1  4 3  4 -1 -2 0
     1
    A 1 1  4 3  4 -2 0 -1
     -1
    A 1 1  4 3  4 -2 -1 0
     -2
    A 1 1  4 3  4 -3 0 0
     1
    A 1 1  4 2  4 0 -1 -1
     2*s
    A 1 1  4 2  4 0 -2 0
     mt^2-t
    A 1 1  4 2  4 -1 0 -1
     -2*s
    A 1 1  4 2  4 -1 -1 0
     -2*s-2*mt^2+2*t
    A 1 1  4 2  4 -2 0 0
     2*s+mt^2-t
    A 1 1  4 1  4 0 0 -1
     -s^2
    A 1 1  4 1  4 0 -1 0
     2*s*t-2*s*mt^2
    A 1 1  4 1  4 -1 0 0
     -2*s*t+s^2+2*s*mt^2
    A 1 1  4 0  4 0 0 0
     s^2*mt^2-s^2*t
    A 1 1  3 2  3 0 -1 -1
     -4/3
    A 1 1  3 2  3 0 -2 0
     -1/3*(2*s+mt^2-t)*s^(-1)
    A 1 1  3 2  3 -1 0 -1
     4/3
    A 1 1  3 2  3 -1 -1 0
     2/3*s^(-1)*(4*s+mt^2-t)
    A 1 1  3 2  3 -2 0 0
     -1/3*s^(-1)*(6*s+mt^2-t)
    A 1 1  3 1  3 0 0 -1
     4/3*s
    A 1 1  3 1  3 0 -1 0
     4/3*s+2*mt^2-2*t
    A 1 1  3 1  3 -1 0 0
     -8/3*s-2*mt^2+2*t
    A 1 1  3 0  3 0 0 0
     5/3*s*t-2/3*s^2-5/3*s*mt^2
    A 1 1  2 1  2 0 0 -1
     -1/3
    A 1 1  2 1  2 0 -1 0
     -2/3*s^(-1)*(s+mt^2-t)
    A 1 1  2 1  2 -1 0 0
     1/3*s^(-1)*(3*s+2*mt^2-2*t)
    A 1 1  2 0  2 0 0 0
     2/3*s+mt^2-t
    A 1 1  1 0  1 0 0 0
     -1/3*s^(-1)*(mt^2-t)
;
  A 2 3  5 4  1 4 -1 -3
   1
    A 2 3  5 4  2 3 -1 -3
     1/3
    A 2 3  5 3  2 3 0 -3
     -1/3*s
    A 2 3  4 3  1 3 0 -3
     -1
    A 2 3  4 3  1 3 -1 -2
     -1
    A 2 3  4 3  2 2 0 -3
     -1/3
    A 2 3  4 2  1 3 0 -2
     mt^2-t
    A 2 3  3 2  1 2 0 -2
     1
;
  A 2 3  5 4  1 4 -1 -3
   1
    A 2 3  5 4  2 3 -1 -3
     1/3
    A 2 3  5 3  1 4 -1 -2
     -mt^2-t
    A 2 3  5 3  2 3 -1 -2
     -2/3*mt^2
    A 2 3  4 3  1 3 0 -3
     -1/3
    A 2 3  4 3  1 3 -1 -2
     -1
    A 2 3  4 2  1 3 0 -2
     -1/3*s+2/3*mt^2
    A 1 1  4 3  4 0 -1 -2
     -1
    A 1 1  4 3  4 -1 0 -2
     1
    A 1 1  4 3  4 -1 -1 -1
     2
    A 1 1  4 3  4 -2 0 -1
     -2
    A 1 1  4 3  4 -2 -1 0
     -1
    A 1 1  4 3  4 -3 0 0
     1
    A 1 1  4 2  4 0 0 -2
     s
    A 1 1  4 2  4 0 -1 -1
     2*mt^2-2*t
    A 1 1  4 2  4 -1 0 -1
     -2*s-2*mt^2+2*t
    A 1 1  4 2  4 -1 -1 0
     -2*mt^2+2*t
    A 1 1  4 2  4 -2 0 0
     s+2*mt^2-2*t
    A 1 1  4 1  4 0 0 -1
     2*s*t-2*s*mt^2
    A 1 1  4 1  4 0 -1 0
     -t^2+2*mt^2*t-mt^4
    A 1 1  4 1  4 -1 0 0
     -2*s*t+t^2-2*mt^2*t+mt^4+2*s*mt^2
    A 1 1  4 0  4 0 0 0
     -2*s*mt^2*t+s*mt^4+s*t^2
    A 1 1  3 2  3 0 0 -2
     -2/3
    A 1 1  3 2  3 0 -1 -1
     -4/3
    A 1 1  3 2  3 -1 0 -1
     8/3
    A 1 1  3 2  3 -1 -1 0
     4/3
    A 1 1  3 2  3 -2 0 0
     -2
    A 1 1  3 1  3 0 0 -1
     4/3*s+4/3*mt^2-4/3*t
    A 1 1  3 1  3 0 -1 0
     4/3*mt^2-4/3*t
    A 1 1  3 1  3 -1 0 0
     -4/3*s-8/3*mt^2+8/3*t
    A 1 1  3 0  3 0 0 0
     4/3*s*t-2/3*t^2+4/3*mt^2*t-2/3*mt^4-4/3*s*mt^2
    A 1 1  2 1  2 0 0 -1
     -2/3
    A 1 1  2 1  2 0 -1 0
     -1/3
    A 1 1  2 1  2 -1 0 0
     1
    A 1 1  2 0  2 0 0 0
     1/3*s+2/3*mt^2-2/3*t
;
  A 2 3  5 4  1 4 -1 -3
   1
    A 2 3  5 4  1 4 -2 -2
     -s^(-1)*(mt^2-t)
    A 2 3  5 3  1 4 -1 -2
     -mt^2-t
    A 2 3  4 3  1 3 0 -3
     -1/3
    A 2 3  4 3  1 3 -1 -2
     -1/3*(s-5*mt^2+5*t)*s^(-1)
    A 2 3  4 3  1 3 -2 -1
     4/3*s^(-1)*mt^2
    A 2 3  4 2  1 3 0 -2
     -1/3*s+2/3*mt^2
    A 2 3  4 2  1 3 -1 -1
     -4/3*s^(-1)*mt^2*(mt^2-t)
    A 2 3  3 2  1 2 0 -2
     -1/3
    A 2 3  3 2  1 2 -1 -1
     -4/3*s^(-1)*mt^2
    A 1 1  4 3  4 0 -1 -2
     -1
    A 1 1  4 3  4 -1 0 -2
     1
    A 1 1  4 3  4 -1 -1 -1
     2
    A 1 1  4 3  4 -2 0 -1
     -2
    A 1 1  4 3  4 -2 -1 0
     -1
    A 1 1  4 3  4 -3 0 0
     1
    A 1 1  4 2  4 0 0 -2
     s
    A 1 1  4 2  4 0 -1 -1
     2*mt^2-2*t
    A 1 1  4 2  4 -1 0 -1
     -2*s-2*mt^2+2*t
    A 1 1  4 2  4 -1 -1 0
     -2*mt^2+2*t
    A 1 1  4 2  4 -2 0 0
     s+2*mt^2-2*t
    A 1 1  4 1  4 0 0 -1
     2*s*t-2*s*mt^2
    A 1 1  4 1  4 0 -1 0
     -t^2+2*mt^2*t-mt^4
    A 1 1  4 1  4 -1 0 0
     -2*s*t+t^2-2*mt^2*t+mt^4+2*s*mt^2
    A 1 1  4 0  4 0 0 0
     -2*s*mt^2*t+s*mt^4+s*t^2
    A 1 1  3 2  3 0 0 -2
     -2/3
    A 1 1  3 2  3 0 -1 -1
     -2/3*(2*s+mt^2-t)*s^(-1)
    A 1 1  3 2  3 -1 0 -1
     2/3*s^(-1)*(4*s+mt^2-t)
    A 1 1  3 2  3 -1 -1 0
     2/3*(2*s+mt^2-t)*s^(-1)
    A 1 1  3 2  3 -2 0 0
     -2/3*s^(-1)*(3*s+mt^2-t)
    A 1 1  3 1  3 0 0 -1
     4/3*s+2*mt^2-2*t
    A 1 1  3 1  3 0 -1 0
     -2/3*(2*s*t-t^2+2*mt^2*t-mt^4-2*s*mt^2)*s^(-1)
    A 1 1  3 1  3 -1 0 0
     2/3*s^(-1)*(5*s*t-t^2+2*mt^2*t-mt^4-2*s^2-5*s*mt^2)
    A 1 1  3 0  3 0 0 0
     4/3*s*t-4/3*t^2+8/3*mt^2*t-4/3*mt^4-4/3*s*mt^2
    A 1 1  2 1  2 0 0 -1
     -2/3*s^(-1)*(s+mt^2-t)
    A 1 1  2 1  2 0 -1 0
     -1/3*s^(-1)*(s+2*mt^2-2*t)
    A 1 1  2 1  2 -1 0 0
     1/3*(3*s+4*mt^2-4*t)*s^(-1)
    A 1 1  2 0  2 0 0 0
     -1/3*(4*s*t-2*t^2+4*mt^2*t-2*mt^4-s^2-4*s*mt^2)*s^(-1)
    A 1 1  1 0  1 0 0 0
     -2/3*s^(-1)*(mt^2-t)
;
  A 2 3  5 4  1 4 0 -4
   1
    A 2 3  5 4  2 3 0 -4
     1/3
    A 2 3  5 3  1 4 0 -3
     -mt^2-t
    A 2 3  5 3  2 3 0 -3
     -2/3*mt^2
    A 2 3  4 3  1 3 0 -3
     -4/3
    A 1 1  4 3  4 0 0 -3
     -1
    A 1 1  4 3  4 -1 0 -2
     3
    A 1 1  4 3  4 -2 0 -1
     -3
    A 1 1  4 3  4 -3 0 0
     1
    A 1 1  4 2  4 0 0 -2
     3*mt^2-3*t
    A 1 1  4 2  4 -1 0 -1
     -6*mt^2+6*t
    A 1 1  4 2  4 -2 0 0
     3*mt^2-3*t
    A 1 1  4 1  4 0 0 -1
     -3*t^2+6*mt^2*t-3*mt^4
    A 1 1  4 1  4 -1 0 0
     3*t^2-6*mt^2*t+3*mt^4
    A 1 1  4 0  4 0 0 0
     -t^3+3*mt^2*t^2+mt^6-3*mt^4*t
    A 1 1  3 2  3 0 0 -2
     -2
    A 1 1  3 2  3 -1 0 -1
     4
    A 1 1  3 2  3 -2 0 0
     -2
    A 1 1  3 1  3 0 0 -1
     4*mt^2-4*t
    A 1 1  3 1  3 -1 0 0
     -4*mt^2+4*t
    A 1 1  3 0  3 0 0 0
     -2*t^2+4*mt^2*t-2*mt^4
    A 1 1  2 1  2 0 0 -1
     -1
    A 1 1  2 1  2 -1 0 0
     1
    A 1 1  2 0  2 0 0 0
     mt^2-t
;
  A 2 3  5 4  1 4 0 -4
   1
    A 2 3  5 4  1 4 -1 -3
     -s^(-1)*(mt^2-t)
    A 2 3  5 3  1 4 0 -3
     -mt^2-t
    A 2 3  4 3  1 3 0 -3
     -(s-2*mt^2+2*t)*s^(-1)
    A 2 3  4 3  1 3 -1 -2
     2*s^(-1)*mt^2
    A 2 3  4 2  1 3 0 -2
     -2*s^(-1)*mt^2*(mt^2-t)
    A 2 3  3 2  1 2 0 -2
     -2*s^(-1)*mt^2
    A 1 1  4 3  4 0 0 -3
     -1
    A 1 1  4 3  4 -1 0 -2
     3
    A 1 1  4 3  4 -2 0 -1
     -3
    A 1 1  4 3  4 -3 0 0
     1
    A 1 1  4 2  4 0 0 -2
     3*mt^2-3*t
    A 1 1  4 2  4 -1 0 -1
     -6*mt^2+6*t
    A 1 1  4 2  4 -2 0 0
     3*mt^2-3*t
    A 1 1  4 1  4 0 0 -1
     -3*t^2+6*mt^2*t-3*mt^4
    A 1 1  4 1  4 -1 0 0
     3*t^2-6*mt^2*t+3*mt^4
    A 1 1  4 0  4 0 0 0
     -t^3+3*mt^2*t^2+mt^6-3*mt^4*t
    A 1 1  3 2  3 0 0 -2
     -(2*s+mt^2-t)*s^(-1)
    A 1 1  3 2  3 -1 0 -1
     2*(2*s+mt^2-t)*s^(-1)
    A 1 1  3 2  3 -2 0 0
     -(2*s+mt^2-t)*s^(-1)
    A 1 1  3 1  3 0 0 -1
     -2*(2*s*t-t^2+2*mt^2*t-mt^4-2*s*mt^2)*s^(-1)
    A 1 1  3 1  3 -1 0 0
     2*(2*s*t-t^2+2*mt^2*t-mt^4-2*s*mt^2)*s^(-1)
    A 1 1  3 0  3 0 0 0
     s^(-1)*(4*s*mt^2*t+t^3-3*mt^2*t^2-2*s*mt^4-mt^6-2*s*t^2+3*mt^4*t)
    A 1 1  2 1  2 0 0 -1
     -s^(-1)*(s+2*mt^2-2*t)
    A 1 1  2 1  2 -1 0 0
     s^(-1)*(s+2*mt^2-2*t)
    A 1 1  2 0  2 0 0 0
     -s^(-1)*(s*t-2*t^2+4*mt^2*t-2*mt^4-s*mt^2)
    A 1 1  1 0  1 0 0 0
     -s^(-1)*(mt^2-t)
;
