  B 2 5  2 1  1 -1 1 0
   1
    B 2 5  2 0  1 0 1 0
     1/2*s
;
  B 2 5  2 1  1 0 1 -1
   1
    B 2 5  2 0  1 0 1 0
     1/2*s
;
  B 2 5  2 2  1 -2 1 0
   1
    B 2 5  2 0  1 0 1 0
     -1/4*s^2*d*(-1+d)^(-1)
;
  B 2 5  2 2  1 -1 1 -1
   1
    B 2 5  2 0  1 0 1 0
     1/4*s*(-1+d)^(-1)*(2*mt^2-s*d-2*t)
;
  B 2 5  2 2  1 0 1 -2
   1
    B 2 5  2 0  1 0 1 0
     1/4*s*(4*mt^2-s*d)*(-1+d)^(-1)
;
  B 2 5  2 3  1 -3 1 0
   1
    B 2 5  2 0  1 0 1 0
     1/8*(2*s^3+s^3*d)*(-1+d)^(-1)
;
  B 2 5  2 3  1 -2 1 -1
   1
    B 2 5  2 0  1 0 1 0
     -1/8*(4*s^2*mt^2-2*s^3-s^3*d-4*s^2*t)*(-1+d)^(-1)
;
  B 2 5  2 3  1 -1 1 -2
   1
    B 2 5  2 0  1 0 1 0
     -1/8*(-1+d)^(-1)*(8*s^2*mt^2-2*s^3-s^3*d-4*s^2*t)
;
  B 2 5  2 3  1 0 1 -3
   1
    B 2 5  2 0  1 0 1 0
     -1/8*(12*s^2*mt^2-2*s^3-s^3*d)*(-1+d)^(-1)
;
  B 2 5  3 0  2 0 1 0
   1
    B 2 5  2 0  1 0 1 0
     (-3+d)*s^(-1)
;
  B 2 5  3 0  1 0 2 0
   1
    B 2 5  2 0  1 0 1 0
     (-3+d)*s^(-1)
;
  B 2 5  3 1  2 -1 1 0
   1
    B 2 5  2 0  1 0 1 0
     1-1/2*d
;
  B 2 5  3 1  2 0 1 -1
   1
    B 2 5  2 0  1 0 1 0
     1-1/2*d
;
  B 2 5  3 1  1 -1 2 0
   1
    B 2 5  2 0  1 0 1 0
     1-1/2*d
;
  B 2 5  3 1  1 0 2 -1
   1
    B 2 5  2 0  1 0 1 0
     1-1/2*d
;
  B 2 5  3 2  2 -2 1 0
   1
    B 2 5  2 0  1 0 1 0
     1/4*s*d
;
  B 2 5  3 2  2 -1 1 -1
   1
    B 2 5  2 0  1 0 1 0
     -1/2*mt^2+1/4*s*d+1/2*t
;
  B 2 5  3 2  2 0 1 -2
   1
    B 2 5  2 0  1 0 1 0
     -mt^2+1/4*s*d
;
  B 2 5  3 2  1 -2 2 0
   1
    B 2 5  2 0  1 0 1 0
     1/4*s*d
;
  B 2 5  3 2  1 -1 2 -1
   1
    B 2 5  2 0  1 0 1 0
     -1/2*mt^2+1/4*s*d+1/2*t
;
  B 2 5  3 2  1 0 2 -2
   1
    B 2 5  2 0  1 0 1 0
     -mt^2+1/4*s*d
;
  B 2 5  3 3  2 -3 1 0
   1
    B 2 5  2 0  1 0 1 0
     -1/8*(2*s^2*d+s^2*d^2)*(-1+d)^(-1)
;
  B 2 5  3 3  2 -2 1 -1
   1
    B 2 5  2 0  1 0 1 0
     -1/8*(4*s*d*t+2*s^2*d+s^2*d^2-4*s*d*mt^2)*(-1+d)^(-1)
;
  B 2 5  3 3  2 -1 1 -2
   1
    B 2 5  2 0  1 0 1 0
     -1/8*(4*s*d*t+2*s^2*d+s^2*d^2-8*s*d*mt^2)*(-1+d)^(-1)
;
  B 2 5  3 3  2 0 1 -3
   1
    B 2 5  2 0  1 0 1 0
     -1/8*(2*s^2*d+s^2*d^2-12*s*d*mt^2)*(-1+d)^(-1)
;
  B 2 5  3 3  1 -3 2 0
   1
    B 2 5  2 0  1 0 1 0
     -1/8*d*(-1+d)^(-1)*(s^2*d+2*s^2)
;
  B 2 5  3 3  1 -2 2 -1
   1
    B 2 5  2 0  1 0 1 0
     -1/8*(4*s*t+s^2*d+2*s^2-4*s*mt^2)*d*(-1+d)^(-1)
;
  B 2 5  3 3  1 -1 2 -2
   1
    B 2 5  2 0  1 0 1 0
     -1/8*(4*s*d*t+2*s^2*d+s^2*d^2-8*s*d*mt^2)*(-1+d)^(-1)
;
  B 2 5  3 3  1 0 2 -3
   1
    B 2 5  2 0  1 0 1 0
     -1/8*(2*s^2*d+s^2*d^2-12*s*d*mt^2)*(-1+d)^(-1)
;
  B 2 5  3 4  2 -4 1 0
   1
    B 2 5  2 0  1 0 1 0
     1/16*(-1+d)^(-1)*(s^3*d^2+8*s^3+6*s^3*d)
;
  B 2 5  3 4  2 -3 1 -1
   1
    B 2 5  2 0  1 0 1 0
     -1/16*(12*s^2*mt^2+6*s^2*d*mt^2-s^3*d^2-8*s^3-6*s^3*d-6*s^2*d*t-12*s^2*t)*(-1+d)^(-1)
;
  B 2 5  3 4  2 -2 1 -2
   1
    B 2 5  2 0  1 0 1 0
     -1/16*(24*s^2*mt^2+16*s*mt^2*t+12*s^2*d*mt^2-s^3*d^2-8*s*mt^4-8*s^3-6*s^3*d-8*s*t^2-8*s^2*d*t-16*s^2*t)*(-1+d)^(-1)
;
  B 2 5  3 4  2 -1 1 -3
   1
    B 2 5  2 0  1 0 1 0
     -1/16*(-1+d)^(-1)*(36*s^2*mt^2+24*s*mt^2*t+18*s^2*d*mt^2-s^3*d^2-24*s*mt^4-8*s^3-6*s^3*d-6*s^2*d*t-12*s^2*t)
;
  B 2 5  3 4  2 0 1 -4
   1
    B 2 5  2 0  1 0 1 0
     -1/16*(48*s^2*mt^2+24*s^2*d*mt^2-s^3*d^2-48*s*mt^4-8*s^3-6*s^3*d)*(-1+d)^(-1)
;
  B 2 5  3 4  1 -4 2 0
   1
    B 2 5  2 0  1 0 1 0
     1/16*(-1+d)^(-1)*(s^3*d^2+8*s^3+6*s^3*d)
;
  B 2 5  3 4  1 -3 2 -1
   1
    B 2 5  2 0  1 0 1 0
     -1/16*(12*s^2*mt^2+6*s^2*d*mt^2-s^3*d^2-8*s^3-6*s^3*d-6*s^2*d*t-12*s^2*t)*(-1+d)^(-1)
;
  B 2 5  3 4  1 -2 2 -2
   1
    B 2 5  2 0  1 0 1 0
     -1/16*(24*s^2*mt^2+16*s*mt^2*t+12*s^2*d*mt^2-s^3*d^2-8*s*mt^4-8*s^3-6*s^3*d-8*s*t^2-8*s^2*d*t-16*s^2*t)*(-1+d)^(-1)
;
  B 2 5  3 4  1 -1 2 -3
   1
    B 2 5  2 0  1 0 1 0
     -1/16*(-1+d)^(-1)*(36*s^2*mt^2+24*s*mt^2*t+18*s^2*d*mt^2-s^3*d^2-24*s*mt^4-8*s^3-6*s^3*d-6*s^2*d*t-12*s^2*t)
;
  B 2 5  3 4  1 0 2 -4
   1
    B 2 5  2 0  1 0 1 0
     -1/16*(48*s^2*mt^2+24*s^2*d*mt^2-s^3*d^2-48*s*mt^4-8*s^3-6*s^3*d)*(-1+d)^(-1)
;
  B 2 5  4 0  3 0 1 0
   1
    B 2 5  2 0  1 0 1 0
     -1/2*(-3+d)*(-4+d)*s^(-2)
;
  B 2 5  4 0  2 0 2 0
   1
    B 2 5  2 0  1 0 1 0
     (-18+9*d-d^2)*s^(-2)
;
  B 2 5  4 0  1 0 3 0
   1
    B 2 5  2 0  1 0 1 0
     -1/2*(-3+d)*(-4+d)*s^(-2)
;
  B 2 5  4 1  3 -1 1 0
   1
    B 2 5  2 0  1 0 1 0
     -1/4*(-6+5*d-d^2)*s^(-1)
;
  B 2 5  4 1  3 0 1 -1
   1
    B 2 5  2 0  1 0 1 0
     -1/4*(-6+5*d-d^2)*s^(-1)
;
  B 2 5  4 1  2 -1 2 0
   1
    B 2 5  2 0  1 0 1 0
     -1/2*s^(-1)*(-12+7*d-d^2)
;
  B 2 5  4 1  2 0 2 -1
   1
    B 2 5  2 0  1 0 1 0
     -1/2*s^(-1)*(-12+7*d-d^2)
;
  B 2 5  4 1  1 -1 3 0
   1
    B 2 5  2 0  1 0 1 0
     -1/4*(-6+5*d-d^2)*s^(-1)
;
  B 2 5  4 1  1 0 3 -1
   1
    B 2 5  2 0  1 0 1 0
     -1/4*(-6+5*d-d^2)*s^(-1)
;
  B 2 5  4 2  3 -2 1 0
   1
    B 2 5  2 0  1 0 1 0
     1/4*d-1/8*d^2
;
  B 2 5  4 2  3 -1 1 -1
   1
    B 2 5  2 0  1 0 1 0
     -1/8*s^(-1)*(2*d*t+s*d^2-2*d*mt^2+4*mt^2-2*s*d-4*t)
;
  B 2 5  4 2  3 0 1 -2
   1
    B 2 5  2 0  1 0 1 0
     -1/8*(s*d^2-4*d*mt^2+8*mt^2-2*s*d)*s^(-1)
;
  B 2 5  4 2  2 -2 2 0
   1
    B 2 5  2 0  1 0 1 0
     -1+d-1/4*d^2
;
  B 2 5  4 2  2 -1 2 -1
   1
    B 2 5  2 0  1 0 1 0
     -1/4*s^(-1)*(2*d*t+4*s+s*d^2-2*d*mt^2+8*mt^2-4*s*d-8*t)
;
  B 2 5  4 2  2 0 2 -2
   1
    B 2 5  2 0  1 0 1 0
     -1/4*s^(-1)*(4*s+s*d^2-4*d*mt^2+16*mt^2-4*s*d)
;
  B 2 5  4 2  1 -2 3 0
   1
    B 2 5  2 0  1 0 1 0
     -1/8*(-2+d)*d
;
  B 2 5  4 2  1 -1 3 -1
   1
    B 2 5  2 0  1 0 1 0
     -1/8*s^(-1)*(2*d*t+s*d^2-2*d*mt^2+4*mt^2-2*s*d-4*t)
;
  B 2 5  4 2  1 0 3 -2
   1
    B 2 5  2 0  1 0 1 0
     -1/8*(s*d^2-4*d*mt^2+8*mt^2-2*s*d)*s^(-1)
;
  B 2 5  4 3  3 -3 1 0
   1
    B 2 5  2 0  1 0 1 0
     1/16*s*d^2+1/8*s*d
;
  B 2 5  4 3  3 -2 1 -1
   1
    B 2 5  2 0  1 0 1 0
     1/4*d*t+1/16*s*d^2-1/4*d*mt^2+1/8*s*d
;
  B 2 5  4 3  3 -1 1 -2
   1
    B 2 5  2 0  1 0 1 0
     1/4*d*t+1/16*s*d^2-1/2*d*mt^2+1/8*s*d
;
  B 2 5  4 3  3 0 1 -3
   1
    B 2 5  2 0  1 0 1 0
     1/16*s*d^2-3/4*d*mt^2+1/8*s*d
;
  B 2 5  4 3  2 -3 2 0
   1
    B 2 5  2 0  1 0 1 0
     1/8*s*d^2
;
  B 2 5  4 3  2 -2 2 -1
   1
    B 2 5  2 0  1 0 1 0
     1/2*d*t+1/8*s*d^2-1/2*d*mt^2+mt^2-t
;
  B 2 5  4 3  2 -1 2 -2
   1
    B 2 5  2 0  1 0 1 0
     1/2*d*t+1/8*s*d^2-d*mt^2+2*mt^2-t
;
  B 2 5  4 3  2 0 2 -3
   1
    B 2 5  2 0  1 0 1 0
     1/8*s*d^2-3/2*d*mt^2+3*mt^2
;
  B 2 5  4 3  1 -3 3 0
   1
    B 2 5  2 0  1 0 1 0
     1/16*(2*s+s*d)*d
;
  B 2 5  4 3  1 -2 3 -1
   1
    B 2 5  2 0  1 0 1 0
     1/16*(2*s-4*mt^2+s*d+4*t)*d
;
  B 2 5  4 3  1 -1 3 -2
   1
    B 2 5  2 0  1 0 1 0
     1/4*d*t+1/16*s*d^2-1/2*d*mt^2+1/8*s*d
;
  B 2 5  4 3  1 0 3 -3
   1
    B 2 5  2 0  1 0 1 0
     1/16*s*d^2-3/4*d*mt^2+1/8*s*d
;
  B 2 5  4 4  2 -4 2 0
   1
    B 2 5  4 3  2 -3 2 0
     1/2*s
    B 2 5  3 3  1 -3 2 0
     -1/2
    B 2 5  3 3  2 -3 1 0
     -2
    B 2 5  2 2  1 -2 1 0
     3/2
;
  B 2 5  4 4  2 -4 2 0
   1
    B 2 5  4 4  3 -4 1 0
     2
    B 2 5  4 3  3 -3 1 0
     2*s
    B 2 5  3 3  2 -3 1 0
     -4
;
  B 2 5  4 4  2 -4 2 0
   1
    B 2 5  4 4  3 -4 1 0
     2
    B 2 5  4 3  2 -3 2 0
     s
    B 2 5  3 3  1 -3 2 0
     -1
    B 2 5  3 3  2 -3 1 0
     -5
    B 2 5  2 2  1 -2 1 0
     3
;
  B 2 5  4 4  2 -3 2 -1
   1
    B 2 5  4 3  2 -2 2 -1
     1/2*s
    B 2 5  3 3  1 -2 2 -1
     -1/2
    B 2 5  3 3  2 -2 1 -1
     -3/2
    B 2 5  3 3  2 -3 1 0
     -1/2
    B 2 5  3 2  2 -2 1 0
     -1/2*mt^2+1/2*t
    B 2 5  2 2  1 -1 1 -1
     1
    B 2 5  2 2  1 -2 1 0
     1/2*s^(-1)*(s-mt^2+t)
;
  B 2 5  4 4  2 -3 2 -1
   1
    B 2 5  4 4  3 -3 1 -1
     2
    B 2 5  4 3  3 -2 1 -1
     2*s
    B 2 5  3 3  2 -2 1 -1
     -3
    B 2 5  3 3  2 -3 1 0
     -1
    B 2 5  3 2  2 -2 1 0
     -mt^2+t
;
  B 2 5  4 4  2 -3 2 -1
   1
    B 2 5  4 4  3 -3 1 -1
     2
    B 2 5  4 3  2 -3 2 0
     s
    B 2 5  3 3  1 -3 2 0
     -1
    B 2 5  3 3  2 -2 1 -1
     -3
    B 2 5  3 3  2 -3 1 0
     -2
    B 2 5  3 2  2 -2 1 0
     -3*mt^2+3*t
    B 2 5  2 2  1 -2 1 0
     3
;
  B 2 5  4 4  2 -3 2 -1
   1
    B 2 5  4 4  3 -3 1 -1
     2
    B 2 5  4 3  2 -2 2 -1
     s
    B 2 5  3 3  1 -2 2 -1
     -1
    B 2 5  3 3  2 -2 1 -1
     -4
    B 2 5  3 3  2 -3 1 0
     -1
    B 2 5  3 2  2 -2 1 0
     -mt^2+t
    B 2 5  2 2  1 -1 1 -1
     2
    B 2 5  2 2  1 -2 1 0
     1
;
  B 2 5  4 4  2 -3 2 -1
   1
    B 2 5  4 4  2 -4 2 0
     -1
    B 2 5  3 3  2 -3 1 0
     3*s^(-1)*(mt^2-t)
    B 2 5  2 2  1 -2 1 0
     -3*s^(-1)*(mt^2-t)
;
  B 2 5  4 4  2 -3 2 -1
   1
    B 2 5  4 4  2 -4 2 0
     1
    B 2 5  4 3  2 -3 2 0
     s
    B 2 5  3 3  1 -3 2 0
     -1
    B 2 5  3 3  2 -2 1 -1
     -3
    B 2 5  3 3  2 -3 1 0
     -s^(-1)*(s+3*mt^2-3*t)
    B 2 5  3 2  2 -2 1 0
     -3*mt^2+3*t
    B 2 5  2 2  1 -2 1 0
     3
;
  B 2 5  4 4  2 -2 2 -2
   1
    B 2 5  4 3  2 -1 2 -2
     1/2*s
    B 2 5  3 3  1 -1 2 -2
     -1/2
    B 2 5  3 3  2 -1 1 -2
     -1
    B 2 5  3 3  2 -2 1 -1
     -1
    B 2 5  3 2  2 -1 1 -1
     -mt^2+t
    B 2 5  2 2  1 0 1 -2
     1/2
    B 2 5  2 2  1 -1 1 -1
     s^(-1)*(s-mt^2+t)
;
  B 2 5  4 4  2 -2 2 -2
   1
    B 2 5  4 4  3 -2 1 -2
     2
    B 2 5  4 3  3 -1 1 -2
     2*s
    B 2 5  3 3  2 -1 1 -2
     -2
    B 2 5  3 3  2 -2 1 -1
     -2
    B 2 5  3 2  2 -1 1 -1
     -2*mt^2+2*t
;
  B 2 5  4 4  2 -2 2 -2
   1
    B 2 5  4 4  3 -2 1 -2
     2
    B 2 5  4 3  2 -2 2 -1
     s
    B 2 5  3 3  1 -2 2 -1
     -1
    B 2 5  3 3  2 -1 1 -2
     -2
    B 2 5  3 3  2 -2 1 -1
     -3
    B 2 5  3 2  2 -1 1 -1
     -2*mt^2+2*t
    B 2 5  3 2  2 -2 1 0
     -2*mt^2
    B 2 5  2 2  1 -1 1 -1
     2
    B 2 5  2 2  1 -2 1 0
     1
;
  B 2 5  4 4  2 -2 2 -2
   1
    B 2 5  4 4  3 -2 1 -2
     2
    B 2 5  4 3  2 -1 2 -2
     s
    B 2 5  3 3  1 -1 2 -2
     -1
    B 2 5  3 3  2 -1 1 -2
     -3
    B 2 5  3 3  2 -2 1 -1
     -2
    B 2 5  3 2  2 -1 1 -1
     -2*mt^2+2*t
    B 2 5  2 2  1 0 1 -2
     1
    B 2 5  2 2  1 -1 1 -1
     2
;
  B 2 5  4 4  2 -2 2 -2
   1
    B 2 5  4 4  2 -3 2 -1
     -1
    B 2 5  3 3  2 -2 1 -1
     s^(-1)*(mt^2-t)
    B 2 5  3 3  2 -3 1 0
     2*s^(-1)*mt^2
    B 2 5  2 2  1 -1 1 -1
     -2*s^(-1)*(mt^2-t)
    B 2 5  2 2  1 -2 1 0
     -(mt^2+t)*s^(-1)
;
  B 2 5  4 4  2 -2 2 -2
   1
    B 2 5  4 4  2 -3 2 -1
     1
    B 2 5  4 3  2 -2 2 -1
     s
    B 2 5  3 3  1 -2 2 -1
     -1
    B 2 5  3 3  2 -1 1 -2
     -2
    B 2 5  3 3  2 -2 1 -1
     -(2*s+mt^2-t)*s^(-1)
    B 2 5  3 3  2 -3 1 0
     -2*s^(-1)*mt^2
    B 2 5  3 2  2 -1 1 -1
     -2*mt^2+2*t
    B 2 5  3 2  2 -2 1 0
     -2*mt^2
    B 2 5  2 2  1 -1 1 -1
     2
    B 2 5  2 2  1 -2 1 0
     s^(-1)*(s-mt^2+t)
;
  B 2 5  4 4  2 -1 2 -3
   1
    B 2 5  4 3  2 0 2 -3
     1/2*s
    B 2 5  3 3  1 0 2 -3
     -1/2
    B 2 5  3 3  2 0 1 -3
     -1/2
    B 2 5  3 3  2 -1 1 -2
     -3/2
    B 2 5  3 2  2 0 1 -2
     -3/2*mt^2+3/2*t
    B 2 5  2 2  1 0 1 -2
     3/2*s^(-1)*(s-mt^2+t)
;
  B 2 5  4 4  2 -1 2 -3
   1
    B 2 5  4 4  3 -1 1 -3
     2
    B 2 5  4 3  3 0 1 -3
     2*s
    B 2 5  3 3  2 0 1 -3
     -1
    B 2 5  3 3  2 -1 1 -2
     -3
    B 2 5  3 2  2 0 1 -2
     -3*mt^2+3*t
;
  B 2 5  4 4  2 -1 2 -3
   1
    B 2 5  4 4  3 -1 1 -3
     2
    B 2 5  4 3  2 -1 2 -2
     s
    B 2 5  3 3  1 -1 2 -2
     -1
    B 2 5  3 3  2 0 1 -3
     -1
    B 2 5  3 3  2 -1 1 -2
     -4
    B 2 5  3 2  2 0 1 -2
     -mt^2+t
    B 2 5  3 2  2 -1 1 -1
     -4*mt^2
    B 2 5  2 2  1 0 1 -2
     1
    B 2 5  2 2  1 -1 1 -1
     2
;
  B 2 5  4 4  2 -1 2 -3
   1
    B 2 5  4 4  3 -1 1 -3
     2
    B 2 5  4 3  2 0 2 -3
     s
    B 2 5  3 3  1 0 2 -3
     -1
    B 2 5  3 3  2 0 1 -3
     -2
    B 2 5  3 3  2 -1 1 -2
     -3
    B 2 5  3 2  2 0 1 -2
     -3*mt^2+3*t
    B 2 5  2 2  1 0 1 -2
     3
;
  B 2 5  4 4  2 -1 2 -3
   1
    B 2 5  4 4  2 -2 2 -2
     -1
    B 2 5  3 3  2 -1 1 -2
     -s^(-1)*(mt^2-t)
    B 2 5  3 3  2 -2 1 -1
     4*s^(-1)*mt^2
    B 2 5  2 2  1 0 1 -2
     -s^(-1)*(mt^2-t)
    B 2 5  2 2  1 -1 1 -1
     -2*(mt^2+t)*s^(-1)
;
  B 2 5  4 4  2 -1 2 -3
   1
    B 2 5  4 4  2 -2 2 -2
     1
    B 2 5  4 3  2 -1 2 -2
     s
    B 2 5  3 3  1 -1 2 -2
     -1
    B 2 5  3 3  2 0 1 -3
     -1
    B 2 5  3 3  2 -1 1 -2
     -s^(-1)*(3*s-mt^2+t)
    B 2 5  3 3  2 -2 1 -1
     -4*s^(-1)*mt^2
    B 2 5  3 2  2 0 1 -2
     -mt^2+t
    B 2 5  3 2  2 -1 1 -1
     -4*mt^2
    B 2 5  2 2  1 0 1 -2
     1
    B 2 5  2 2  1 -1 1 -1
     2*s^(-1)*(s-mt^2+t)
;
  B 2 5  4 4  2 0 2 -4
   1
    B 2 5  4 4  3 0 1 -4
     2
    B 2 5  4 3  2 0 2 -3
     s
    B 2 5  3 3  1 0 2 -3
     -1
    B 2 5  3 3  2 0 1 -3
     -5
    B 2 5  3 2  2 0 1 -2
     -6*mt^2
    B 2 5  2 2  1 0 1 -2
     3
;
  B 2 5  4 4  2 0 2 -4
   1
    B 2 5  4 4  2 -1 2 -3
     -1
    B 2 5  3 3  2 0 1 -3
     -3*s^(-1)*(mt^2-t)
    B 2 5  3 3  2 -1 1 -2
     6*s^(-1)*mt^2
    B 2 5  2 2  1 0 1 -2
     -3*(mt^2+t)*s^(-1)
;
  B 2 5  4 4  2 0 2 -4
   1
    B 2 5  4 4  2 -1 2 -3
     1
    B 2 5  4 3  2 0 2 -3
     s
    B 2 5  3 3  1 0 2 -3
     -1
    B 2 5  3 3  2 0 1 -3
     -s^(-1)*(4*s-3*mt^2+3*t)
    B 2 5  3 3  2 -1 1 -2
     -6*s^(-1)*mt^2
    B 2 5  3 2  2 0 1 -2
     -6*mt^2
    B 2 5  2 2  1 0 1 -2
     3*s^(-1)*(s-mt^2+t)
;
  B 2 5  4 4  1 -4 3 0
   1
    B 2 5  4 3  1 -3 3 0
     1/2*s
    B 2 5  3 3  1 -3 2 0
     -5/4
;
  B 2 5  4 4  1 -4 3 0
   1
    B 2 5  4 4  2 -4 2 0
     1/2
    B 2 5  4 3  2 -3 2 0
     1/2*s
    B 2 5  3 3  1 -3 2 0
     -5/2
    B 2 5  3 3  2 -3 1 0
     -1/2
    B 2 5  2 2  1 -2 1 0
     3/2
;
  B 2 5  4 4  1 -4 3 0
   1
    B 2 5  4 4  2 -4 2 0
     1/2
    B 2 5  4 3  1 -3 3 0
     s
    B 2 5  3 3  1 -3 2 0
     -2
;
  B 2 5  4 4  1 -3 3 -1
   1
    B 2 5  4 3  1 -2 3 -1
     1/2*s
    B 2 5  3 3  1 -2 2 -1
     -1
    B 2 5  3 3  1 -3 2 0
     -1/4
    B 2 5  3 2  1 -2 2 0
     -1/4*mt^2+1/4*t
    B 2 5  2 2  1 -2 1 0
     1/4*s^(-1)*(mt^2-t)
;
  B 2 5  4 4  1 -3 3 -1
   1
    B 2 5  4 4  2 -3 2 -1
     1/2
    B 2 5  4 3  2 -2 2 -1
     1/2*s
    B 2 5  3 3  1 -2 2 -1
     -2
    B 2 5  3 3  1 -3 2 0
     -1/2
    B 2 5  3 3  2 -2 1 -1
     -1/2
    B 2 5  3 2  1 -2 2 0
     -1/2*mt^2+1/2*t
    B 2 5  2 2  1 -1 1 -1
     1
    B 2 5  2 2  1 -2 1 0
     1/2
;
  B 2 5  4 4  1 -3 3 -1
   1
    B 2 5  4 4  2 -3 2 -1
     1/2
    B 2 5  4 3  1 -3 3 0
     s
    B 2 5  3 3  1 -2 2 -1
     -3/2
    B 2 5  3 3  1 -3 2 0
     -1/2
    B 2 5  3 2  1 -2 2 0
     -3/2*mt^2+3/2*t
;
  B 2 5  4 4  1 -3 3 -1
   1
    B 2 5  4 4  2 -3 2 -1
     1/2
    B 2 5  4 3  1 -2 3 -1
     s
    B 2 5  3 3  1 -2 2 -1
     -3/2
    B 2 5  3 3  1 -3 2 0
     -1/2
    B 2 5  3 2  1 -2 2 0
     -1/2*mt^2+1/2*t
;
  B 2 5  4 4  1 -3 3 -1
   1
    B 2 5  4 4  1 -4 3 0
     -1
    B 2 5  3 3  1 -3 2 0
     3/2*s^(-1)*(mt^2-t)
;
  B 2 5  4 4  1 -3 3 -1
   1
    B 2 5  4 4  1 -4 3 0
     1
    B 2 5  4 3  1 -3 3 0
     s
    B 2 5  3 3  1 -2 2 -1
     -3/2
    B 2 5  3 3  1 -3 2 0
     -1/2*s^(-1)*(2*s+3*mt^2-3*t)
    B 2 5  3 2  1 -2 2 0
     -3/2*mt^2+3/2*t
    B 2 5  2 2  1 -2 1 0
     3/2*s^(-1)*(mt^2-t)
;
  B 2 5  4 4  1 -2 3 -2
   1
    B 2 5  4 3  1 -1 3 -2
     1/2*s
    B 2 5  3 3  1 -1 2 -2
     -3/4
    B 2 5  3 3  1 -2 2 -1
     -1/2
    B 2 5  3 2  1 -1 2 -1
     -1/2*mt^2+1/2*t
    B 2 5  2 2  1 -1 1 -1
     1/2*s^(-1)*(mt^2-t)
;
  B 2 5  4 4  1 -2 3 -2
   1
    B 2 5  4 4  2 -2 2 -2
     1/2
    B 2 5  4 3  2 -1 2 -2
     1/2*s
    B 2 5  3 3  1 -1 2 -2
     -3/2
    B 2 5  3 3  1 -2 2 -1
     -1
    B 2 5  3 3  2 -1 1 -2
     -1/2
    B 2 5  3 2  1 -1 2 -1
     -mt^2+t
    B 2 5  2 2  1 0 1 -2
     1/2
    B 2 5  2 2  1 -1 1 -1
     1
;
  B 2 5  4 4  1 -2 3 -2
   1
    B 2 5  4 4  2 -2 2 -2
     1/2
    B 2 5  4 3  1 -2 3 -1
     s
    B 2 5  3 3  1 -1 2 -2
     -1
    B 2 5  3 3  1 -2 2 -1
     -1
    B 2 5  3 2  1 -1 2 -1
     -mt^2+t
    B 2 5  3 2  1 -2 2 0
     -mt^2
;
  B 2 5  4 4  1 -2 3 -2
   1
    B 2 5  4 4  2 -2 2 -2
     1/2
    B 2 5  4 3  1 -1 3 -2
     s
    B 2 5  3 3  1 -1 2 -2
     -1
    B 2 5  3 3  1 -2 2 -1
     -1
    B 2 5  3 2  1 -1 2 -1
     -mt^2+t
;
  B 2 5  4 4  1 -2 3 -2
   1
    B 2 5  4 4  1 -3 3 -1
     -1
    B 2 5  3 3  1 -2 2 -1
     1/2*s^(-1)*(mt^2-t)
    B 2 5  3 3  1 -3 2 0
     s^(-1)*mt^2
;
  B 2 5  4 4  1 -2 3 -2
   1
    B 2 5  4 4  1 -3 3 -1
     1
    B 2 5  4 3  1 -2 3 -1
     s
    B 2 5  3 3  1 -1 2 -2
     -1
    B 2 5  3 3  1 -2 2 -1
     -1/2*s^(-1)*(3*s+mt^2-t)
    B 2 5  3 3  1 -3 2 0
     -s^(-1)*mt^2
    B 2 5  3 2  1 -1 2 -1
     -mt^2+t
    B 2 5  3 2  1 -2 2 0
     -mt^2
    B 2 5  2 2  1 -1 1 -1
     s^(-1)*(mt^2-t)
    B 2 5  2 2  1 -2 1 0
     s^(-1)*mt^2
;
  B 2 5  4 4  1 -1 3 -3
   1
    B 2 5  4 3  1 0 3 -3
     1/2*s
    B 2 5  3 3  1 0 2 -3
     -1/2
    B 2 5  3 3  1 -1 2 -2
     -3/4
    B 2 5  3 2  1 0 2 -2
     -3/4*mt^2+3/4*t
    B 2 5  2 2  1 0 1 -2
     3/4*s^(-1)*(mt^2-t)
;
  B 2 5  4 4  1 -1 3 -3
   1
    B 2 5  4 4  2 -1 2 -3
     1/2
    B 2 5  4 3  2 0 2 -3
     1/2*s
    B 2 5  3 3  1 0 2 -3
     -1
    B 2 5  3 3  1 -1 2 -2
     -3/2
    B 2 5  3 3  2 0 1 -3
     -1/2
    B 2 5  3 2  1 0 2 -2
     -3/2*mt^2+3/2*t
    B 2 5  2 2  1 0 1 -2
     3/2
;
  B 2 5  4 4  1 -1 3 -3
   1
    B 2 5  4 4  2 -1 2 -3
     1/2
    B 2 5  4 3  1 -1 3 -2
     s
    B 2 5  3 3  1 0 2 -3
     -1/2
    B 2 5  3 3  1 -1 2 -2
     -3/2
    B 2 5  3 2  1 0 2 -2
     -1/2*mt^2+1/2*t
    B 2 5  3 2  1 -1 2 -1
     -2*mt^2
;
  B 2 5  4 4  1 -1 3 -3
   1
    B 2 5  4 4  2 -1 2 -3
     1/2
    B 2 5  4 3  1 0 3 -3
     s
    B 2 5  3 3  1 0 2 -3
     -1/2
    B 2 5  3 3  1 -1 2 -2
     -3/2
    B 2 5  3 2  1 0 2 -2
     -3/2*mt^2+3/2*t
;
  B 2 5  4 4  1 -1 3 -3
   1
    B 2 5  4 4  1 -2 3 -2
     -1
    B 2 5  3 3  1 -1 2 -2
     -1/2*s^(-1)*(mt^2-t)
    B 2 5  3 3  1 -2 2 -1
     2*s^(-1)*mt^2
;
  B 2 5  4 4  1 -1 3 -3
   1
    B 2 5  4 4  1 -2 3 -2
     1
    B 2 5  4 3  1 -1 3 -2
     s
    B 2 5  3 3  1 0 2 -3
     -1/2
    B 2 5  3 3  1 -1 2 -2
     -1/2*(4*s-mt^2+t)*s^(-1)
    B 2 5  3 3  1 -2 2 -1
     -2*s^(-1)*mt^2
    B 2 5  3 2  1 0 2 -2
     -1/2*mt^2+1/2*t
    B 2 5  3 2  1 -1 2 -1
     -2*mt^2
    B 2 5  2 2  1 0 1 -2
     1/2*s^(-1)*(mt^2-t)
    B 2 5  2 2  1 -1 1 -1
     2*s^(-1)*mt^2
;
  B 2 5  4 4  1 0 3 -4
   1
    B 2 5  4 4  2 0 2 -4
     1/2
    B 2 5  4 3  1 0 3 -3
     s
    B 2 5  3 3  1 0 2 -3
     -2
    B 2 5  3 2  1 0 2 -2
     -3*mt^2
;
  B 2 5  4 4  1 0 3 -4
   1
    B 2 5  4 4  1 -1 3 -3
     -1
    B 2 5  3 3  1 0 2 -3
     -3/2*s^(-1)*(mt^2-t)
    B 2 5  3 3  1 -1 2 -2
     3*s^(-1)*mt^2
;
  B 2 5  4 4  1 0 3 -4
   1
    B 2 5  4 4  1 -1 3 -3
     1
    B 2 5  4 3  1 0 3 -3
     s
    B 2 5  3 3  1 0 2 -3
     -1/2*s^(-1)*(5*s-3*mt^2+3*t)
    B 2 5  3 3  1 -1 2 -2
     -3*s^(-1)*mt^2
    B 2 5  3 2  1 0 2 -2
     -3*mt^2
    B 2 5  2 2  1 0 1 -2
     3*s^(-1)*mt^2
;
  B 2 5  5 0  3 0 2 0
   1
    B 2 5  4 0  2 0 2 0
     -s^(-1)
    B 2 5  4 0  3 0 1 0
     s^(-1)*(-7+d)
;
  B 2 5  5 0  2 0 3 0
   1
    B 2 5  4 0  1 0 3 0
     -s^(-1)
    B 2 5  4 0  2 0 2 0
     1/2*s^(-1)*(-6+d)
;
  B 2 5  5 0  1 0 4 0
   1
    B 2 5  4 0  1 0 3 0
     1/3*(-5+d)*s^(-1)
;
  B 2 5  5 1  3 -1 2 0
   1
    B 2 5  4 1  2 -1 2 0
     -s^(-1)
    B 2 5  4 1  3 -1 1 0
     s^(-1)*(-6+d)
    B 2 5  3 0  2 0 1 0
     s^(-1)
;
  B 2 5  5 1  3 -1 2 0
   1
    B 2 5  5 0  3 0 2 0
     1/2*s
    B 2 5  4 0  2 0 2 0
     -1/2
    B 2 5  4 0  3 0 1 0
     -1/2
;
  B 2 5  5 1  3 -1 2 0
   1
    B 2 5  5 1  4 -1 1 0
     3
    B 2 5  5 0  4 0 1 0
     3*s
    B 2 5  4 0  3 0 1 0
     -1
;
  B 2 5  5 1  3 -1 2 0
   1
    B 2 5  5 1  4 -1 1 0
     3
    B 2 5  5 0  3 0 2 0
     s
    B 2 5  4 0  2 0 2 0
     -1
    B 2 5  4 0  3 0 1 0
     -3
;
  B 2 5  5 1  3 0 2 -1
   1
    B 2 5  4 1  2 0 2 -1
     -s^(-1)
    B 2 5  4 1  3 0 1 -1
     s^(-1)*(-6+d)
    B 2 5  3 0  2 0 1 0
     s^(-1)
;
  B 2 5  5 1  3 0 2 -1
   1
    B 2 5  5 1  4 0 1 -1
     3
    B 2 5  5 0  3 0 2 0
     s
    B 2 5  4 0  2 0 2 0
     -1
    B 2 5  4 0  3 0 1 0
     -3
;
  B 2 5  5 1  3 0 2 -1
   1
    B 2 5  5 1  3 -1 2 0
     -1
;
  B 2 5  5 1  3 0 2 -1
   1
    B 2 5  5 1  3 -1 2 0
     1
    B 2 5  5 0  3 0 2 0
     s
    B 2 5  4 0  2 0 2 0
     -1
    B 2 5  4 0  3 0 1 0
     -1
;
  B 2 5  5 1  2 -1 3 0
   1
    B 2 5  4 1  1 -1 3 0
     -s^(-1)
    B 2 5  4 1  2 -1 2 0
     1/2*(-5+d)*s^(-1)
    B 2 5  3 0  1 0 2 0
     1/2*s^(-1)
;
  B 2 5  5 1  2 -1 3 0
   1
    B 2 5  5 0  2 0 3 0
     1/2*s
    B 2 5  4 0  1 0 3 0
     -1/2
    B 2 5  4 0  2 0 2 0
     -1/2
;
  B 2 5  5 1  2 -1 3 0
   1
    B 2 5  5 1  3 -1 2 0
     1
    B 2 5  5 0  3 0 2 0
     s
    B 2 5  4 0  2 0 2 0
     -1
    B 2 5  4 0  3 0 1 0
     -1
;
  B 2 5  5 1  2 -1 3 0
   1
    B 2 5  5 1  3 -1 2 0
     1
    B 2 5  5 0  2 0 3 0
     s
    B 2 5  4 0  1 0 3 0
     -1
    B 2 5  4 0  2 0 2 0
     -1
;
  B 2 5  5 1  2 0 3 -1
   1
    B 2 5  4 1  1 0 3 -1
     -s^(-1)
    B 2 5  4 1  2 0 2 -1
     1/2*(-5+d)*s^(-1)
    B 2 5  3 0  1 0 2 0
     1/2*s^(-1)
;
  B 2 5  5 1  2 0 3 -1
   1
    B 2 5  5 1  3 0 2 -1
     1
    B 2 5  5 0  2 0 3 0
     s
    B 2 5  4 0  1 0 3 0
     -1
    B 2 5  4 0  2 0 2 0
     -1
;
  B 2 5  5 1  2 0 3 -1
   1
    B 2 5  5 1  2 -1 3 0
     -1
;
  B 2 5  5 1  2 0 3 -1
   1
    B 2 5  5 1  2 -1 3 0
     1
    B 2 5  5 0  2 0 3 0
     s
    B 2 5  4 0  1 0 3 0
     -1
    B 2 5  4 0  2 0 2 0
     -1
;
  B 2 5  5 1  1 -1 4 0
   1
    B 2 5  4 1  1 -1 3 0
     1/3*(-4+d)*s^(-1)
;
  B 2 5  5 1  1 -1 4 0
   1
    B 2 5  5 0  1 0 4 0
     1/2*s
    B 2 5  4 0  1 0 3 0
     -1/2
;
  B 2 5  5 1  1 -1 4 0
   1
    B 2 5  5 1  2 -1 3 0
     1/3
    B 2 5  5 0  2 0 3 0
     1/3*s
    B 2 5  4 0  1 0 3 0
     -1
    B 2 5  4 0  2 0 2 0
     -1/3
;
  B 2 5  5 1  1 -1 4 0
   1
    B 2 5  5 1  2 -1 3 0
     1/3
    B 2 5  5 0  1 0 4 0
     s
    B 2 5  4 0  1 0 3 0
     -1/3
;
  B 2 5  5 1  1 0 4 -1
   1
    B 2 5  4 1  1 0 3 -1
     1/3*(-4+d)*s^(-1)
;
  B 2 5  5 1  1 0 4 -1
   1
    B 2 5  5 1  2 0 3 -1
     1/3
    B 2 5  5 0  1 0 4 0
     s
    B 2 5  4 0  1 0 3 0
     -1/3
;
  B 2 5  5 1  1 0 4 -1
   1
    B 2 5  5 1  1 -1 4 0
     -1
;
  B 2 5  5 1  1 0 4 -1
   1
    B 2 5  5 1  1 -1 4 0
     1
    B 2 5  5 0  1 0 4 0
     s
    B 2 5  4 0  1 0 3 0
     -1
;
  B 2 5  5 2  3 -2 2 0
   1
    B 2 5  4 2  2 -2 2 0
     -s^(-1)
    B 2 5  4 2  3 -2 1 0
     (-5+d)*s^(-1)
    B 2 5  3 1  2 -1 1 0
     2*s^(-1)
;
  B 2 5  5 2  3 -2 2 0
   1
    B 2 5  5 1  3 -1 2 0
     1/2*s
    B 2 5  4 1  2 -1 2 0
     -1/2
    B 2 5  4 1  3 -1 1 0
     -1
    B 2 5  3 0  2 0 1 0
     1/2
;
  B 2 5  5 2  3 -2 2 0
   1
    B 2 5  5 2  4 -2 1 0
     3
    B 2 5  5 1  4 -1 1 0
     3*s
    B 2 5  4 1  3 -1 1 0
     -2
;
  B 2 5  5 2  3 -2 2 0
   1
    B 2 5  5 2  4 -2 1 0
     3
    B 2 5  5 1  3 -1 2 0
     s
    B 2 5  4 1  2 -1 2 0
     -1
    B 2 5  4 1  3 -1 1 0
     -4
    B 2 5  3 0  2 0 1 0
     1
;
  B 2 5  5 2  3 -1 2 -1
   1
    B 2 5  4 2  2 -1 2 -1
     -s^(-1)
    B 2 5  4 2  3 -1 1 -1
     (-5+d)*s^(-1)
    B 2 5  3 1  2 0 1 -1
     s^(-1)
    B 2 5  3 1  2 -1 1 0
     s^(-1)
;
  B 2 5  5 2  3 -1 2 -1
   1
    B 2 5  5 1  3 0 2 -1
     1/2*s
    B 2 5  4 1  2 0 2 -1
     -1/2
    B 2 5  4 1  3 0 1 -1
     -1/2
    B 2 5  4 1  3 -1 1 0
     -1/2
    B 2 5  4 0  3 0 1 0
     -1/2*mt^2+1/2*t
    B 2 5  3 0  2 0 1 0
     1/2*s^(-1)*(s-mt^2+t)
;
  B 2 5  5 2  3 -1 2 -1
   1
    B 2 5  5 2  4 -1 1 -1
     3
    B 2 5  5 1  4 0 1 -1
     3*s
    B 2 5  4 1  3 0 1 -1
     -1
    B 2 5  4 1  3 -1 1 0
     -1
    B 2 5  4 0  3 0 1 0
     -mt^2+t
;
  B 2 5  5 2  3 -1 2 -1
   1
    B 2 5  5 2  4 -1 1 -1
     3
    B 2 5  5 1  3 -1 2 0
     s
    B 2 5  4 1  2 -1 2 0
     -1
    B 2 5  4 1  3 0 1 -1
     -1
    B 2 5  4 1  3 -1 1 0
     -3
    B 2 5  4 0  3 0 1 0
     -mt^2+t
    B 2 5  3 0  2 0 1 0
     1
;
  B 2 5  5 2  3 -1 2 -1
   1
    B 2 5  5 2  4 -1 1 -1
     3
    B 2 5  5 1  3 0 2 -1
     s
    B 2 5  4 1  2 0 2 -1
     -1
    B 2 5  4 1  3 0 1 -1
     -3
    B 2 5  4 1  3 -1 1 0
     -1
    B 2 5  4 0  3 0 1 0
     -mt^2+t
    B 2 5  3 0  2 0 1 0
     1
;
  B 2 5  5 2  3 -1 2 -1
   1
    B 2 5  5 2  3 -2 2 0
     -1
    B 2 5  4 1  3 -1 1 0
     s^(-1)*(mt^2-t)
    B 2 5  3 0  2 0 1 0
     -s^(-1)*(mt^2-t)
;
  B 2 5  5 2  3 -1 2 -1
   1
    B 2 5  5 2  3 -2 2 0
     1
    B 2 5  5 1  3 -1 2 0
     s
    B 2 5  4 1  2 -1 2 0
     -1
    B 2 5  4 1  3 0 1 -1
     -1
    B 2 5  4 1  3 -1 1 0
     -s^(-1)*(s+mt^2-t)
    B 2 5  4 0  3 0 1 0
     -mt^2+t
    B 2 5  3 0  2 0 1 0
     1
;
  B 2 5  5 2  3 0 2 -2
   1
    B 2 5  4 2  2 0 2 -2
     -s^(-1)
    B 2 5  4 2  3 0 1 -2
     (-5+d)*s^(-1)
    B 2 5  3 1  2 0 1 -1
     2*s^(-1)
;
  B 2 5  5 2  3 0 2 -2
   1
    B 2 5  5 2  4 0 1 -2
     3
    B 2 5  5 1  3 0 2 -1
     s
    B 2 5  4 1  2 0 2 -1
     -1
    B 2 5  4 1  3 0 1 -1
     -4
    B 2 5  4 0  3 0 1 0
     -2*mt^2
    B 2 5  3 0  2 0 1 0
     1
;
  B 2 5  5 2  3 0 2 -2
   1
    B 2 5  5 2  3 -1 2 -1
     -1
    B 2 5  4 1  3 0 1 -1
     -s^(-1)*(mt^2-t)
    B 2 5  4 1  3 -1 1 0
     2*s^(-1)*mt^2
    B 2 5  3 0  2 0 1 0
     -(mt^2+t)*s^(-1)
;
  B 2 5  5 2  3 0 2 -2
   1
    B 2 5  5 2  3 -1 2 -1
     1
    B 2 5  5 1  3 0 2 -1
     s
    B 2 5  4 1  2 0 2 -1
     -1
    B 2 5  4 1  3 0 1 -1
     -s^(-1)*(2*s-mt^2+t)
    B 2 5  4 1  3 -1 1 0
     -2*s^(-1)*mt^2
    B 2 5  4 0  3 0 1 0
     -2*mt^2
    B 2 5  3 0  2 0 1 0
     s^(-1)*(s-mt^2+t)
;
  B 2 5  5 2  2 -2 3 0
   1
    B 2 5  4 2  1 -2 3 0
     -s^(-1)
    B 2 5  4 2  2 -2 2 0
     1/2*(-4+d)*s^(-1)
    B 2 5  3 1  1 -1 2 0
     s^(-1)
;
  B 2 5  5 2  2 -2 3 0
   1
    B 2 5  5 1  2 -1 3 0
     1/2*s
    B 2 5  4 1  1 -1 3 0
     -1/2
    B 2 5  4 1  2 -1 2 0
     -3/4
    B 2 5  3 0  1 0 2 0
     1/4
;
  B 2 5  5 2  2 -2 3 0
   1
    B 2 5  5 2  3 -2 2 0
     1
    B 2 5  5 1  3 -1 2 0
     s
    B 2 5  4 1  2 -1 2 0
     -3/2
    B 2 5  4 1  3 -1 1 0
     -1
    B 2 5  3 0  2 0 1 0
     1/2
;
  B 2 5  5 2  2 -2 3 0
   1
    B 2 5  5 2  3 -2 2 0
     1
    B 2 5  5 1  2 -1 3 0
     s
    B 2 5  4 1  1 -1 3 0
     -1
    B 2 5  4 1  2 -1 2 0
     -3/2
    B 2 5  3 0  1 0 2 0
     1/2
;
  B 2 5  5 2  2 -1 3 -1
   1
    B 2 5  4 2  1 -1 3 -1
     -s^(-1)
    B 2 5  4 2  2 -1 2 -1
     1/2*(-4+d)*s^(-1)
    B 2 5  3 1  1 0 2 -1
     1/2*s^(-1)
    B 2 5  3 1  1 -1 2 0
     1/2*s^(-1)
;
  B 2 5  5 2  2 -1 3 -1
   1
    B 2 5  5 1  2 0 3 -1
     1/2*s
    B 2 5  4 1  1 0 3 -1
     -1/2
    B 2 5  4 1  2 0 2 -1
     -1/2
    B 2 5  4 1  2 -1 2 0
     -1/4
    B 2 5  4 0  2 0 2 0
     -1/4*mt^2+1/4*t
    B 2 5  3 0  1 0 2 0
     1/4*s^(-1)*(s-mt^2+t)
    B 2 5  3 0  2 0 1 0
     1/4*s^(-1)*(mt^2-t)
;
  B 2 5  5 2  2 -1 3 -1
   1
    B 2 5  5 2  3 -1 2 -1
     1
    B 2 5  5 1  3 0 2 -1
     s
    B 2 5  4 1  2 0 2 -1
     -1
    B 2 5  4 1  2 -1 2 0
     -1/2
    B 2 5  4 1  3 0 1 -1
     -1
    B 2 5  4 0  2 0 2 0
     -1/2*mt^2+1/2*t
    B 2 5  3 0  2 0 1 0
     1/2
;
  B 2 5  5 2  2 -1 3 -1
   1
    B 2 5  5 2  3 -1 2 -1
     1
    B 2 5  5 1  2 -1 3 0
     s
    B 2 5  4 1  1 -1 3 0
     -1
    B 2 5  4 1  2 0 2 -1
     -1/2
    B 2 5  4 1  2 -1 2 0
     -1
    B 2 5  4 0  2 0 2 0
     -1/2*mt^2+1/2*t
    B 2 5  3 0  1 0 2 0
     1/2
;
  B 2 5  5 2  2 -1 3 -1
   1
    B 2 5  5 2  3 -1 2 -1
     1
    B 2 5  5 1  2 0 3 -1
     s
    B 2 5  4 1  1 0 3 -1
     -1
    B 2 5  4 1  2 0 2 -1
     -1
    B 2 5  4 1  2 -1 2 0
     -1/2
    B 2 5  4 0  2 0 2 0
     -1/2*mt^2+1/2*t
    B 2 5  3 0  1 0 2 0
     1/2
;
  B 2 5  5 2  2 -1 3 -1
   1
    B 2 5  5 2  2 -2 3 0
     -1
    B 2 5  4 1  2 -1 2 0
     1/2*s^(-1)*(mt^2-t)
    B 2 5  3 0  1 0 2 0
     -1/2*s^(-1)*(mt^2-t)
;
  B 2 5  5 2  2 -1 3 -1
   1
    B 2 5  5 2  2 -2 3 0
     1
    B 2 5  5 1  2 -1 3 0
     s
    B 2 5  4 1  1 -1 3 0
     -1
    B 2 5  4 1  2 0 2 -1
     -1/2
    B 2 5  4 1  2 -1 2 0
     -1/2*(2*s+mt^2-t)*s^(-1)
    B 2 5  4 0  2 0 2 0
     -1/2*mt^2+1/2*t
    B 2 5  3 0  1 0 2 0
     1/2
    B 2 5  3 0  2 0 1 0
     1/2*s^(-1)*(mt^2-t)
;
  B 2 5  5 2  2 0 3 -2
   1
    B 2 5  4 2  1 0 3 -2
     -s^(-1)
    B 2 5  4 2  2 0 2 -2
     1/2*(-4+d)*s^(-1)
    B 2 5  3 1  1 0 2 -1
     s^(-1)
;
  B 2 5  5 2  2 0 3 -2
   1
    B 2 5  5 2  3 0 2 -2
     1
    B 2 5  5 1  2 0 3 -1
     s
    B 2 5  4 1  1 0 3 -1
     -1
    B 2 5  4 1  2 0 2 -1
     -3/2
    B 2 5  4 0  2 0 2 0
     -mt^2
    B 2 5  3 0  1 0 2 0
     1/2
;
  B 2 5  5 2  2 0 3 -2
   1
    B 2 5  5 2  2 -1 3 -1
     -1
    B 2 5  4 1  2 0 2 -1
     -1/2*s^(-1)*(mt^2-t)
    B 2 5  4 1  2 -1 2 0
     s^(-1)*mt^2
    B 2 5  3 0  1 0 2 0
     -1/2*(mt^2+t)*s^(-1)
;
  B 2 5  5 2  2 0 3 -2
   1
    B 2 5  5 2  2 -1 3 -1
     1
    B 2 5  5 1  2 0 3 -1
     s
    B 2 5  4 1  1 0 3 -1
     -1
    B 2 5  4 1  2 0 2 -1
     -1/2*s^(-1)*(3*s-mt^2+t)
    B 2 5  4 1  2 -1 2 0
     -s^(-1)*mt^2
    B 2 5  4 0  2 0 2 0
     -mt^2
    B 2 5  3 0  1 0 2 0
     1/2*s^(-1)*(s-mt^2+t)
    B 2 5  3 0  2 0 1 0
     s^(-1)*mt^2
;
  B 2 5  5 2  1 -2 4 0
   1
    B 2 5  4 2  1 -2 3 0
     1/3*(-3+d)*s^(-1)
;
  B 2 5  5 2  1 -2 4 0
   1
    B 2 5  5 1  1 -1 4 0
     1/2*s
    B 2 5  4 1  1 -1 3 0
     -2/3
;
  B 2 5  5 2  1 -2 4 0
   1
    B 2 5  5 2  2 -2 3 0
     1/3
    B 2 5  5 1  2 -1 3 0
     1/3*s
    B 2 5  4 1  1 -1 3 0
     -4/3
    B 2 5  4 1  2 -1 2 0
     -1/3
    B 2 5  3 0  1 0 2 0
     1/3
;
  B 2 5  5 2  1 -2 4 0
   1
    B 2 5  5 2  2 -2 3 0
     1/3
    B 2 5  5 1  1 -1 4 0
     s
    B 2 5  4 1  1 -1 3 0
     -2/3
;
  B 2 5  5 2  1 -1 4 -1
   1
    B 2 5  4 2  1 -1 3 -1
     1/3*(-3+d)*s^(-1)
;
  B 2 5  5 2  1 -1 4 -1
   1
    B 2 5  5 1  1 0 4 -1
     1/2*s
    B 2 5  4 1  1 0 3 -1
     -1/2
    B 2 5  4 1  1 -1 3 0
     -1/6
    B 2 5  4 0  1 0 3 0
     -1/6*mt^2+1/6*t
    B 2 5  3 0  1 0 2 0
     1/6*s^(-1)*(mt^2-t)
;
  B 2 5  5 2  1 -1 4 -1
   1
    B 2 5  5 2  2 -1 3 -1
     1/3
    B 2 5  5 1  2 0 3 -1
     1/3*s
    B 2 5  4 1  1 0 3 -1
     -1
    B 2 5  4 1  1 -1 3 0
     -1/3
    B 2 5  4 1  2 0 2 -1
     -1/3
    B 2 5  4 0  1 0 3 0
     -1/3*mt^2+1/3*t
    B 2 5  3 0  1 0 2 0
     1/3
;
  B 2 5  5 2  1 -1 4 -1
   1
    B 2 5  5 2  2 -1 3 -1
     1/3
    B 2 5  5 1  1 -1 4 0
     s
    B 2 5  4 1  1 0 3 -1
     -1/3
    B 2 5  4 1  1 -1 3 0
     -1/3
    B 2 5  4 0  1 0 3 0
     -1/3*mt^2+1/3*t
;
  B 2 5  5 2  1 -1 4 -1
   1
    B 2 5  5 2  2 -1 3 -1
     1/3
    B 2 5  5 1  1 0 4 -1
     s
    B 2 5  4 1  1 0 3 -1
     -1/3
    B 2 5  4 1  1 -1 3 0
     -1/3
    B 2 5  4 0  1 0 3 0
     -1/3*mt^2+1/3*t
;
  B 2 5  5 2  1 -1 4 -1
   1
    B 2 5  5 2  1 -2 4 0
     -1
    B 2 5  4 1  1 -1 3 0
     1/3*s^(-1)*(mt^2-t)
;
  B 2 5  5 2  1 -1 4 -1
   1
    B 2 5  5 2  1 -2 4 0
     1
    B 2 5  5 1  1 -1 4 0
     s
    B 2 5  4 1  1 0 3 -1
     -1/3
    B 2 5  4 1  1 -1 3 0
     -1/3*s^(-1)*(3*s+mt^2-t)
    B 2 5  4 0  1 0 3 0
     -1/3*mt^2+1/3*t
    B 2 5  3 0  1 0 2 0
     1/3*s^(-1)*(mt^2-t)
;
  B 2 5  5 2  1 0 4 -2
   1
    B 2 5  4 2  1 0 3 -2
     1/3*(-3+d)*s^(-1)
;
  B 2 5  5 2  1 0 4 -2
   1
    B 2 5  5 2  2 0 3 -2
     1/3
    B 2 5  5 1  1 0 4 -1
     s
    B 2 5  4 1  1 0 3 -1
     -2/3
    B 2 5  4 0  1 0 3 0
     -2/3*mt^2
;
  B 2 5  5 2  1 0 4 -2
   1
    B 2 5  5 2  1 -1 4 -1
     -1
    B 2 5  4 1  1 0 3 -1
     -1/3*s^(-1)*(mt^2-t)
    B 2 5  4 1  1 -1 3 0
     2/3*s^(-1)*mt^2
;
  B 2 5  5 2  1 0 4 -2
   1
    B 2 5  5 2  1 -1 4 -1
     1
    B 2 5  5 1  1 0 4 -1
     s
    B 2 5  4 1  1 0 3 -1
     -1/3*(4*s-mt^2+t)*s^(-1)
    B 2 5  4 1  1 -1 3 0
     -2/3*s^(-1)*mt^2
    B 2 5  4 0  1 0 3 0
     -2/3*mt^2
    B 2 5  3 0  1 0 2 0
     2/3*s^(-1)*mt^2
;
  B 2 5  5 3  3 -3 2 0
   1
    B 2 5  4 3  2 -3 2 0
     -s^(-1)
    B 2 5  4 3  3 -3 1 0
     (-4+d)*s^(-1)
    B 2 5  3 2  2 -2 1 0
     3*s^(-1)
;
  B 2 5  5 3  3 -3 2 0
   1
    B 2 5  5 2  3 -2 2 0
     1/2*s
    B 2 5  4 2  2 -2 2 0
     -1/2
    B 2 5  4 2  3 -2 1 0
     -3/2
    B 2 5  3 1  2 -1 1 0
     1
;
  B 2 5  5 3  3 -3 2 0
   1
    B 2 5  5 3  4 -3 1 0
     3
    B 2 5  5 2  4 -2 1 0
     3*s
    B 2 5  4 2  3 -2 1 0
     -3
;
  B 2 5  5 3  3 -3 2 0
   1
    B 2 5  5 3  4 -3 1 0
     3
    B 2 5  5 2  3 -2 2 0
     s
    B 2 5  4 2  2 -2 2 0
     -1
    B 2 5  4 2  3 -2 1 0
     -5
    B 2 5  3 1  2 -1 1 0
     2
;
  B 2 5  5 3  3 -2 2 -1
   1
    B 2 5  4 3  2 -2 2 -1
     -s^(-1)
    B 2 5  4 3  3 -2 1 -1
     (-4+d)*s^(-1)
    B 2 5  3 2  2 -1 1 -1
     2*s^(-1)
    B 2 5  3 2  2 -2 1 0
     s^(-1)
;
  B 2 5  5 3  3 -2 2 -1
   1
    B 2 5  5 2  3 -1 2 -1
     1/2*s
    B 2 5  4 2  2 -1 2 -1
     -1/2
    B 2 5  4 2  3 -1 1 -1
     -1
    B 2 5  4 2  3 -2 1 0
     -1/2
    B 2 5  4 1  3 -1 1 0
     -1/2*mt^2+1/2*t
    B 2 5  3 1  2 0 1 -1
     1/2
    B 2 5  3 1  2 -1 1 0
     1/2*s^(-1)*(s-mt^2+t)
;
  B 2 5  5 3  3 -2 2 -1
   1
    B 2 5  5 3  4 -2 1 -1
     3
    B 2 5  5 2  4 -1 1 -1
     3*s
    B 2 5  4 2  3 -1 1 -1
     -2
    B 2 5  4 2  3 -2 1 0
     -1
    B 2 5  4 1  3 -1 1 0
     -mt^2+t
;
  B 2 5  5 3  3 -2 2 -1
   1
    B 2 5  5 3  4 -2 1 -1
     3
    B 2 5  5 2  3 -2 2 0
     s
    B 2 5  4 2  2 -2 2 0
     -1
    B 2 5  4 2  3 -1 1 -1
     -2
    B 2 5  4 2  3 -2 1 0
     -3
    B 2 5  4 1  3 -1 1 0
     -2*mt^2+2*t
    B 2 5  3 1  2 -1 1 0
     2
;
  B 2 5  5 3  3 -2 2 -1
   1
    B 2 5  5 3  4 -2 1 -1
     3
    B 2 5  5 2  3 -1 2 -1
     s
    B 2 5  4 2  2 -1 2 -1
     -1
    B 2 5  4 2  3 -1 1 -1
     -4
    B 2 5  4 2  3 -2 1 0
     -1
    B 2 5  4 1  3 -1 1 0
     -mt^2+t
    B 2 5  3 1  2 0 1 -1
     1
    B 2 5  3 1  2 -1 1 0
     1
;
  B 2 5  5 3  3 -2 2 -1
   1
    B 2 5  5 3  3 -3 2 0
     -1
    B 2 5  4 2  3 -2 1 0
     2*s^(-1)*(mt^2-t)
    B 2 5  3 1  2 -1 1 0
     -2*s^(-1)*(mt^2-t)
;
  B 2 5  5 3  3 -2 2 -1
   1
    B 2 5  5 3  3 -3 2 0
     1
    B 2 5  5 2  3 -2 2 0
     s
    B 2 5  4 2  2 -2 2 0
     -1
    B 2 5  4 2  3 -1 1 -1
     -2
    B 2 5  4 2  3 -2 1 0
     -s^(-1)*(s+2*mt^2-2*t)
    B 2 5  4 1  3 -1 1 0
     -2*mt^2+2*t
    B 2 5  3 1  2 -1 1 0
     2
;
  B 2 5  5 3  3 -1 2 -2
   1
    B 2 5  4 3  2 -1 2 -2
     -s^(-1)
    B 2 5  4 3  3 -1 1 -2
     (-4+d)*s^(-1)
    B 2 5  3 2  2 0 1 -2
     s^(-1)
    B 2 5  3 2  2 -1 1 -1
     2*s^(-1)
;
  B 2 5  5 3  3 -1 2 -2
   1
    B 2 5  5 2  3 0 2 -2
     1/2*s
    B 2 5  4 2  2 0 2 -2
     -1/2
    B 2 5  4 2  3 0 1 -2
     -1/2
    B 2 5  4 2  3 -1 1 -1
     -1
    B 2 5  4 1  3 0 1 -1
     -mt^2+t
    B 2 5  3 1  2 0 1 -1
     s^(-1)*(s-mt^2+t)
;
  B 2 5  5 3  3 -1 2 -2
   1
    B 2 5  5 3  4 -1 1 -2
     3
    B 2 5  5 2  4 0 1 -2
     3*s
    B 2 5  4 2  3 0 1 -2
     -1
    B 2 5  4 2  3 -1 1 -1
     -2
    B 2 5  4 1  3 0 1 -1
     -2*mt^2+2*t
;
  B 2 5  5 3  3 -1 2 -2
   1
    B 2 5  5 3  4 -1 1 -2
     3
    B 2 5  5 2  3 -1 2 -1
     s
    B 2 5  4 2  2 -1 2 -1
     -1
    B 2 5  4 2  3 0 1 -2
     -1
    B 2 5  4 2  3 -1 1 -1
     -4
    B 2 5  4 1  3 0 1 -1
     -mt^2+t
    B 2 5  4 1  3 -1 1 0
     -2*mt^2
    B 2 5  3 1  2 0 1 -1
     1
    B 2 5  3 1  2 -1 1 0
     1
;
  B 2 5  5 3  3 -1 2 -2
   1
    B 2 5  5 3  4 -1 1 -2
     3
    B 2 5  5 2  3 0 2 -2
     s
    B 2 5  4 2  2 0 2 -2
     -1
    B 2 5  4 2  3 0 1 -2
     -3
    B 2 5  4 2  3 -1 1 -1
     -2
    B 2 5  4 1  3 0 1 -1
     -2*mt^2+2*t
    B 2 5  3 1  2 0 1 -1
     2
;
  B 2 5  5 3  3 -1 2 -2
   1
    B 2 5  5 3  3 -2 2 -1
     -1
    B 2 5  4 2  3 -2 1 0
     2*s^(-1)*mt^2
    B 2 5  3 1  2 0 1 -1
     -s^(-1)*(mt^2-t)
    B 2 5  3 1  2 -1 1 0
     -(mt^2+t)*s^(-1)
;
  B 2 5  5 3  3 -1 2 -2
   1
    B 2 5  5 3  3 -2 2 -1
     1
    B 2 5  5 2  3 -1 2 -1
     s
    B 2 5  4 2  2 -1 2 -1
     -1
    B 2 5  4 2  3 0 1 -2
     -1
    B 2 5  4 2  3 -1 1 -1
     -2
    B 2 5  4 2  3 -2 1 0
     -2*s^(-1)*mt^2
    B 2 5  4 1  3 0 1 -1
     -mt^2+t
    B 2 5  4 1  3 -1 1 0
     -2*mt^2
    B 2 5  3 1  2 0 1 -1
     1
    B 2 5  3 1  2 -1 1 0
     s^(-1)*(s-mt^2+t)
;
  B 2 5  5 3  3 0 2 -3
   1
    B 2 5  4 3  2 0 2 -3
     -s^(-1)
    B 2 5  4 3  3 0 1 -3
     (-4+d)*s^(-1)
    B 2 5  3 2  2 0 1 -2
     3*s^(-1)
;
  B 2 5  5 3  3 0 2 -3
   1
    B 2 5  5 3  4 0 1 -3
     3
    B 2 5  5 2  3 0 2 -2
     s
    B 2 5  4 2  2 0 2 -2
     -1
    B 2 5  4 2  3 0 1 -2
     -5
    B 2 5  4 1  3 0 1 -1
     -4*mt^2
    B 2 5  3 1  2 0 1 -1
     2
;
  B 2 5  5 3  3 0 2 -3
   1
    B 2 5  5 3  3 -1 2 -2
     -1
    B 2 5  4 2  3 0 1 -2
     -2*s^(-1)*(mt^2-t)
    B 2 5  4 2  3 -1 1 -1
     4*s^(-1)*mt^2
    B 2 5  3 1  2 0 1 -1
     -2*(mt^2+t)*s^(-1)
;
  B 2 5  5 3  3 0 2 -3
   1
    B 2 5  5 3  3 -1 2 -2
     1
    B 2 5  5 2  3 0 2 -2
     s
    B 2 5  4 2  2 0 2 -2
     -1
    B 2 5  4 2  3 0 1 -2
     -s^(-1)*(3*s-2*mt^2+2*t)
    B 2 5  4 2  3 -1 1 -1
     -4*s^(-1)*mt^2
    B 2 5  4 1  3 0 1 -1
     -4*mt^2
    B 2 5  3 1  2 0 1 -1
     2*s^(-1)*(s-mt^2+t)
;
  B 2 5  5 3  2 -3 3 0
   1
    B 2 5  4 3  1 -3 3 0
     -s^(-1)
    B 2 5  4 3  2 -3 2 0
     1/2*(-3+d)*s^(-1)
    B 2 5  3 2  1 -2 2 0
     3/2*s^(-1)
;
  B 2 5  5 3  2 -3 3 0
   1
    B 2 5  5 2  2 -2 3 0
     1/2*s
    B 2 5  4 2  1 -2 3 0
     -1/2
    B 2 5  4 2  2 -2 2 0
     -1
    B 2 5  3 1  1 -1 2 0
     1/2
;
  B 2 5  5 3  2 -3 3 0
   1
    B 2 5  5 3  3 -3 2 0
     1
    B 2 5  5 2  3 -2 2 0
     s
    B 2 5  4 2  2 -2 2 0
     -2
    B 2 5  4 2  3 -2 1 0
     -1
    B 2 5  3 1  2 -1 1 0
     1
;
  B 2 5  5 3  2 -3 3 0
   1
    B 2 5  5 3  3 -3 2 0
     1
    B 2 5  5 2  2 -2 3 0
     s
    B 2 5  4 2  1 -2 3 0
     -1
    B 2 5  4 2  2 -2 2 0
     -2
    B 2 5  3 1  1 -1 2 0
     1
;
  B 2 5  5 3  2 -2 3 -1
   1
    B 2 5  4 3  1 -2 3 -1
     -s^(-1)
    B 2 5  4 3  2 -2 2 -1
     1/2*(-3+d)*s^(-1)
    B 2 5  3 2  1 -1 2 -1
     s^(-1)
    B 2 5  3 2  1 -2 2 0
     1/2*s^(-1)
;
  B 2 5  5 3  2 -2 3 -1
   1
    B 2 5  5 2  2 -1 3 -1
     1/2*s
    B 2 5  4 2  1 -1 3 -1
     -1/2
    B 2 5  4 2  2 -1 2 -1
     -3/4
    B 2 5  4 2  2 -2 2 0
     -1/4
    B 2 5  4 1  2 -1 2 0
     -1/4*mt^2+1/4*t
    B 2 5  3 1  1 0 2 -1
     1/4
    B 2 5  3 1  1 -1 2 0
     1/4*s^(-1)*(s-mt^2+t)
    B 2 5  3 1  2 -1 1 0
     1/4*s^(-1)*(mt^2-t)
;
  B 2 5  5 3  2 -2 3 -1
   1
    B 2 5  5 3  3 -2 2 -1
     1
    B 2 5  5 2  3 -1 2 -1
     s
    B 2 5  4 2  2 -1 2 -1
     -3/2
    B 2 5  4 2  2 -2 2 0
     -1/2
    B 2 5  4 2  3 -1 1 -1
     -1
    B 2 5  4 1  2 -1 2 0
     -1/2*mt^2+1/2*t
    B 2 5  3 1  2 0 1 -1
     1/2
    B 2 5  3 1  2 -1 1 0
     1/2
;
  B 2 5  5 3  2 -2 3 -1
   1
    B 2 5  5 3  3 -2 2 -1
     1
    B 2 5  5 2  2 -2 3 0
     s
    B 2 5  4 2  1 -2 3 0
     -1
    B 2 5  4 2  2 -1 2 -1
     -1
    B 2 5  4 2  2 -2 2 0
     -1
    B 2 5  4 1  2 -1 2 0
     -mt^2+t
    B 2 5  3 1  1 -1 2 0
     1
;
  B 2 5  5 3  2 -2 3 -1
   1
    B 2 5  5 3  3 -2 2 -1
     1
    B 2 5  5 2  2 -1 3 -1
     s
    B 2 5  4 2  1 -1 3 -1
     -1
    B 2 5  4 2  2 -1 2 -1
     -3/2
    B 2 5  4 2  2 -2 2 0
     -1/2
    B 2 5  4 1  2 -1 2 0
     -1/2*mt^2+1/2*t
    B 2 5  3 1  1 0 2 -1
     1/2
    B 2 5  3 1  1 -1 2 0
     1/2
;
  B 2 5  5 3  2 -2 3 -1
   1
    B 2 5  5 3  2 -3 3 0
     -1
    B 2 5  4 2  2 -2 2 0
     s^(-1)*(mt^2-t)
    B 2 5  3 1  1 -1 2 0
     -s^(-1)*(mt^2-t)
;
  B 2 5  5 3  2 -2 3 -1
   1
    B 2 5  5 3  2 -3 3 0
     1
    B 2 5  5 2  2 -2 3 0
     s
    B 2 5  4 2  1 -2 3 0
     -1
    B 2 5  4 2  2 -1 2 -1
     -1
    B 2 5  4 2  2 -2 2 0
     -s^(-1)*(s+mt^2-t)
    B 2 5  4 1  2 -1 2 0
     -mt^2+t
    B 2 5  3 1  1 -1 2 0
     1
    B 2 5  3 1  2 -1 1 0
     s^(-1)*(mt^2-t)
;
  B 2 5  5 3  2 -1 3 -2
   1
    B 2 5  4 3  1 -1 3 -2
     -s^(-1)
    B 2 5  4 3  2 -1 2 -2
     1/2*(-3+d)*s^(-1)
    B 2 5  3 2  1 0 2 -2
     1/2*s^(-1)
    B 2 5  3 2  1 -1 2 -1
     s^(-1)
;
  B 2 5  5 3  2 -1 3 -2
   1
    B 2 5  5 2  2 0 3 -2
     1/2*s
    B 2 5  4 2  1 0 3 -2
     -1/2
    B 2 5  4 2  2 0 2 -2
     -1/2
    B 2 5  4 2  2 -1 2 -1
     -1/2
    B 2 5  4 1  2 0 2 -1
     -1/2*mt^2+1/2*t
    B 2 5  3 1  1 0 2 -1
     1/2*s^(-1)*(s-mt^2+t)
    B 2 5  3 1  2 0 1 -1
     1/2*s^(-1)*(mt^2-t)
;
  B 2 5  5 3  2 -1 3 -2
   1
    B 2 5  5 3  3 -1 2 -2
     1
    B 2 5  5 2  3 0 2 -2
     s
    B 2 5  4 2  2 0 2 -2
     -1
    B 2 5  4 2  2 -1 2 -1
     -1
    B 2 5  4 2  3 0 1 -2
     -1
    B 2 5  4 1  2 0 2 -1
     -mt^2+t
    B 2 5  3 1  2 0 1 -1
     1
;
  B 2 5  5 3  2 -1 3 -2
   1
    B 2 5  5 3  3 -1 2 -2
     1
    B 2 5  5 2  2 -1 3 -1
     s
    B 2 5  4 2  1 -1 3 -1
     -1
    B 2 5  4 2  2 0 2 -2
     -1/2
    B 2 5  4 2  2 -1 2 -1
     -3/2
    B 2 5  4 1  2 0 2 -1
     -1/2*mt^2+1/2*t
    B 2 5  4 1  2 -1 2 0
     -mt^2
    B 2 5  3 1  1 0 2 -1
     1/2
    B 2 5  3 1  1 -1 2 0
     1/2
;
  B 2 5  5 3  2 -1 3 -2
   1
    B 2 5  5 3  3 -1 2 -2
     1
    B 2 5  5 2  2 0 3 -2
     s
    B 2 5  4 2  1 0 3 -2
     -1
    B 2 5  4 2  2 0 2 -2
     -1
    B 2 5  4 2  2 -1 2 -1
     -1
    B 2 5  4 1  2 0 2 -1
     -mt^2+t
    B 2 5  3 1  1 0 2 -1
     1
;
  B 2 5  5 3  2 -1 3 -2
   1
    B 2 5  5 3  2 -2 3 -1
     -1
    B 2 5  4 2  2 -2 2 0
     s^(-1)*mt^2
    B 2 5  3 1  1 0 2 -1
     -1/2*s^(-1)*(mt^2-t)
    B 2 5  3 1  1 -1 2 0
     -1/2*(mt^2+t)*s^(-1)
;
  B 2 5  5 3  2 -1 3 -2
   1
    B 2 5  5 3  2 -2 3 -1
     1
    B 2 5  5 2  2 -1 3 -1
     s
    B 2 5  4 2  1 -1 3 -1
     -1
    B 2 5  4 2  2 0 2 -2
     -1/2
    B 2 5  4 2  2 -1 2 -1
     -3/2
    B 2 5  4 2  2 -2 2 0
     -s^(-1)*mt^2
    B 2 5  4 1  2 0 2 -1
     -1/2*mt^2+1/2*t
    B 2 5  4 1  2 -1 2 0
     -mt^2
    B 2 5  3 1  1 0 2 -1
     1/2
    B 2 5  3 1  1 -1 2 0
     1/2*s^(-1)*(s-mt^2+t)
    B 2 5  3 1  2 0 1 -1
     1/2*s^(-1)*(mt^2-t)
    B 2 5  3 1  2 -1 1 0
     s^(-1)*mt^2
;
  B 2 5  5 3  2 0 3 -3
   1
    B 2 5  4 3  1 0 3 -3
     -s^(-1)
    B 2 5  4 3  2 0 2 -3
     1/2*(-3+d)*s^(-1)
    B 2 5  3 2  1 0 2 -2
     3/2*s^(-1)
;
  B 2 5  5 3  2 0 3 -3
   1
    B 2 5  5 3  3 0 2 -3
     1
    B 2 5  5 2  2 0 3 -2
     s
    B 2 5  4 2  1 0 3 -2
     -1
    B 2 5  4 2  2 0 2 -2
     -2
    B 2 5  4 1  2 0 2 -1
     -2*mt^2
    B 2 5  3 1  1 0 2 -1
     1
;
  B 2 5  5 3  2 0 3 -3
   1
    B 2 5  5 3  2 -1 3 -2
     -1
    B 2 5  4 2  2 0 2 -2
     -s^(-1)*(mt^2-t)
    B 2 5  4 2  2 -1 2 -1
     2*s^(-1)*mt^2
    B 2 5  3 1  1 0 2 -1
     -(mt^2+t)*s^(-1)
;
  B 2 5  5 3  2 0 3 -3
   1
    B 2 5  5 3  2 -1 3 -2
     1
    B 2 5  5 2  2 0 3 -2
     s
    B 2 5  4 2  1 0 3 -2
     -1
    B 2 5  4 2  2 0 2 -2
     -s^(-1)*(2*s-mt^2+t)
    B 2 5  4 2  2 -1 2 -1
     -2*s^(-1)*mt^2
    B 2 5  4 1  2 0 2 -1
     -2*mt^2
    B 2 5  3 1  1 0 2 -1
     s^(-1)*(s-mt^2+t)
    B 2 5  3 1  2 0 1 -1
     2*s^(-1)*mt^2
;
  B 2 5  5 3  1 -3 4 0
   1
    B 2 5  4 3  1 -3 3 0
     1/3*(-2+d)*s^(-1)
;
  B 2 5  5 3  1 -3 4 0
   1
    B 2 5  5 2  1 -2 4 0
     1/2*s
    B 2 5  4 2  1 -2 3 0
     -5/6
;
  B 2 5  5 3  1 -3 4 0
   1
    B 2 5  5 3  2 -3 3 0
     1/3
    B 2 5  5 2  2 -2 3 0
     1/3*s
    B 2 5  4 2  1 -2 3 0
     -5/3
    B 2 5  4 2  2 -2 2 0
     -1/3
    B 2 5  3 1  1 -1 2 0
     2/3
;
  B 2 5  5 3  1 -3 4 0
   1
    B 2 5  5 3  2 -3 3 0
     1/3
    B 2 5  5 2  1 -2 4 0
     s
    B 2 5  4 2  1 -2 3 0
     -1
;
  B 2 5  5 3  1 -2 4 -1
   1
    B 2 5  4 3  1 -2 3 -1
     1/3*(-2+d)*s^(-1)
;
  B 2 5  5 3  1 -2 4 -1
   1
    B 2 5  5 2  1 -1 4 -1
     1/2*s
    B 2 5  4 2  1 -1 3 -1
     -2/3
    B 2 5  4 2  1 -2 3 0
     -1/6
    B 2 5  4 1  1 -1 3 0
     -1/6*mt^2+1/6*t
    B 2 5  3 1  1 -1 2 0
     1/6*s^(-1)*(mt^2-t)
;
  B 2 5  5 3  1 -2 4 -1
   1
    B 2 5  5 3  2 -2 3 -1
     1/3
    B 2 5  5 2  2 -1 3 -1
     1/3*s
    B 2 5  4 2  1 -1 3 -1
     -4/3
    B 2 5  4 2  1 -2 3 0
     -1/3
    B 2 5  4 2  2 -1 2 -1
     -1/3
    B 2 5  4 1  1 -1 3 0
     -1/3*mt^2+1/3*t
    B 2 5  3 1  1 0 2 -1
     1/3
    B 2 5  3 1  1 -1 2 0
     1/3
;
  B 2 5  5 3  1 -2 4 -1
   1
    B 2 5  5 3  2 -2 3 -1
     1/3
    B 2 5  5 2  1 -2 4 0
     s
    B 2 5  4 2  1 -1 3 -1
     -2/3
    B 2 5  4 2  1 -2 3 0
     -1/3
    B 2 5  4 1  1 -1 3 0
     -2/3*mt^2+2/3*t
;
  B 2 5  5 3  1 -2 4 -1
   1
    B 2 5  5 3  2 -2 3 -1
     1/3
    B 2 5  5 2  1 -1 4 -1
     s
    B 2 5  4 2  1 -1 3 -1
     -2/3
    B 2 5  4 2  1 -2 3 0
     -1/3
    B 2 5  4 1  1 -1 3 0
     -1/3*mt^2+1/3*t
;
  B 2 5  5 3  1 -2 4 -1
   1
    B 2 5  5 3  1 -3 4 0
     -1
    B 2 5  4 2  1 -2 3 0
     2/3*s^(-1)*(mt^2-t)
;
  B 2 5  5 3  1 -2 4 -1
   1
    B 2 5  5 3  1 -3 4 0
     1
    B 2 5  5 2  1 -2 4 0
     s
    B 2 5  4 2  1 -1 3 -1
     -2/3
    B 2 5  4 2  1 -2 3 0
     -1/3*s^(-1)*(3*s+2*mt^2-2*t)
    B 2 5  4 1  1 -1 3 0
     -2/3*mt^2+2/3*t
    B 2 5  3 1  1 -1 2 0
     2/3*s^(-1)*(mt^2-t)
;
  B 2 5  5 3  1 -1 4 -2
   1
    B 2 5  4 3  1 -1 3 -2
     1/3*(-2+d)*s^(-1)
;
  B 2 5  5 3  1 -1 4 -2
   1
    B 2 5  5 2  1 0 4 -2
     1/2*s
    B 2 5  4 2  1 0 3 -2
     -1/2
    B 2 5  4 2  1 -1 3 -1
     -1/3
    B 2 5  4 1  1 0 3 -1
     -1/3*mt^2+1/3*t
    B 2 5  3 1  1 0 2 -1
     1/3*s^(-1)*(mt^2-t)
;
  B 2 5  5 3  1 -1 4 -2
   1
    B 2 5  5 3  2 -1 3 -2
     1/3
    B 2 5  5 2  2 0 3 -2
     1/3*s
    B 2 5  4 2  1 0 3 -2
     -1
    B 2 5  4 2  1 -1 3 -1
     -2/3
    B 2 5  4 2  2 0 2 -2
     -1/3
    B 2 5  4 1  1 0 3 -1
     -2/3*mt^2+2/3*t
    B 2 5  3 1  1 0 2 -1
     2/3
;
  B 2 5  5 3  1 -1 4 -2
   1
    B 2 5  5 3  2 -1 3 -2
     1/3
    B 2 5  5 2  1 -1 4 -1
     s
    B 2 5  4 2  1 0 3 -2
     -1/3
    B 2 5  4 2  1 -1 3 -1
     -2/3
    B 2 5  4 1  1 0 3 -1
     -1/3*mt^2+1/3*t
    B 2 5  4 1  1 -1 3 0
     -2/3*mt^2
;
  B 2 5  5 3  1 -1 4 -2
   1
    B 2 5  5 3  2 -1 3 -2
     1/3
    B 2 5  5 2  1 0 4 -2
     s
    B 2 5  4 2  1 0 3 -2
     -1/3
    B 2 5  4 2  1 -1 3 -1
     -2/3
    B 2 5  4 1  1 0 3 -1
     -2/3*mt^2+2/3*t
;
  B 2 5  5 3  1 -1 4 -2
   1
    B 2 5  5 3  1 -2 4 -1
     -1
    B 2 5  4 2  1 -2 3 0
     2/3*s^(-1)*mt^2
;
  B 2 5  5 3  1 -1 4 -2
   1
    B 2 5  5 3  1 -2 4 -1
     1
    B 2 5  5 2  1 -1 4 -1
     s
    B 2 5  4 2  1 0 3 -2
     -1/3
    B 2 5  4 2  1 -1 3 -1
     -4/3
    B 2 5  4 2  1 -2 3 0
     -2/3*s^(-1)*mt^2
    B 2 5  4 1  1 0 3 -1
     -1/3*mt^2+1/3*t
    B 2 5  4 1  1 -1 3 0
     -2/3*mt^2
    B 2 5  3 1  1 0 2 -1
     1/3*s^(-1)*(mt^2-t)
    B 2 5  3 1  1 -1 2 0
     2/3*s^(-1)*mt^2
;
  B 2 5  5 3  1 0 4 -3
   1
    B 2 5  4 3  1 0 3 -3
     1/3*(-2+d)*s^(-1)
;
  B 2 5  5 3  1 0 4 -3
   1
    B 2 5  5 3  2 0 3 -3
     1/3
    B 2 5  5 2  1 0 4 -2
     s
    B 2 5  4 2  1 0 3 -2
     -1
    B 2 5  4 1  1 0 3 -1
     -4/3*mt^2
;
  B 2 5  5 3  1 0 4 -3
   1
    B 2 5  5 3  1 -1 4 -2
     -1
    B 2 5  4 2  1 0 3 -2
     -2/3*s^(-1)*(mt^2-t)
    B 2 5  4 2  1 -1 3 -1
     4/3*s^(-1)*mt^2
;
  B 2 5  5 3  1 0 4 -3
   1
    B 2 5  5 3  1 -1 4 -2
     1
    B 2 5  5 2  1 0 4 -2
     s
    B 2 5  4 2  1 0 3 -2
     -1/3*s^(-1)*(5*s-2*mt^2+2*t)
    B 2 5  4 2  1 -1 3 -1
     -4/3*s^(-1)*mt^2
    B 2 5  4 1  1 0 3 -1
     -4/3*mt^2
    B 2 5  3 1  1 0 2 -1
     4/3*s^(-1)*mt^2
;
  B 2 5  5 4  3 -4 2 0
   1
    B 2 5  5 3  3 -3 2 0
     1/2*s
    B 2 5  4 3  2 -3 2 0
     -1/2
    B 2 5  4 3  3 -3 1 0
     -2
    B 2 5  3 2  2 -2 1 0
     3/2
;
  B 2 5  5 4  3 -4 2 0
   1
    B 2 5  5 4  4 -4 1 0
     3
    B 2 5  5 3  4 -3 1 0
     3*s
    B 2 5  4 3  3 -3 1 0
     -4
;
  B 2 5  5 4  3 -4 2 0
   1
    B 2 5  5 4  4 -4 1 0
     3
    B 2 5  5 3  3 -3 2 0
     s
    B 2 5  4 3  2 -3 2 0
     -1
    B 2 5  4 3  3 -3 1 0
     -6
    B 2 5  3 2  2 -2 1 0
     3
;
  B 2 5  5 4  3 -3 2 -1
   1
    B 2 5  5 3  3 -2 2 -1
     1/2*s
    B 2 5  4 3  2 -2 2 -1
     -1/2
    B 2 5  4 3  3 -2 1 -1
     -3/2
    B 2 5  4 3  3 -3 1 0
     -1/2
    B 2 5  4 2  3 -2 1 0
     -1/2*mt^2+1/2*t
    B 2 5  3 2  2 -1 1 -1
     1
    B 2 5  3 2  2 -2 1 0
     1/2*s^(-1)*(s-mt^2+t)
;
  B 2 5  5 4  3 -3 2 -1
   1
    B 2 5  5 4  4 -3 1 -1
     3
    B 2 5  5 3  4 -2 1 -1
     3*s
    B 2 5  4 3  3 -2 1 -1
     -3
    B 2 5  4 3  3 -3 1 0
     -1
    B 2 5  4 2  3 -2 1 0
     -mt^2+t
;
  B 2 5  5 4  3 -3 2 -1
   1
    B 2 5  5 4  4 -3 1 -1
     3
    B 2 5  5 3  3 -3 2 0
     s
    B 2 5  4 3  2 -3 2 0
     -1
    B 2 5  4 3  3 -2 1 -1
     -3
    B 2 5  4 3  3 -3 1 0
     -3
    B 2 5  4 2  3 -2 1 0
     -3*mt^2+3*t
    B 2 5  3 2  2 -2 1 0
     3
;
  B 2 5  5 4  3 -3 2 -1
   1
    B 2 5  5 4  4 -3 1 -1
     3
    B 2 5  5 3  3 -2 2 -1
     s
    B 2 5  4 3  2 -2 2 -1
     -1
    B 2 5  4 3  3 -2 1 -1
     -5
    B 2 5  4 3  3 -3 1 0
     -1
    B 2 5  4 2  3 -2 1 0
     -mt^2+t
    B 2 5  3 2  2 -1 1 -1
     2
    B 2 5  3 2  2 -2 1 0
     1
;
  B 2 5  5 4  3 -3 2 -1
   1
    B 2 5  5 4  3 -4 2 0
     -1
    B 2 5  4 3  3 -3 1 0
     3*s^(-1)*(mt^2-t)
    B 2 5  3 2  2 -2 1 0
     -3*s^(-1)*(mt^2-t)
;
  B 2 5  5 4  3 -3 2 -1
   1
    B 2 5  5 4  3 -4 2 0
     1
    B 2 5  5 3  3 -3 2 0
     s
    B 2 5  4 3  2 -3 2 0
     -1
    B 2 5  4 3  3 -2 1 -1
     -3
    B 2 5  4 3  3 -3 1 0
     -s^(-1)*(s+3*mt^2-3*t)
    B 2 5  4 2  3 -2 1 0
     -3*mt^2+3*t
    B 2 5  3 2  2 -2 1 0
     3
;
  B 2 5  5 4  3 -2 2 -2
   1
    B 2 5  5 3  3 -1 2 -2
     1/2*s
    B 2 5  4 3  2 -1 2 -2
     -1/2
    B 2 5  4 3  3 -1 1 -2
     -1
    B 2 5  4 3  3 -2 1 -1
     -1
    B 2 5  4 2  3 -1 1 -1
     -mt^2+t
    B 2 5  3 2  2 0 1 -2
     1/2
    B 2 5  3 2  2 -1 1 -1
     s^(-1)*(s-mt^2+t)
;
  B 2 5  5 4  3 -2 2 -2
   1
    B 2 5  5 4  4 -2 1 -2
     3
    B 2 5  5 3  4 -1 1 -2
     3*s
    B 2 5  4 3  3 -1 1 -2
     -2
    B 2 5  4 3  3 -2 1 -1
     -2
    B 2 5  4 2  3 -1 1 -1
     -2*mt^2+2*t
;
  B 2 5  5 4  3 -2 2 -2
   1
    B 2 5  5 4  4 -2 1 -2
     3
    B 2 5  5 3  3 -2 2 -1
     s
    B 2 5  4 3  2 -2 2 -1
     -1
    B 2 5  4 3  3 -1 1 -2
     -2
    B 2 5  4 3  3 -2 1 -1
     -4
    B 2 5  4 2  3 -1 1 -1
     -2*mt^2+2*t
    B 2 5  4 2  3 -2 1 0
     -2*mt^2
    B 2 5  3 2  2 -1 1 -1
     2
    B 2 5  3 2  2 -2 1 0
     1
;
  B 2 5  5 4  3 -2 2 -2
   1
    B 2 5  5 4  4 -2 1 -2
     3
    B 2 5  5 3  3 -1 2 -2
     s
    B 2 5  4 3  2 -1 2 -2
     -1
    B 2 5  4 3  3 -1 1 -2
     -4
    B 2 5  4 3  3 -2 1 -1
     -2
    B 2 5  4 2  3 -1 1 -1
     -2*mt^2+2*t
    B 2 5  3 2  2 0 1 -2
     1
    B 2 5  3 2  2 -1 1 -1
     2
;
  B 2 5  5 4  3 -2 2 -2
   1
    B 2 5  5 4  3 -3 2 -1
     -1
    B 2 5  4 3  3 -2 1 -1
     s^(-1)*(mt^2-t)
    B 2 5  4 3  3 -3 1 0
     2*s^(-1)*mt^2
    B 2 5  3 2  2 -1 1 -1
     -2*s^(-1)*(mt^2-t)
    B 2 5  3 2  2 -2 1 0
     -(mt^2+t)*s^(-1)
;
  B 2 5  5 4  3 -2 2 -2
   1
    B 2 5  5 4  3 -3 2 -1
     1
    B 2 5  5 3  3 -2 2 -1
     s
    B 2 5  4 3  2 -2 2 -1
     -1
    B 2 5  4 3  3 -1 1 -2
     -2
    B 2 5  4 3  3 -2 1 -1
     -(2*s+mt^2-t)*s^(-1)
    B 2 5  4 3  3 -3 1 0
     -2*s^(-1)*mt^2
    B 2 5  4 2  3 -1 1 -1
     -2*mt^2+2*t
    B 2 5  4 2  3 -2 1 0
     -2*mt^2
    B 2 5  3 2  2 -1 1 -1
     2
    B 2 5  3 2  2 -2 1 0
     s^(-1)*(s-mt^2+t)
;
  B 2 5  5 4  3 -1 2 -3
   1
    B 2 5  5 3  3 0 2 -3
     1/2*s
    B 2 5  4 3  2 0 2 -3
     -1/2
    B 2 5  4 3  3 0 1 -3
     -1/2
    B 2 5  4 3  3 -1 1 -2
     -3/2
    B 2 5  4 2  3 0 1 -2
     -3/2*mt^2+3/2*t
    B 2 5  3 2  2 0 1 -2
     3/2*s^(-1)*(s-mt^2+t)
;
  B 2 5  5 4  3 -1 2 -3
   1
    B 2 5  5 4  4 -1 1 -3
     3
    B 2 5  5 3  4 0 1 -3
     3*s
    B 2 5  4 3  3 0 1 -3
     -1
    B 2 5  4 3  3 -1 1 -2
     -3
    B 2 5  4 2  3 0 1 -2
     -3*mt^2+3*t
;
  B 2 5  5 4  3 -1 2 -3
   1
    B 2 5  5 4  4 -1 1 -3
     3
    B 2 5  5 3  3 -1 2 -2
     s
    B 2 5  4 3  2 -1 2 -2
     -1
    B 2 5  4 3  3 0 1 -3
     -1
    B 2 5  4 3  3 -1 1 -2
     -5
    B 2 5  4 2  3 0 1 -2
     -mt^2+t
    B 2 5  4 2  3 -1 1 -1
     -4*mt^2
    B 2 5  3 2  2 0 1 -2
     1
    B 2 5  3 2  2 -1 1 -1
     2
;
  B 2 5  5 4  3 -1 2 -3
   1
    B 2 5  5 4  4 -1 1 -3
     3
    B 2 5  5 3  3 0 2 -3
     s
    B 2 5  4 3  2 0 2 -3
     -1
    B 2 5  4 3  3 0 1 -3
     -3
    B 2 5  4 3  3 -1 1 -2
     -3
    B 2 5  4 2  3 0 1 -2
     -3*mt^2+3*t
    B 2 5  3 2  2 0 1 -2
     3
;
  B 2 5  5 4  3 -1 2 -3
   1
    B 2 5  5 4  3 -2 2 -2
     -1
    B 2 5  4 3  3 -1 1 -2
     -s^(-1)*(mt^2-t)
    B 2 5  4 3  3 -2 1 -1
     4*s^(-1)*mt^2
    B 2 5  3 2  2 0 1 -2
     -s^(-1)*(mt^2-t)
    B 2 5  3 2  2 -1 1 -1
     -2*(mt^2+t)*s^(-1)
;
  B 2 5  5 4  3 -1 2 -3
   1
    B 2 5  5 4  3 -2 2 -2
     1
    B 2 5  5 3  3 -1 2 -2
     s
    B 2 5  4 3  2 -1 2 -2
     -1
    B 2 5  4 3  3 0 1 -3
     -1
    B 2 5  4 3  3 -1 1 -2
     -s^(-1)*(3*s-mt^2+t)
    B 2 5  4 3  3 -2 1 -1
     -4*s^(-1)*mt^2
    B 2 5  4 2  3 0 1 -2
     -mt^2+t
    B 2 5  4 2  3 -1 1 -1
     -4*mt^2
    B 2 5  3 2  2 0 1 -2
     1
    B 2 5  3 2  2 -1 1 -1
     2*s^(-1)*(s-mt^2+t)
;
  B 2 5  5 4  3 0 2 -4
   1
    B 2 5  5 4  4 0 1 -4
     3
    B 2 5  5 3  3 0 2 -3
     s
    B 2 5  4 3  2 0 2 -3
     -1
    B 2 5  4 3  3 0 1 -3
     -6
    B 2 5  4 2  3 0 1 -2
     -6*mt^2
    B 2 5  3 2  2 0 1 -2
     3
;
  B 2 5  5 4  3 0 2 -4
   1
    B 2 5  5 4  3 -1 2 -3
     -1
    B 2 5  4 3  3 0 1 -3
     -3*s^(-1)*(mt^2-t)
    B 2 5  4 3  3 -1 1 -2
     6*s^(-1)*mt^2
    B 2 5  3 2  2 0 1 -2
     -3*(mt^2+t)*s^(-1)
;
  B 2 5  5 4  3 0 2 -4
   1
    B 2 5  5 4  3 -1 2 -3
     1
    B 2 5  5 3  3 0 2 -3
     s
    B 2 5  4 3  2 0 2 -3
     -1
    B 2 5  4 3  3 0 1 -3
     -s^(-1)*(4*s-3*mt^2+3*t)
    B 2 5  4 3  3 -1 1 -2
     -6*s^(-1)*mt^2
    B 2 5  4 2  3 0 1 -2
     -6*mt^2
    B 2 5  3 2  2 0 1 -2
     3*s^(-1)*(s-mt^2+t)
;
  B 2 5  5 4  2 -4 3 0
   1
    B 2 5  5 3  2 -3 3 0
     1/2*s
    B 2 5  4 3  1 -3 3 0
     -1/2
    B 2 5  4 3  2 -3 2 0
     -5/4
    B 2 5  3 2  1 -2 2 0
     3/4
;
  B 2 5  5 4  2 -4 3 0
   1
    B 2 5  5 4  3 -4 2 0
     1
    B 2 5  5 3  3 -3 2 0
     s
    B 2 5  4 3  2 -3 2 0
     -5/2
    B 2 5  4 3  3 -3 1 0
     -1
    B 2 5  3 2  2 -2 1 0
     3/2
;
  B 2 5  5 4  2 -4 3 0
   1
    B 2 5  5 4  3 -4 2 0
     1
    B 2 5  5 3  2 -3 3 0
     s
    B 2 5  4 3  1 -3 3 0
     -1
    B 2 5  4 3  2 -3 2 0
     -5/2
    B 2 5  3 2  1 -2 2 0
     3/2
;
  B 2 5  5 4  2 -3 3 -1
   1
    B 2 5  5 3  2 -2 3 -1
     1/2*s
    B 2 5  4 3  1 -2 3 -1
     -1/2
    B 2 5  4 3  2 -2 2 -1
     -1
    B 2 5  4 3  2 -3 2 0
     -1/4
    B 2 5  4 2  2 -2 2 0
     -1/4*mt^2+1/4*t
    B 2 5  3 2  1 -1 2 -1
     1/2
    B 2 5  3 2  1 -2 2 0
     1/4*s^(-1)*(s-mt^2+t)
    B 2 5  3 2  2 -2 1 0
     1/4*s^(-1)*(mt^2-t)
;
  B 2 5  5 4  2 -3 3 -1
   1
    B 2 5  5 4  3 -3 2 -1
     1
    B 2 5  5 3  3 -2 2 -1
     s
    B 2 5  4 3  2 -2 2 -1
     -2
    B 2 5  4 3  2 -3 2 0
     -1/2
    B 2 5  4 3  3 -2 1 -1
     -1
    B 2 5  4 2  2 -2 2 0
     -1/2*mt^2+1/2*t
    B 2 5  3 2  2 -1 1 -1
     1
    B 2 5  3 2  2 -2 1 0
     1/2
;
  B 2 5  5 4  2 -3 3 -1
   1
    B 2 5  5 4  3 -3 2 -1
     1
    B 2 5  5 3  2 -3 3 0
     s
    B 2 5  4 3  1 -3 3 0
     -1
    B 2 5  4 3  2 -2 2 -1
     -3/2
    B 2 5  4 3  2 -3 2 0
     -1
    B 2 5  4 2  2 -2 2 0
     -3/2*mt^2+3/2*t
    B 2 5  3 2  1 -2 2 0
     3/2
;
  B 2 5  5 4  2 -3 3 -1
   1
    B 2 5  5 4  3 -3 2 -1
     1
    B 2 5  5 3  2 -2 3 -1
     s
    B 2 5  4 3  1 -2 3 -1
     -1
    B 2 5  4 3  2 -2 2 -1
     -2
    B 2 5  4 3  2 -3 2 0
     -1/2
    B 2 5  4 2  2 -2 2 0
     -1/2*mt^2+1/2*t
    B 2 5  3 2  1 -1 2 -1
     1
    B 2 5  3 2  1 -2 2 0
     1/2
;
  B 2 5  5 4  2 -3 3 -1
   1
    B 2 5  5 4  2 -4 3 0
     -1
    B 2 5  4 3  2 -3 2 0
     3/2*s^(-1)*(mt^2-t)
    B 2 5  3 2  1 -2 2 0
     -3/2*s^(-1)*(mt^2-t)
;
  B 2 5  5 4  2 -3 3 -1
   1
    B 2 5  5 4  2 -4 3 0
     1
    B 2 5  5 3  2 -3 3 0
     s
    B 2 5  4 3  1 -3 3 0
     -1
    B 2 5  4 3  2 -2 2 -1
     -3/2
    B 2 5  4 3  2 -3 2 0
     -1/2*s^(-1)*(2*s+3*mt^2-3*t)
    B 2 5  4 2  2 -2 2 0
     -3/2*mt^2+3/2*t
    B 2 5  3 2  1 -2 2 0
     3/2
    B 2 5  3 2  2 -2 1 0
     3/2*s^(-1)*(mt^2-t)
;
  B 2 5  5 4  2 -2 3 -2
   1
    B 2 5  5 3  2 -1 3 -2
     1/2*s
    B 2 5  4 3  1 -1 3 -2
     -1/2
    B 2 5  4 3  2 -1 2 -2
     -3/4
    B 2 5  4 3  2 -2 2 -1
     -1/2
    B 2 5  4 2  2 -1 2 -1
     -1/2*mt^2+1/2*t
    B 2 5  3 2  1 0 2 -2
     1/4
    B 2 5  3 2  1 -1 2 -1
     1/2*s^(-1)*(s-mt^2+t)
    B 2 5  3 2  2 -1 1 -1
     1/2*s^(-1)*(mt^2-t)
;
  B 2 5  5 4  2 -2 3 -2
   1
    B 2 5  5 4  3 -2 2 -2
     1
    B 2 5  5 3  3 -1 2 -2
     s
    B 2 5  4 3  2 -1 2 -2
     -3/2
    B 2 5  4 3  2 -2 2 -1
     -1
    B 2 5  4 3  3 -1 1 -2
     -1
    B 2 5  4 2  2 -1 2 -1
     -mt^2+t
    B 2 5  3 2  2 0 1 -2
     1/2
    B 2 5  3 2  2 -1 1 -1
     1
;
  B 2 5  5 4  2 -2 3 -2
   1
    B 2 5  5 4  3 -2 2 -2
     1
    B 2 5  5 3  2 -2 3 -1
     s
    B 2 5  4 3  1 -2 3 -1
     -1
    B 2 5  4 3  2 -1 2 -2
     -1
    B 2 5  4 3  2 -2 2 -1
     -3/2
    B 2 5  4 2  2 -1 2 -1
     -mt^2+t
    B 2 5  4 2  2 -2 2 0
     -mt^2
    B 2 5  3 2  1 -1 2 -1
     1
    B 2 5  3 2  1 -2 2 0
     1/2
;
  B 2 5  5 4  2 -2 3 -2
   1
    B 2 5  5 4  3 -2 2 -2
     1
    B 2 5  5 3  2 -1 3 -2
     s
    B 2 5  4 3  1 -1 3 -2
     -1
    B 2 5  4 3  2 -1 2 -2
     -3/2
    B 2 5  4 3  2 -2 2 -1
     -1
    B 2 5  4 2  2 -1 2 -1
     -mt^2+t
    B 2 5  3 2  1 0 2 -2
     1/2
    B 2 5  3 2  1 -1 2 -1
     1
;
  B 2 5  5 4  2 -2 3 -2
   1
    B 2 5  5 4  2 -3 3 -1
     -1
    B 2 5  4 3  2 -2 2 -1
     1/2*s^(-1)*(mt^2-t)
    B 2 5  4 3  2 -3 2 0
     s^(-1)*mt^2
    B 2 5  3 2  1 -1 2 -1
     -s^(-1)*(mt^2-t)
    B 2 5  3 2  1 -2 2 0
     -1/2*(mt^2+t)*s^(-1)
;
  B 2 5  5 4  2 -2 3 -2
   1
    B 2 5  5 4  2 -3 3 -1
     1
    B 2 5  5 3  2 -2 3 -1
     s
    B 2 5  4 3  1 -2 3 -1
     -1
    B 2 5  4 3  2 -1 2 -2
     -1
    B 2 5  4 3  2 -2 2 -1
     -1/2*s^(-1)*(3*s+mt^2-t)
    B 2 5  4 3  2 -3 2 0
     -s^(-1)*mt^2
    B 2 5  4 2  2 -1 2 -1
     -mt^2+t
    B 2 5  4 2  2 -2 2 0
     -mt^2
    B 2 5  3 2  1 -1 2 -1
     1
    B 2 5  3 2  1 -2 2 0
     1/2*s^(-1)*(s-mt^2+t)
    B 2 5  3 2  2 -1 1 -1
     s^(-1)*(mt^2-t)
    B 2 5  3 2  2 -2 1 0
     s^(-1)*mt^2
;
  B 2 5  5 4  2 -1 3 -3
   1
    B 2 5  5 3  2 0 3 -3
     1/2*s
    B 2 5  4 3  1 0 3 -3
     -1/2
    B 2 5  4 3  2 0 2 -3
     -1/2
    B 2 5  4 3  2 -1 2 -2
     -3/4
    B 2 5  4 2  2 0 2 -2
     -3/4*mt^2+3/4*t
    B 2 5  3 2  1 0 2 -2
     3/4*s^(-1)*(s-mt^2+t)
    B 2 5  3 2  2 0 1 -2
     3/4*s^(-1)*(mt^2-t)
;
  B 2 5  5 4  2 -1 3 -3
   1
    B 2 5  5 4  3 -1 2 -3
     1
    B 2 5  5 3  3 0 2 -3
     s
    B 2 5  4 3  2 0 2 -3
     -1
    B 2 5  4 3  2 -1 2 -2
     -3/2
    B 2 5  4 3  3 0 1 -3
     -1
    B 2 5  4 2  2 0 2 -2
     -3/2*mt^2+3/2*t
    B 2 5  3 2  2 0 1 -2
     3/2
;
  B 2 5  5 4  2 -1 3 -3
   1
    B 2 5  5 4  3 -1 2 -3
     1
    B 2 5  5 3  2 -1 3 -2
     s
    B 2 5  4 3  1 -1 3 -2
     -1
    B 2 5  4 3  2 0 2 -3
     -1/2
    B 2 5  4 3  2 -1 2 -2
     -2
    B 2 5  4 2  2 0 2 -2
     -1/2*mt^2+1/2*t
    B 2 5  4 2  2 -1 2 -1
     -2*mt^2
    B 2 5  3 2  1 0 2 -2
     1/2
    B 2 5  3 2  1 -1 2 -1
     1
;
  B 2 5  5 4  2 -1 3 -3
   1
    B 2 5  5 4  3 -1 2 -3
     1
    B 2 5  5 3  2 0 3 -3
     s
    B 2 5  4 3  1 0 3 -3
     -1
    B 2 5  4 3  2 0 2 -3
     -1
    B 2 5  4 3  2 -1 2 -2
     -3/2
    B 2 5  4 2  2 0 2 -2
     -3/2*mt^2+3/2*t
    B 2 5  3 2  1 0 2 -2
     3/2
;
  B 2 5  5 4  2 -1 3 -3
   1
    B 2 5  5 4  2 -2 3 -2
     -1
    B 2 5  4 3  2 -1 2 -2
     -1/2*s^(-1)*(mt^2-t)
    B 2 5  4 3  2 -2 2 -1
     2*s^(-1)*mt^2
    B 2 5  3 2  1 0 2 -2
     -1/2*s^(-1)*(mt^2-t)
    B 2 5  3 2  1 -1 2 -1
     -(mt^2+t)*s^(-1)
;
  B 2 5  5 4  2 -1 3 -3
   1
    B 2 5  5 4  2 -2 3 -2
     1
    B 2 5  5 3  2 -1 3 -2
     s
    B 2 5  4 3  1 -1 3 -2
     -1
    B 2 5  4 3  2 0 2 -3
     -1/2
    B 2 5  4 3  2 -1 2 -2
     -1/2*(4*s-mt^2+t)*s^(-1)
    B 2 5  4 3  2 -2 2 -1
     -2*s^(-1)*mt^2
    B 2 5  4 2  2 0 2 -2
     -1/2*mt^2+1/2*t
    B 2 5  4 2  2 -1 2 -1
     -2*mt^2
    B 2 5  3 2  1 0 2 -2
     1/2
    B 2 5  3 2  1 -1 2 -1
     s^(-1)*(s-mt^2+t)
    B 2 5  3 2  2 0 1 -2
     1/2*s^(-1)*(mt^2-t)
    B 2 5  3 2  2 -1 1 -1
     2*s^(-1)*mt^2
;
  B 2 5  5 4  2 0 3 -4
   1
    B 2 5  5 4  3 0 2 -4
     1
    B 2 5  5 3  2 0 3 -3
     s
    B 2 5  4 3  1 0 3 -3
     -1
    B 2 5  4 3  2 0 2 -3
     -5/2
    B 2 5  4 2  2 0 2 -2
     -3*mt^2
    B 2 5  3 2  1 0 2 -2
     3/2
;
  B 2 5  5 4  2 0 3 -4
   1
    B 2 5  5 4  2 -1 3 -3
     -1
    B 2 5  4 3  2 0 2 -3
     -3/2*s^(-1)*(mt^2-t)
    B 2 5  4 3  2 -1 2 -2
     3*s^(-1)*mt^2
    B 2 5  3 2  1 0 2 -2
     -3/2*(mt^2+t)*s^(-1)
;
  B 2 5  5 4  2 0 3 -4
   1
    B 2 5  5 4  2 -1 3 -3
     1
    B 2 5  5 3  2 0 3 -3
     s
    B 2 5  4 3  1 0 3 -3
     -1
    B 2 5  4 3  2 0 2 -3
     -1/2*s^(-1)*(5*s-3*mt^2+3*t)
    B 2 5  4 3  2 -1 2 -2
     -3*s^(-1)*mt^2
    B 2 5  4 2  2 0 2 -2
     -3*mt^2
    B 2 5  3 2  1 0 2 -2
     3/2*s^(-1)*(s-mt^2+t)
    B 2 5  3 2  2 0 1 -2
     3*s^(-1)*mt^2
;
  B 2 5  5 4  1 -4 4 0
   1
    B 2 5  5 3  1 -3 4 0
     1/2*s
    B 2 5  4 3  1 -3 3 0
     -1
;
  B 2 5  5 4  1 -4 4 0
   1
    B 2 5  5 4  2 -4 3 0
     1/3
    B 2 5  5 3  2 -3 3 0
     1/3*s
    B 2 5  4 3  1 -3 3 0
     -2
    B 2 5  4 3  2 -3 2 0
     -1/3
    B 2 5  3 2  1 -2 2 0
     1
;
  B 2 5  5 4  1 -4 4 0
   1
    B 2 5  5 4  2 -4 3 0
     1/3
    B 2 5  5 3  1 -3 4 0
     s
    B 2 5  4 3  1 -3 3 0
     -4/3
;
  B 2 5  5 4  1 -3 4 -1
   1
    B 2 5  5 3  1 -2 4 -1
     1/2*s
    B 2 5  4 3  1 -2 3 -1
     -5/6
    B 2 5  4 3  1 -3 3 0
     -1/6
    B 2 5  4 2  1 -2 3 0
     -1/6*mt^2+1/6*t
    B 2 5  3 2  1 -2 2 0
     1/6*s^(-1)*(mt^2-t)
;
  B 2 5  5 4  1 -3 4 -1
   1
    B 2 5  5 4  2 -3 3 -1
     1/3
    B 2 5  5 3  2 -2 3 -1
     1/3*s
    B 2 5  4 3  1 -2 3 -1
     -5/3
    B 2 5  4 3  1 -3 3 0
     -1/3
    B 2 5  4 3  2 -2 2 -1
     -1/3
    B 2 5  4 2  1 -2 3 0
     -1/3*mt^2+1/3*t
    B 2 5  3 2  1 -1 2 -1
     2/3
    B 2 5  3 2  1 -2 2 0
     1/3
;
  B 2 5  5 4  1 -3 4 -1
   1
    B 2 5  5 4  2 -3 3 -1
     1/3
    B 2 5  5 3  1 -3 4 0
     s
    B 2 5  4 3  1 -2 3 -1
     -1
    B 2 5  4 3  1 -3 3 0
     -1/3
    B 2 5  4 2  1 -2 3 0
     -mt^2+t
;
  B 2 5  5 4  1 -3 4 -1
   1
    B 2 5  5 4  2 -3 3 -1
     1/3
    B 2 5  5 3  1 -2 4 -1
     s
    B 2 5  4 3  1 -2 3 -1
     -1
    B 2 5  4 3  1 -3 3 0
     -1/3
    B 2 5  4 2  1 -2 3 0
     -1/3*mt^2+1/3*t
;
  B 2 5  5 4  1 -3 4 -1
   1
    B 2 5  5 4  1 -4 4 0
     -1
    B 2 5  4 3  1 -3 3 0
     s^(-1)*(mt^2-t)
;
  B 2 5  5 4  1 -3 4 -1
   1
    B 2 5  5 4  1 -4 4 0
     1
    B 2 5  5 3  1 -3 4 0
     s
    B 2 5  4 3  1 -2 3 -1
     -1
    B 2 5  4 3  1 -3 3 0
     -s^(-1)*(s+mt^2-t)
    B 2 5  4 2  1 -2 3 0
     -mt^2+t
    B 2 5  3 2  1 -2 2 0
     s^(-1)*(mt^2-t)
;
  B 2 5  5 4  1 -2 4 -2
   1
    B 2 5  5 3  1 -1 4 -2
     1/2*s
    B 2 5  4 3  1 -1 3 -2
     -2/3
    B 2 5  4 3  1 -2 3 -1
     -1/3
    B 2 5  4 2  1 -1 3 -1
     -1/3*mt^2+1/3*t
    B 2 5  3 2  1 -1 2 -1
     1/3*s^(-1)*(mt^2-t)
;
  B 2 5  5 4  1 -2 4 -2
   1
    B 2 5  5 4  2 -2 3 -2
     1/3
    B 2 5  5 3  2 -1 3 -2
     1/3*s
    B 2 5  4 3  1 -1 3 -2
     -4/3
    B 2 5  4 3  1 -2 3 -1
     -2/3
    B 2 5  4 3  2 -1 2 -2
     -1/3
    B 2 5  4 2  1 -1 3 -1
     -2/3*mt^2+2/3*t
    B 2 5  3 2  1 0 2 -2
     1/3
    B 2 5  3 2  1 -1 2 -1
     2/3
;
  B 2 5  5 4  1 -2 4 -2
   1
    B 2 5  5 4  2 -2 3 -2
     1/3
    B 2 5  5 3  1 -2 4 -1
     s
    B 2 5  4 3  1 -1 3 -2
     -2/3
    B 2 5  4 3  1 -2 3 -1
     -2/3
    B 2 5  4 2  1 -1 3 -1
     -2/3*mt^2+2/3*t
    B 2 5  4 2  1 -2 3 0
     -2/3*mt^2
;
  B 2 5  5 4  1 -2 4 -2
   1
    B 2 5  5 4  2 -2 3 -2
     1/3
    B 2 5  5 3  1 -1 4 -2
     s
    B 2 5  4 3  1 -1 3 -2
     -2/3
    B 2 5  4 3  1 -2 3 -1
     -2/3
    B 2 5  4 2  1 -1 3 -1
     -2/3*mt^2+2/3*t
;
  B 2 5  5 4  1 -2 4 -2
   1
    B 2 5  5 4  1 -3 4 -1
     -1
    B 2 5  4 3  1 -2 3 -1
     1/3*s^(-1)*(mt^2-t)
    B 2 5  4 3  1 -3 3 0
     2/3*s^(-1)*mt^2
;
  B 2 5  5 4  1 -2 4 -2
   1
    B 2 5  5 4  1 -3 4 -1
     1
    B 2 5  5 3  1 -2 4 -1
     s
    B 2 5  4 3  1 -1 3 -2
     -2/3
    B 2 5  4 3  1 -2 3 -1
     -1/3*s^(-1)*(4*s+mt^2-t)
    B 2 5  4 3  1 -3 3 0
     -2/3*s^(-1)*mt^2
    B 2 5  4 2  1 -1 3 -1
     -2/3*mt^2+2/3*t
    B 2 5  4 2  1 -2 3 0
     -2/3*mt^2
    B 2 5  3 2  1 -1 2 -1
     2/3*s^(-1)*(mt^2-t)
    B 2 5  3 2  1 -2 2 0
     2/3*s^(-1)*mt^2
;
  B 2 5  5 4  1 -1 4 -3
   1
    B 2 5  5 3  1 0 4 -3
     1/2*s
    B 2 5  4 3  1 0 3 -3
     -1/2
    B 2 5  4 3  1 -1 3 -2
     -1/2
    B 2 5  4 2  1 0 3 -2
     -1/2*mt^2+1/2*t
    B 2 5  3 2  1 0 2 -2
     1/2*s^(-1)*(mt^2-t)
;
  B 2 5  5 4  1 -1 4 -3
   1
    B 2 5  5 4  2 -1 3 -3
     1/3
    B 2 5  5 3  2 0 3 -3
     1/3*s
    B 2 5  4 3  1 0 3 -3
     -1
    B 2 5  4 3  1 -1 3 -2
     -1
    B 2 5  4 3  2 0 2 -3
     -1/3
    B 2 5  4 2  1 0 3 -2
     -mt^2+t
    B 2 5  3 2  1 0 2 -2
     1
;
  B 2 5  5 4  1 -1 4 -3
   1
    B 2 5  5 4  2 -1 3 -3
     1/3
    B 2 5  5 3  1 -1 4 -2
     s
    B 2 5  4 3  1 0 3 -3
     -1/3
    B 2 5  4 3  1 -1 3 -2
     -1
    B 2 5  4 2  1 0 3 -2
     -1/3*mt^2+1/3*t
    B 2 5  4 2  1 -1 3 -1
     -4/3*mt^2
;
  B 2 5  5 4  1 -1 4 -3
   1
    B 2 5  5 4  2 -1 3 -3
     1/3
    B 2 5  5 3  1 0 4 -3
     s
    B 2 5  4 3  1 0 3 -3
     -1/3
    B 2 5  4 3  1 -1 3 -2
     -1
    B 2 5  4 2  1 0 3 -2
     -mt^2+t
;
  B 2 5  5 4  1 -1 4 -3
   1
    B 2 5  5 4  1 -2 4 -2
     -1
    B 2 5  4 3  1 -1 3 -2
     -1/3*s^(-1)*(mt^2-t)
    B 2 5  4 3  1 -2 3 -1
     4/3*s^(-1)*mt^2
;
  B 2 5  5 4  1 -1 4 -3
   1
    B 2 5  5 4  1 -2 4 -2
     1
    B 2 5  5 3  1 -1 4 -2
     s
    B 2 5  4 3  1 0 3 -3
     -1/3
    B 2 5  4 3  1 -1 3 -2
     -1/3*s^(-1)*(5*s-mt^2+t)
    B 2 5  4 3  1 -2 3 -1
     -4/3*s^(-1)*mt^2
    B 2 5  4 2  1 0 3 -2
     -1/3*mt^2+1/3*t
    B 2 5  4 2  1 -1 3 -1
     -4/3*mt^2
    B 2 5  3 2  1 0 2 -2
     1/3*s^(-1)*(mt^2-t)
    B 2 5  3 2  1 -1 2 -1
     4/3*s^(-1)*mt^2
;
  B 2 5  5 4  1 0 4 -4
   1
    B 2 5  5 4  2 0 3 -4
     1/3
    B 2 5  5 3  1 0 4 -3
     s
    B 2 5  4 3  1 0 3 -3
     -4/3
    B 2 5  4 2  1 0 3 -2
     -2*mt^2
;
  B 2 5  5 4  1 0 4 -4
   1
    B 2 5  5 4  1 -1 4 -3
     -1
    B 2 5  4 3  1 0 3 -3
     -s^(-1)*(mt^2-t)
    B 2 5  4 3  1 -1 3 -2
     2*s^(-1)*mt^2
;
  B 2 5  5 4  1 0 4 -4
   1
    B 2 5  5 4  1 -1 4 -3
     1
    B 2 5  5 3  1 0 4 -3
     s
    B 2 5  4 3  1 0 3 -3
     -s^(-1)*(2*s-mt^2+t)
    B 2 5  4 3  1 -1 3 -2
     -2*s^(-1)*mt^2
    B 2 5  4 2  1 0 3 -2
     -2*mt^2
    B 2 5  3 2  1 0 2 -2
     2*s^(-1)*mt^2
;
