  B 2 3  2 1  1 1 -1 0
   1
    B 2 3  2 0  1 1 0 0
     -1/2*s
;
  B 2 3  2 1  1 1 0 -1
   1
    B 2 3  2 0  1 1 0 0
     mt^2-1/2*t
;
  B 2 3  2 2  1 1 -2 0
   1
    B 2 3  2 0  1 1 0 0
     1/4*(-1+d)^(-1)*(4*mt^2*s-d*s^2)
;
  B 2 3  2 2  1 1 -1 -1
   1
    B 2 3  2 0  1 1 0 0
     1/4*(2*mt^2*d*s-d*t*s+2*t*s-2*mt^2*s)*(-1+d)^(-1)
;
  B 2 3  2 2  1 1 0 -2
   1
    B 2 3  2 0  1 1 0 0
     -1/4*(-1+d)^(-1)*(4*mt^4*d-4*mt^2*d*t+d*t^2-4*mt^4)
;
  B 2 3  2 3  1 1 -3 0
   1
    B 2 3  2 0  1 1 0 0
     -1/8*(2*s^3+d*s^3-12*mt^2*s^2)*(-1+d)^(-1)
;
  B 2 3  2 3  1 1 -2 -1
   1
    B 2 3  2 0  1 1 0 0
     -1/8*(8*mt^4*s-2*mt^2*d*s^2-4*mt^2*t*s-2*t*s^2+d*t*s^2)*(-1+d)^(-1)
;
  B 2 3  2 3  1 1 -1 -2
   1
    B 2 3  2 0  1 1 0 0
     1/8*(-1+d)^(-1)*(4*mt^4*s+4*mt^2*d*t*s+2*t^2*s-4*mt^4*d*s-4*mt^2*t*s-d*t^2*s)
;
  B 2 3  2 3  1 1 0 -3
   1
    B 2 3  2 0  1 1 0 0
     -1/8*(-1+d)^(-1)*(12*mt^4*t-8*mt^6*d-6*mt^2*d*t^2+12*mt^4*d*t+2*t^3+d*t^3+8*mt^6-12*mt^2*t^2)
;
  B 2 3  3 0  2 1 0 0
   1
    B 2 3  2 0  1 1 0 0
     mt^(-2)*(-3+d)
;
  B 2 3  3 0  1 2 0 0
   1
    B 2 3  2 0  1 1 0 0
     mt^(-2)*(-3+d)
;
  B 2 3  3 1  2 1 -1 0
   1
    B 2 3  2 0  1 1 0 0
     -1/2*mt^(-2)*(2*mt^2+2*s-d*s)
;
  B 2 3  3 1  2 1 0 -1
   1
    B 2 3  2 0  1 1 0 0
     1/2*mt^(-2)*(6*mt^2-4*t-2*mt^2*d+d*t)
;
  B 2 3  3 1  1 2 -1 0
   1
    B 2 3  2 0  1 1 0 0
     -1/2*mt^(-2)*(4*s-d*s)
;
  B 2 3  3 1  1 2 0 -1
   1
    B 2 3  2 0  1 1 0 0
     1/2*mt^(-2)*(4*mt^2-2*t-2*mt^2*d+d*t)
;
  B 2 3  3 2  2 1 -2 0
   1
    B 2 3  2 0  1 1 0 0
     -1/4*mt^(-2)*(8*mt^2*s-d*s^2)
;
  B 2 3  3 2  2 1 -1 -1
   1
    B 2 3  2 0  1 1 0 0
     -1/4*mt^(-2)*(2*mt^2*d*s+2*mt^2*t-d*t*s+4*t*s-4*mt^2*s-4*mt^4)
;
  B 2 3  3 2  2 1 0 -2
   1
    B 2 3  2 0  1 1 0 0
     1/4*mt^(-2)*(4*mt^4*d-4*mt^2*d*t-4*t^2+d*t^2+12*mt^2*t-12*mt^4)
;
  B 2 3  3 2  1 2 -2 0
   1
    B 2 3  2 0  1 1 0 0
     -1/4*mt^(-2)*(4*s^2+4*mt^2*s-d*s^2)
;
  B 2 3  3 2  1 2 -1 -1
   1
    B 2 3  2 0  1 1 0 0
     -1/4*mt^(-2)*(2*mt^2*d*s-d*t*s+4*t*s-6*mt^2*s)
;
  B 2 3  3 2  1 2 0 -2
   1
    B 2 3  2 0  1 1 0 0
     1/4*mt^(-2)*(4*mt^4*d-4*mt^2*d*t+d*t^2-4*mt^4)
;
  B 2 3  3 3  2 1 -3 0
   1
    B 2 3  2 0  1 1 0 0
     1/8*mt^(-2)*(-1+d)^(-1)*(24*mt^4*s-18*mt^2*d*s^2+d^2*s^3+2*d*s^3)
;
  B 2 3  3 3  2 1 -2 -1
   1
    B 2 3  2 0  1 1 0 0
     -1/8*mt^(-2)*(16*mt^4*s-d^2*t*s^2+8*mt^2*d*t*s-16*mt^4*d*s-2*mt^2*d*s^2-16*mt^2*t*s+2*mt^2*d^2*s^2+4*d*t*s^2)*(-1+d)^(-1)
;
  B 2 3  3 3  2 1 -1 -2
   1
    B 2 3  2 0  1 1 0 0
     1/8*mt^(-2)*(-1+d)^(-1)*(8*mt^4*s+16*mt^2*d*t*s+8*t^2*s-12*mt^4*d*s-8*mt^6*d-2*mt^2*d*t^2+8*mt^4*d*t-16*mt^2*t*s-6*d*t^2*s+d^2*t^2*s+4*mt^4*d^2*s+8*mt^6-4*mt^2*d^2*t*s)
;
  B 2 3  3 3  2 1 0 -3
   1
    B 2 3  2 0  1 1 0 0
     -1/8*mt^(-2)*(8*mt^6*d^2-24*mt^4*t-d^2*t^3-32*mt^6*d-18*mt^2*d*t^2+36*mt^4*d*t-12*mt^4*d^2*t+4*d*t^3+6*mt^2*d^2*t^2+24*mt^6)*(-1+d)^(-1)
;
  B 2 3  3 3  1 2 -3 0
   1
    B 2 3  2 0  1 1 0 0
     -1/8*mt^(-2)*(12*mt^2*d*s^2-d^2*s^3+4*d*s^3-24*mt^2*s^2)*(-1+d)^(-1)
;
  B 2 3  3 3  1 2 -2 -1
   1
    B 2 3  2 0  1 1 0 0
     1/8*mt^(-2)*(d^2*t*s^2-4*mt^2*d*t*s+8*mt^4*d*s+8*mt^2*d*s^2-2*mt^2*d^2*s^2-8*mt^2*s^2+8*t*s^2-6*d*t*s^2)*(-1+d)^(-1)
;
  B 2 3  3 3  1 2 -1 -2
   1
    B 2 3  2 0  1 1 0 0
     1/8*mt^(-2)*(8*mt^4*s+12*mt^2*d*t*s-12*mt^4*d*s-4*d*t^2*s+d^2*t^2*s+4*mt^4*d^2*s-4*mt^2*d^2*t*s)*(-1+d)^(-1)
;
  B 2 3  3 3  1 2 0 -3
   1
    B 2 3  2 0  1 1 0 0
     -1/8*mt^(-2)*(8*mt^6*d^2-d^2*t^3-8*mt^6*d+12*mt^2*d*t^2-12*mt^4*d*t-12*mt^4*d^2*t-2*d*t^3+6*mt^2*d^2*t^2)*(-1+d)^(-1)
;
  B 2 3  3 4  2 1 -4 0
   1
    B 2 3  2 0  1 1 0 0
     -1/16*mt^(-2)*(32*mt^2*d*s^3-144*mt^4*s^2-6*d*s^4-d^2*s^4-8*s^4+64*mt^2*s^3)*(-1+d)^(-1)
;
  B 2 3  3 4  2 1 -3 -1
   1
    B 2 3  2 0  1 1 0 0
     1/16*(36*mt^2*t*s^2+d^2*t*s^3+36*mt^4*d*s^2+24*mt^4*t*s-4*mt^2*d*s^3-18*mt^2*d*t*s^2-48*mt^6*s-2*mt^2*d^2*s^3-2*d*t*s^3-8*t*s^3)*mt^(-2)*(-1+d)^(-1)
;
  B 2 3  3 4  2 1 -2 -2
   1
    B 2 3  2 0  1 1 0 0
     -1/16*mt^(-2)*(-1+d)^(-1)*(8*mt^2*t*s^2+6*d*t^2*s^2+4*mt^4*d*s^2-8*t^2*s^2+32*mt^4*t*s-12*mt^2*d*t*s^2-32*mt^6*s+4*mt^2*d^2*t*s^2-16*mt^2*t^2*s-32*mt^4*d*t*s-d^2*t^2*s^2-4*mt^4*d^2*s^2+8*mt^2*d*t^2*s+32*mt^6*d*s)
;
  B 2 3  3 4  2 1 -1 -3
   1
    B 2 3  2 0  1 1 0 0
     -1/16*mt^(-2)*(-1+d)^(-1)*(6*mt^2*d^2*t^2*s-8*t^3*s-12*mt^4*d*t^2+6*d*t^3*s-48*mt^4*t*s+8*mt^6*d^2*s+16*mt^8+16*mt^6*s-24*mt^4*t^2+24*mt^6*t-16*mt^8*d+2*mt^2*d*t^3-12*mt^4*d^2*t*s+24*mt^2*t^2*s+36*mt^4*d*t*s+4*mt^2*t^3-24*mt^2*d*t^2*s-24*mt^6*d*s+24*mt^6*d*t-d^2*t^3*s)
;
  B 2 3  3 4  2 1 0 -4
   1
    B 2 3  2 0  1 1 0 0
     1/16*mt^(-2)*(16*mt^8*d^2-32*mt^6*d^2*t-24*mt^4*d*t^2+48*mt^8-2*d*t^4-48*mt^4*t^2-32*mt^6*t-64*mt^8*d+8*mt^2*d*t^3-8*t^4-8*mt^2*d^2*t^3+d^2*t^4+48*mt^2*t^3+64*mt^6*d*t+24*mt^4*d^2*t^2)*(-1+d)^(-1)
;
  B 2 3  3 4  1 2 -4 0
   1
    B 2 3  2 0  1 1 0 0
     -1/16*mt^(-2)*(-1+d)^(-1)*(24*mt^2*d*s^3-48*mt^4*s^2+2*d*s^4-d^2*s^4+8*s^4-48*mt^2*s^3)
;
  B 2 3  3 4  1 2 -3 -1
   1
    B 2 3  2 0  1 1 0 0
     1/16*mt^(-2)*(24*mt^2*t*s^2+d^2*t*s^3+24*mt^4*d*s^2+6*mt^2*d*s^3-12*mt^2*d*t*s^2-24*mt^4*s^2-2*mt^2*d^2*s^3-6*d*t*s^3-4*mt^2*s^3+8*t*s^3)*(-1+d)^(-1)
;
  B 2 3  3 4  1 2 -2 -2
   1
    B 2 3  2 0  1 1 0 0
     -1/16*mt^(-2)*(-1+d)^(-1)*(16*mt^2*t*s^2+6*d*t^2*s^2+12*mt^4*d*s^2-8*t^2*s^2-32*mt^4*t*s-16*mt^2*d*t*s^2+16*mt^6*s-16*mt^4*s^2+4*mt^2*d^2*t*s^2+8*mt^2*t^2*s-16*mt^4*d*t*s-d^2*t^2*s^2-4*mt^4*d^2*s^2+4*mt^2*d*t^2*s+16*mt^6*d*s)
;
  B 2 3  3 4  1 2 -1 -3
   1
    B 2 3  2 0  1 1 0 0
     -1/16*mt^(-2)*(6*mt^2*d^2*t^2*s+8*t^3*s+2*d*t^3*s+24*mt^4*t*s+8*mt^6*d^2*s+8*mt^6*s-12*mt^4*d^2*t*s-36*mt^2*t^2*s+12*mt^4*d*t*s-6*mt^2*d*t^2*s-16*mt^6*d*s-d^2*t^3*s)*(-1+d)^(-1)
;
  B 2 3  3 4  1 2 0 -4
   1
    B 2 3  2 0  1 1 0 0
     1/16*mt^(-2)*(16*mt^8*d^2-32*mt^6*d^2*t+120*mt^4*d*t^2-16*mt^8+6*d*t^4+144*mt^4*t^2-64*mt^6*t-48*mt^2*d*t^3+8*t^4-8*mt^2*d^2*t^3+d^2*t^4-64*mt^2*t^3-96*mt^6*d*t+24*mt^4*d^2*t^2)*(-1+d)^(-1)
;
  B 2 3  4 0  3 1 0 0
   1
    B 2 3  2 0  1 1 0 0
     1/2*mt^(-4)*(-12+7*d-d^2)
;
  B 2 3  4 0  2 2 0 0
   1
    B 2 3  2 0  1 1 0 0
     mt^(-4)*(-18+9*d-d^2)
;
  B 2 3  4 0  1 3 0 0
   1
    B 2 3  2 0  1 1 0 0
     -1/2*mt^(-4)*(-3+d)*(-4+d)
;
  B 2 3  4 1  3 1 -1 0
   1
    B 2 3  2 0  1 1 0 0
     -1/4*mt^(-4)*(d^2*s+12*mt^2+6*s-4*mt^2*d-5*d*s)
;
  B 2 3  4 1  3 1 0 -1
   1
    B 2 3  2 0  1 1 0 0
     -1/4*mt^(-4)*(d^2*t-24*mt^2+18*t+14*mt^2*d-2*mt^2*d^2-9*d*t)
;
  B 2 3  4 1  2 2 -1 0
   1
    B 2 3  2 0  1 1 0 0
     -1/2*mt^(-4)*(d^2*s+6*mt^2+18*s-2*mt^2*d-9*d*s)
;
  B 2 3  4 1  2 2 0 -1
   1
    B 2 3  2 0  1 1 0 0
     -1/2*mt^(-4)*(d^2*t-30*mt^2+18*t+16*mt^2*d-2*mt^2*d^2-9*d*t)
;
  B 2 3  4 1  1 3 -1 0
   1
    B 2 3  2 0  1 1 0 0
     -1/4*mt^(-4)*(d^2*s+18*s-9*d*s)
;
  B 2 3  4 1  1 3 0 -1
   1
    B 2 3  2 0  1 1 0 0
     -1/4*mt^(-4)*(d^2*t-12*mt^2+6*t+10*mt^2*d-2*mt^2*d^2-5*d*t)
;
  B 2 3  4 2  3 1 -2 0
   1
    B 2 3  2 0  1 1 0 0
     1/8*mt^(-4)*(12*mt^2*d*s-d^2*s^2-24*mt^2*s+2*d*s^2-8*mt^4)
;
  B 2 3  4 2  3 1 -1 -1
   1
    B 2 3  2 0  1 1 0 0
     -1/8*mt^(-4)*(10*mt^2*d*s+8*mt^4*d-4*mt^2*d*t+d^2*t*s+16*mt^2*t-8*d*t*s+12*t*s-12*mt^2*s-2*mt^2*d^2*s-24*mt^4)
;
  B 2 3  4 2  3 1 0 -2
   1
    B 2 3  2 0  1 1 0 0
     1/8*mt^(-4)*(28*mt^4*d-32*mt^2*d*t-24*t^2-4*mt^4*d^2-d^2*t^2+10*d*t^2+64*mt^2*t+4*mt^2*d^2*t-48*mt^4)
;
  B 2 3  4 2  2 2 -2 0
   1
    B 2 3  2 0  1 1 0 0
     1/4*mt^(-4)*(8*mt^2*d*s-d^2*s^2-12*s^2-32*mt^2*s+8*d*s^2)
;
  B 2 3  4 2  2 2 -1 -1
   1
    B 2 3  2 0  1 1 0 0
     -1/4*mt^(-4)*(16*mt^2*d*s+4*mt^4*d-2*mt^2*d*t+d^2*t*s+4*mt^2*t-10*d*t*s+24*t*s-32*mt^2*s-2*mt^2*d^2*s-8*mt^4)
;
  B 2 3  4 2  2 2 0 -2
   1
    B 2 3  2 0  1 1 0 0
     1/4*(28*mt^4*d-28*mt^2*d*t-12*t^2-4*mt^4*d^2-d^2*t^2+8*d*t^2+40*mt^2*t+4*mt^2*d^2*t-48*mt^4)*mt^(-4)
;
  B 2 3  4 2  1 3 -2 0
   1
    B 2 3  2 0  1 1 0 0
     1/8*mt^(-4)*(4*mt^2*d*s-d^2*s^2-24*s^2-8*mt^2*s+10*d*s^2)
;
  B 2 3  4 2  1 3 -1 -1
   1
    B 2 3  2 0  1 1 0 0
     -1/8*mt^(-4)*(14*mt^2*d*s+d^2*t*s-8*d*t*s+12*t*s-20*mt^2*s-2*mt^2*d^2*s)
;
  B 2 3  4 2  1 3 0 -2
   1
    B 2 3  2 0  1 1 0 0
     -1/8*mt^(-4)*(-2+d)*(4*mt^4*d-4*mt^2*d*t+d*t^2-4*mt^4)
;
  B 2 3  4 3  3 1 -3 0
   1
    B 2 3  2 0  1 1 0 0
     -1/16*mt^(-4)*(72*mt^4*s-24*mt^2*d*s^2+d^2*s^3+2*d*s^3)
;
  B 2 3  4 3  3 1 -2 -1
   1
    B 2 3  2 0  1 1 0 0
     1/16*mt^(-4)*(48*mt^4*s-d^2*t*s^2-8*mt^4*t+12*mt^2*d*t*s-24*mt^4*d*s-4*mt^2*d*s^2-48*mt^2*t*s+2*mt^2*d^2*s^2+16*mt^6+6*d*t*s^2)
;
  B 2 3  4 3  3 1 -1 -2
   1
    B 2 3  2 0  1 1 0 0
     -1/16*mt^(-4)*(24*mt^4*s-48*mt^4*t+28*mt^2*d*t*s+24*t^2*s-20*mt^4*d*s-16*mt^6*d-4*mt^2*d*t^2+16*mt^4*d*t-48*mt^2*t*s-10*d*t^2*s+d^2*t^2*s+4*mt^4*d^2*s+48*mt^6-4*mt^2*d^2*t*s+16*mt^2*t^2)
;
  B 2 3  4 3  3 1 0 -3
   1
    B 2 3  2 0  1 1 0 0
     1/16*mt^(-4)*(8*mt^6*d^2-168*mt^4*t-d^2*t^3-56*mt^6*d-48*mt^2*d*t^2+84*mt^4*d*t-24*t^3-12*mt^4*d^2*t+10*d*t^3+6*mt^2*d^2*t^2+96*mt^6+96*mt^2*t^2)
;
  B 2 3  4 3  2 2 -3 0
   1
    B 2 3  2 0  1 1 0 0
     -1/8*mt^(-4)*(24*mt^4*s-18*mt^2*d*s^2+d^2*s^3-6*d*s^3+72*mt^2*s^2)
;
  B 2 3  4 3  2 2 -2 -1
   1
    B 2 3  2 0  1 1 0 0
     1/8*mt^(-4)*(48*mt^4*s-d^2*t*s^2+8*mt^2*d*t*s-16*mt^4*d*s-14*mt^2*d*s^2-32*mt^2*t*s+2*mt^2*d^2*s^2+24*mt^2*s^2-24*t*s^2+10*d*t*s^2)
;
  B 2 3  4 3  2 2 -1 -2
   1
    B 2 3  2 0  1 1 0 0
     -1/8*mt^(-4)*(56*mt^4*s+32*mt^2*d*t*s+24*t^2*s-28*mt^4*d*s-8*mt^6*d-2*mt^2*d*t^2+8*mt^4*d*t-64*mt^2*t*s-10*d*t^2*s+d^2*t^2*s+4*mt^4*d^2*s+8*mt^6-4*mt^2*d^2*t*s)
;
  B 2 3  4 3  2 2 0 -3
   1
    B 2 3  2 0  1 1 0 0
     1/8*mt^(-4)*(8*mt^6*d^2-48*mt^4*t-d^2*t^3-48*mt^6*d-30*mt^2*d*t^2+60*mt^4*d*t-12*mt^4*d^2*t+6*d*t^3+6*mt^2*d^2*t^2+72*mt^6)
;
  B 2 3  4 3  1 3 -3 0
   1
    B 2 3  2 0  1 1 0 0
     -1/16*mt^(-4)*(24*s^3-12*mt^2*d*s^2+d^2*s^3-10*d*s^3+48*mt^2*s^2)
;
  B 2 3  4 3  1 3 -2 -1
   1
    B 2 3  2 0  1 1 0 0
     -1/16*mt^(-4)*(d^2*t*s^2-4*mt^2*d*t*s+8*mt^4*d*s+16*mt^2*d*s^2-2*mt^2*d^2*s^2-32*mt^2*s^2+24*t*s^2-10*d*t*s^2)
;
  B 2 3  4 3  1 3 -1 -2
   1
    B 2 3  2 0  1 1 0 0
     -1/16*mt^(-4)*(16*mt^4*s+20*mt^2*d*t*s-20*mt^4*d*s-6*d*t^2*s+d^2*t^2*s+4*mt^4*d^2*s-4*mt^2*d^2*t*s)
;
  B 2 3  4 3  1 3 0 -3
   1
    B 2 3  2 0  1 1 0 0
     1/16*mt^(-4)*(8*mt^6*d^2-d^2*t^3-8*mt^6*d+12*mt^2*d*t^2-12*mt^4*d*t-12*mt^4*d^2*t-2*d*t^3+6*mt^2*d^2*t^2)
;
  B 2 3  4 4  2 2 -4 0
   1
    B 2 3  4 3  2 2 -3 0
     -1/2*s
    B 2 3  3 3  1 2 -3 0
     -1/2*(2*mt^2-s)*mt^(-2)
    B 2 3  3 3  2 1 -3 0
     -2*mt^(-2)*s
    B 2 3  3 2  2 1 -2 0
     3/2*mt^(-2)*(s^2-2*mt^2*s)
    B 2 3  2 2  1 1 -2 0
     -3/2*mt^(-2)*s
;
  B 2 3  4 4  2 2 -4 0
   1
    B 2 3  4 4  3 1 -4 0
     2
    B 2 3  4 3  2 2 -3 0
     -mt^2
    B 2 3  4 3  3 1 -3 0
     2*mt^2-2*s
    B 2 3  3 3  2 1 -3 0
     -4
    B 2 3  3 2  2 1 -2 0
     -3*mt^2
;
  B 2 3  4 4  2 2 -3 -1
   1
    B 2 3  4 3  2 2 -3 0
     mt^2-1/2*t
    B 2 3  3 3  1 2 -3 0
     -1/2*mt^(-2)*t
    B 2 3  3 3  2 1 -2 -1
     -3/2*mt^(-2)*s
    B 2 3  3 3  2 1 -3 0
     -1/2*mt^(-2)*(2*mt^2-t)
    B 2 3  3 2  2 1 -2 0
     -3/2*s
;
  B 2 3  4 4  2 2 -3 -1
   1
    B 2 3  4 3  2 2 -2 -1
     -1/2*s
    B 2 3  3 3  1 2 -2 -1
     -1/2*(2*mt^2-s)*mt^(-2)
    B 2 3  3 3  2 1 -2 -1
     -3/2*mt^(-2)*s
    B 2 3  3 3  2 1 -3 0
     -1/2*mt^(-2)*(2*mt^2-t)
    B 2 3  3 2  2 1 -1 -1
     mt^(-2)*(s^2-2*mt^2*s)
    B 2 3  3 2  2 1 -2 0
     -1/2*mt^(-2)*(t*s-mt^2*s)
    B 2 3  2 2  1 1 -1 -1
     -mt^(-2)*s
    B 2 3  2 2  1 1 -2 0
     1/2*mt^(-2)*(2*mt^2-t-s)
;
  B 2 3  4 4  2 2 -3 -1
   1
    B 2 3  4 4  3 1 -3 -1
     2
    B 2 3  4 3  2 2 -3 0
     2*mt^2-t
    B 2 3  3 3  1 2 -3 0
     -1
    B 2 3  3 3  2 1 -2 -1
     -3
    B 2 3  3 3  2 1 -3 0
     -2
    B 2 3  3 2  2 1 -2 0
     -3*s
    B 2 3  2 2  1 1 -2 0
     3
;
  B 2 3  4 4  2 2 -3 -1
   1
    B 2 3  4 4  3 1 -3 -1
     2
    B 2 3  4 3  2 2 -2 -1
     -mt^2
    B 2 3  4 3  3 1 -2 -1
     2*mt^2-2*s
    B 2 3  3 3  2 1 -2 -1
     -3
    B 2 3  3 3  2 1 -3 0
     -1
    B 2 3  3 2  2 1 -1 -1
     -2*mt^2
    B 2 3  3 2  2 1 -2 0
     mt^2-t
;
  B 2 3  4 4  2 2 -3 -1
   1
    B 2 3  4 4  2 2 -4 0
     (2*mt^2-s)^(-1)*(2*mt^2-t)
    B 2 3  4 3  2 2 -3 0
     -(2*mt^2-s)^(-1)*(mt^2*t-t*s+2*mt^2*s-2*mt^4)
    B 2 3  3 3  1 2 -3 0
     -1
    B 2 3  3 3  2 1 -2 -1
     3*(2*mt^2-s)^(-1)*s
    B 2 3  3 3  2 1 -3 0
     -(2*mt^2-s)^(-1)*(2*mt^2-t+3*s)
    B 2 3  3 2  2 1 -2 0
     3*(2*mt^2-s)^(-1)*(s^2-mt^2*s)
    B 2 3  2 2  1 1 -2 0
     -3*(2*mt^2-s)^(-1)*s
;
  B 2 3  4 4  2 2 -2 -2
   1
    B 2 3  4 3  2 2 -2 -1
     mt^2-1/2*t
    B 2 3  3 3  1 2 -2 -1
     -1/2*mt^(-2)*t
    B 2 3  3 3  2 1 -1 -2
     -mt^(-2)*s
    B 2 3  3 3  2 1 -2 -1
     -mt^(-2)*(2*mt^2-t)
    B 2 3  3 2  2 1 -1 -1
     -s
    B 2 3  3 2  2 1 -2 0
     -mt^2
    B 2 3  2 2  1 1 -2 0
     -1/2*mt^(-2)*t
;
  B 2 3  4 4  2 2 -2 -2
   1
    B 2 3  4 3  2 2 -1 -2
     -1/2*s
    B 2 3  3 3  1 2 -1 -2
     -1/2*(2*mt^2-s)*mt^(-2)
    B 2 3  3 3  2 1 -1 -2
     -mt^(-2)*s
    B 2 3  3 3  2 1 -2 -1
     -mt^(-2)*(2*mt^2-t)
    B 2 3  3 2  2 1 0 -2
     1/2*mt^(-2)*(s^2-2*mt^2*s)
    B 2 3  3 2  2 1 -1 -1
     -mt^(-2)*(t*s-mt^2*s)
    B 2 3  2 2  1 1 0 -2
     -1/2*mt^(-2)*s
    B 2 3  2 2  1 1 -1 -1
     mt^(-2)*(2*mt^2-t-s)
;
  B 2 3  4 4  2 2 -2 -2
   1
    B 2 3  4 4  3 1 -2 -2
     2
    B 2 3  4 3  2 2 -2 -1
     2*mt^2-t
    B 2 3  3 3  1 2 -2 -1
     -1
    B 2 3  3 3  2 1 -1 -2
     -2
    B 2 3  3 3  2 1 -2 -1
     -3
    B 2 3  3 2  2 1 -1 -1
     -2*s
    B 2 3  3 2  2 1 -2 0
     -2*mt^2
    B 2 3  2 2  1 1 -1 -1
     2
    B 2 3  2 2  1 1 -2 0
     1
;
  B 2 3  4 4  2 2 -2 -2
   1
    B 2 3  4 4  3 1 -2 -2
     2
    B 2 3  4 3  2 2 -1 -2
     -mt^2
    B 2 3  4 3  3 1 -1 -2
     2*mt^2-2*s
    B 2 3  3 3  2 1 -1 -2
     -2
    B 2 3  3 3  2 1 -2 -1
     -2
    B 2 3  3 2  2 1 0 -2
     -mt^2
    B 2 3  3 2  2 1 -1 -1
     2*mt^2-2*t
;
  B 2 3  4 4  2 2 -2 -2
   1
    B 2 3  4 4  2 2 -3 -1
     (2*mt^2-s)^(-1)*(2*mt^2-t)
    B 2 3  4 3  2 2 -2 -1
     -(2*mt^2-s)^(-1)*(mt^2*t-t*s+2*mt^2*s-2*mt^4)
    B 2 3  3 3  1 2 -2 -1
     -1
    B 2 3  3 3  2 1 -1 -2
     2*(2*mt^2-s)^(-1)*s
    B 2 3  3 3  2 1 -2 -1
     -(2*mt^2-s)^(-1)*(4*mt^2-2*t+s)
    B 2 3  3 3  2 1 -3 0
     -2*(2*mt^2-s)^(-1)*mt^2
    B 2 3  3 2  2 1 -1 -1
     2*(2*mt^2-s)^(-1)*(s^2-mt^2*s)
    B 2 3  3 2  2 1 -2 0
     2*(2*mt^2-s)^(-1)*(mt^2*s-mt^4)
    B 2 3  2 2  1 1 -1 -1
     -2*(2*mt^2-s)^(-1)*s
    B 2 3  2 2  1 1 -2 0
     (2*mt^2-s)^(-1)*(2*mt^2-t-s)
;
  B 2 3  4 4  2 2 -1 -3
   1
    B 2 3  4 3  2 2 -1 -2
     mt^2-1/2*t
    B 2 3  3 3  1 2 -1 -2
     -1/2*mt^(-2)*t
    B 2 3  3 3  2 1 0 -3
     -1/2*mt^(-2)*s
    B 2 3  3 3  2 1 -1 -2
     -3/2*mt^(-2)*(2*mt^2-t)
    B 2 3  3 2  2 1 0 -2
     -1/2*s
    B 2 3  3 2  2 1 -1 -1
     -2*mt^2
    B 2 3  2 2  1 1 -1 -1
     -mt^(-2)*t
;
  B 2 3  4 4  2 2 -1 -3
   1
    B 2 3  4 3  2 2 0 -3
     -1/2*s
    B 2 3  3 3  1 2 0 -3
     -1/2*(2*mt^2-s)*mt^(-2)
    B 2 3  3 3  2 1 0 -3
     -1/2*mt^(-2)*s
    B 2 3  3 3  2 1 -1 -2
     -3/2*mt^(-2)*(2*mt^2-t)
    B 2 3  3 2  2 1 0 -2
     -3/2*mt^(-2)*(t*s-mt^2*s)
    B 2 3  2 2  1 1 0 -2
     3/2*mt^(-2)*(2*mt^2-t-s)
;
  B 2 3  4 4  2 2 -1 -3
   1
    B 2 3  4 4  3 1 -1 -3
     2
    B 2 3  4 3  2 2 -1 -2
     2*mt^2-t
    B 2 3  3 3  1 2 -1 -2
     -1
    B 2 3  3 3  2 1 0 -3
     -1
    B 2 3  3 3  2 1 -1 -2
     -4
    B 2 3  3 2  2 1 0 -2
     -s
    B 2 3  3 2  2 1 -1 -1
     -4*mt^2
    B 2 3  2 2  1 1 0 -2
     1
    B 2 3  2 2  1 1 -1 -1
     2
;
  B 2 3  4 4  2 2 -1 -3
   1
    B 2 3  4 4  3 1 -1 -3
     2
    B 2 3  4 3  2 2 0 -3
     -mt^2
    B 2 3  4 3  3 1 0 -3
     2*mt^2-2*s
    B 2 3  3 3  2 1 0 -3
     -1
    B 2 3  3 3  2 1 -1 -2
     -3
    B 2 3  3 2  2 1 0 -2
     3*mt^2-3*t
;
  B 2 3  4 4  2 2 -1 -3
   1
    B 2 3  4 4  2 2 -2 -2
     (2*mt^2-s)^(-1)*(2*mt^2-t)
    B 2 3  4 3  2 2 -1 -2
     -(2*mt^2-s)^(-1)*(mt^2*t-t*s+2*mt^2*s-2*mt^4)
    B 2 3  3 3  1 2 -1 -2
     -1
    B 2 3  3 3  2 1 0 -3
     (2*mt^2-s)^(-1)*s
    B 2 3  3 3  2 1 -1 -2
     -(2*mt^2-s)^(-1)*(6*mt^2-3*t-s)
    B 2 3  3 3  2 1 -2 -1
     -4*(2*mt^2-s)^(-1)*mt^2
    B 2 3  3 2  2 1 0 -2
     (2*mt^2-s)^(-1)*(s^2-mt^2*s)
    B 2 3  3 2  2 1 -1 -1
     4*(2*mt^2-s)^(-1)*(mt^2*s-mt^4)
    B 2 3  2 2  1 1 0 -2
     -(2*mt^2-s)^(-1)*s
    B 2 3  2 2  1 1 -1 -1
     2*(2*mt^2-s)^(-1)*(2*mt^2-t-s)
;
  B 2 3  4 4  2 2 0 -4
   1
    B 2 3  4 3  2 2 0 -3
     mt^2-1/2*t
    B 2 3  3 3  1 2 0 -3
     -1/2*mt^(-2)*t
    B 2 3  3 3  2 1 0 -3
     -2*mt^(-2)*(2*mt^2-t)
    B 2 3  3 2  2 1 0 -2
     -3*mt^2
    B 2 3  2 2  1 1 0 -2
     -3/2*mt^(-2)*t
;
  B 2 3  4 4  2 2 0 -4
   1
    B 2 3  4 4  3 1 0 -4
     2
    B 2 3  4 3  2 2 0 -3
     2*mt^2-t
    B 2 3  3 3  1 2 0 -3
     -1
    B 2 3  3 3  2 1 0 -3
     -5
    B 2 3  3 2  2 1 0 -2
     -6*mt^2
    B 2 3  2 2  1 1 0 -2
     3
;
  B 2 3  4 4  2 2 0 -4
   1
    B 2 3  4 4  2 2 -1 -3
     (2*mt^2-s)^(-1)*(2*mt^2-t)
    B 2 3  4 3  2 2 0 -3
     -(2*mt^2-s)^(-1)*(mt^2*t-t*s+2*mt^2*s-2*mt^4)
    B 2 3  3 3  1 2 0 -3
     -1
    B 2 3  3 3  2 1 0 -3
     -(2*mt^2-s)^(-1)*(8*mt^2-4*t-3*s)
    B 2 3  3 3  2 1 -1 -2
     -6*(2*mt^2-s)^(-1)*mt^2
    B 2 3  3 2  2 1 0 -2
     6*(2*mt^2-s)^(-1)*(mt^2*s-mt^4)
    B 2 3  2 2  1 1 0 -2
     3*(2*mt^2-s)^(-1)*(2*mt^2-t-s)
;
  B 2 3  4 4  1 3 -4 0
   1
    B 2 3  4 3  1 3 -3 0
     -1/2*s
    B 2 3  3 3  1 2 -3 0
     -5/4*mt^(-2)*s
    B 2 3  3 2  1 2 -2 0
     3/4*mt^(-2)*(s^2-2*mt^2*s)
    B 2 3  2 2  1 1 -2 0
     3/2*mt^(-2)*s
;
  B 2 3  4 4  1 3 -4 0
   1
    B 2 3  4 4  2 2 -4 0
     1/2
    B 2 3  4 3  1 3 -3 0
     -mt^2
    B 2 3  4 3  2 2 -3 0
     1/2*mt^2-1/2*s
    B 2 3  3 3  1 2 -3 0
     -5/2
    B 2 3  3 3  2 1 -3 0
     -1/2
    B 2 3  3 2  1 2 -2 0
     -3/2*mt^2
    B 2 3  2 2  1 1 -2 0
     3/2
;
  B 2 3  4 4  1 3 -3 -1
   1
    B 2 3  4 3  1 3 -3 0
     mt^2-1/2*t
    B 2 3  3 3  1 2 -2 -1
     -3/4*mt^(-2)*s
    B 2 3  3 3  1 2 -3 0
     -1/2*mt^(-2)*(2*mt^2-t)
    B 2 3  3 2  1 2 -2 0
     -3/4*s
    B 2 3  2 2  1 1 -2 0
     3/4*mt^(-2)*s
;
  B 2 3  4 4  1 3 -3 -1
   1
    B 2 3  4 3  1 3 -2 -1
     -1/2*s
    B 2 3  3 3  1 2 -2 -1
     -mt^(-2)*s
    B 2 3  3 3  1 2 -3 0
     -1/4*mt^(-2)*(2*mt^2-t)
    B 2 3  3 2  1 2 -1 -1
     1/2*mt^(-2)*(s^2-2*mt^2*s)
    B 2 3  3 2  1 2 -2 0
     -1/4*mt^(-2)*(t*s-mt^2*s)
    B 2 3  2 2  1 1 -1 -1
     mt^(-2)*s
    B 2 3  2 2  1 1 -2 0
     1/4*mt^(-2)*s
;
  B 2 3  4 4  1 3 -3 -1
   1
    B 2 3  4 4  2 2 -3 -1
     1/2
    B 2 3  4 3  1 3 -3 0
     2*mt^2-t
    B 2 3  3 3  1 2 -2 -1
     -3/2
    B 2 3  3 3  1 2 -3 0
     -1/2
    B 2 3  3 2  1 2 -2 0
     -3/2*s
;
  B 2 3  4 4  1 3 -3 -1
   1
    B 2 3  4 4  2 2 -3 -1
     1/2
    B 2 3  4 3  1 3 -2 -1
     -mt^2
    B 2 3  4 3  2 2 -2 -1
     1/2*mt^2-1/2*s
    B 2 3  3 3  1 2 -2 -1
     -2
    B 2 3  3 3  1 2 -3 0
     -1/2
    B 2 3  3 3  2 1 -2 -1
     -1/2
    B 2 3  3 2  1 2 -1 -1
     -mt^2
    B 2 3  3 2  1 2 -2 0
     1/2*mt^2-1/2*t
    B 2 3  2 2  1 1 -1 -1
     1
    B 2 3  2 2  1 1 -2 0
     1/2
;
  B 2 3  4 4  1 3 -3 -1
   1
    B 2 3  4 4  1 3 -4 0
     (2*mt^2-s)^(-1)*(2*mt^2-t)
    B 2 3  4 3  1 3 -3 0
     -(2*mt^2-s)^(-1)*(mt^2*t-t*s+2*mt^2*s-2*mt^4)
    B 2 3  3 3  1 2 -2 -1
     3/2*(2*mt^2-s)^(-1)*s
    B 2 3  3 3  1 2 -3 0
     -1/2*(2*mt^2-s)^(-1)*(4*mt^2-2*t+3*s)
    B 2 3  3 2  1 2 -2 0
     3/2*(2*mt^2-s)^(-1)*(s^2-mt^2*s)
    B 2 3  2 2  1 1 -2 0
     3/2*(2*mt^2-s)^(-1)*s
;
  B 2 3  4 4  1 3 -2 -2
   1
    B 2 3  4 3  1 3 -2 -1
     mt^2-1/2*t
    B 2 3  3 3  1 2 -1 -2
     -1/2*mt^(-2)*s
    B 2 3  3 3  1 2 -2 -1
     -3/4*mt^(-2)*(2*mt^2-t)
    B 2 3  3 2  1 2 -1 -1
     -1/2*s
    B 2 3  3 2  1 2 -2 0
     -1/2*mt^2
    B 2 3  2 2  1 1 -1 -1
     1/2*mt^(-2)*s
    B 2 3  2 2  1 1 -2 0
     1/2
;
  B 2 3  4 4  1 3 -2 -2
   1
    B 2 3  4 3  1 3 -1 -2
     -1/2*s
    B 2 3  3 3  1 2 -1 -2
     -3/4*mt^(-2)*s
    B 2 3  3 3  1 2 -2 -1
     -1/2*mt^(-2)*(2*mt^2-t)
    B 2 3  3 2  1 2 0 -2
     1/4*mt^(-2)*(s^2-2*mt^2*s)
    B 2 3  3 2  1 2 -1 -1
     -1/2*mt^(-2)*(t*s-mt^2*s)
    B 2 3  2 2  1 1 0 -2
     1/2*mt^(-2)*s
    B 2 3  2 2  1 1 -1 -1
     1/2*mt^(-2)*s
;
  B 2 3  4 4  1 3 -2 -2
   1
    B 2 3  4 4  2 2 -2 -2
     1/2
    B 2 3  4 3  1 3 -2 -1
     2*mt^2-t
    B 2 3  3 3  1 2 -1 -2
     -1
    B 2 3  3 3  1 2 -2 -1
     -1
    B 2 3  3 2  1 2 -1 -1
     -s
    B 2 3  3 2  1 2 -2 0
     -mt^2
;
  B 2 3  4 4  1 3 -2 -2
   1
    B 2 3  4 4  2 2 -2 -2
     1/2
    B 2 3  4 3  1 3 -1 -2
     -mt^2
    B 2 3  4 3  2 2 -1 -2
     1/2*mt^2-1/2*s
    B 2 3  3 3  1 2 -1 -2
     -3/2
    B 2 3  3 3  1 2 -2 -1
     -1
    B 2 3  3 3  2 1 -1 -2
     -1/2
    B 2 3  3 2  1 2 0 -2
     -1/2*mt^2
    B 2 3  3 2  1 2 -1 -1
     mt^2-t
    B 2 3  2 2  1 1 0 -2
     1/2
    B 2 3  2 2  1 1 -1 -1
     1
;
  B 2 3  4 4  1 3 -2 -2
   1
    B 2 3  4 4  1 3 -3 -1
     (2*mt^2-s)^(-1)*(2*mt^2-t)
    B 2 3  4 3  1 3 -2 -1
     -(2*mt^2-s)^(-1)*(mt^2*t-t*s+2*mt^2*s-2*mt^4)
    B 2 3  3 3  1 2 -1 -2
     (2*mt^2-s)^(-1)*s
    B 2 3  3 3  1 2 -2 -1
     -1/2*(2*mt^2-s)^(-1)*(6*mt^2-3*t+s)
    B 2 3  3 3  1 2 -3 0
     -(2*mt^2-s)^(-1)*mt^2
    B 2 3  3 2  1 2 -1 -1
     (2*mt^2-s)^(-1)*(s^2-mt^2*s)
    B 2 3  3 2  1 2 -2 0
     (2*mt^2-s)^(-1)*(mt^2*s-mt^4)
    B 2 3  2 2  1 1 -1 -1
     (2*mt^2-s)^(-1)*s
    B 2 3  2 2  1 1 -2 0
     (2*mt^2-s)^(-1)*mt^2
;
  B 2 3  4 4  1 3 -1 -3
   1
    B 2 3  4 3  1 3 -1 -2
     mt^2-1/2*t
    B 2 3  3 3  1 2 0 -3
     -1/4*mt^(-2)*s
    B 2 3  3 3  1 2 -1 -2
     -mt^(-2)*(2*mt^2-t)
    B 2 3  3 2  1 2 0 -2
     -1/4*s
    B 2 3  3 2  1 2 -1 -1
     -mt^2
    B 2 3  2 2  1 1 0 -2
     1/4*mt^(-2)*s
    B 2 3  2 2  1 1 -1 -1
     1
;
  B 2 3  4 4  1 3 -1 -3
   1
    B 2 3  4 3  1 3 0 -3
     -1/2*s
    B 2 3  3 3  1 2 0 -3
     -1/2*mt^(-2)*s
    B 2 3  3 3  1 2 -1 -2
     -3/4*mt^(-2)*(2*mt^2-t)
    B 2 3  3 2  1 2 0 -2
     -3/4*mt^(-2)*(t*s-mt^2*s)
    B 2 3  2 2  1 1 0 -2
     3/4*mt^(-2)*s
;
  B 2 3  4 4  1 3 -1 -3
   1
    B 2 3  4 4  2 2 -1 -3
     1/2
    B 2 3  4 3  1 3 -1 -2
     2*mt^2-t
    B 2 3  3 3  1 2 0 -3
     -1/2
    B 2 3  3 3  1 2 -1 -2
     -3/2
    B 2 3  3 2  1 2 0 -2
     -1/2*s
    B 2 3  3 2  1 2 -1 -1
     -2*mt^2
;
  B 2 3  4 4  1 3 -1 -3
   1
    B 2 3  4 4  2 2 -1 -3
     1/2
    B 2 3  4 3  1 3 0 -3
     -mt^2
    B 2 3  4 3  2 2 0 -3
     1/2*mt^2-1/2*s
    B 2 3  3 3  1 2 0 -3
     -1
    B 2 3  3 3  1 2 -1 -2
     -3/2
    B 2 3  3 3  2 1 0 -3
     -1/2
    B 2 3  3 2  1 2 0 -2
     3/2*mt^2-3/2*t
    B 2 3  2 2  1 1 0 -2
     3/2
;
  B 2 3  4 4  1 3 -1 -3
   1
    B 2 3  4 4  1 3 -2 -2
     (2*mt^2-s)^(-1)*(2*mt^2-t)
    B 2 3  4 3  1 3 -1 -2
     -(2*mt^2-s)^(-1)*(mt^2*t-t*s+2*mt^2*s-2*mt^4)
    B 2 3  3 3  1 2 0 -3
     1/2*(2*mt^2-s)^(-1)*s
    B 2 3  3 3  1 2 -1 -2
     -1/2*(2*mt^2-s)^(-1)*(8*mt^2-4*t-s)
    B 2 3  3 3  1 2 -2 -1
     -2*(2*mt^2-s)^(-1)*mt^2
    B 2 3  3 2  1 2 0 -2
     1/2*(2*mt^2-s)^(-1)*(s^2-mt^2*s)
    B 2 3  3 2  1 2 -1 -1
     2*(2*mt^2-s)^(-1)*(mt^2*s-mt^4)
    B 2 3  2 2  1 1 0 -2
     1/2*(2*mt^2-s)^(-1)*s
    B 2 3  2 2  1 1 -1 -1
     2*(2*mt^2-s)^(-1)*mt^2
;
  B 2 3  4 4  1 3 0 -4
   1
    B 2 3  4 3  1 3 0 -3
     mt^2-1/2*t
    B 2 3  3 3  1 2 0 -3
     -5/4*mt^(-2)*(2*mt^2-t)
    B 2 3  3 2  1 2 0 -2
     -3/2*mt^2
    B 2 3  2 2  1 1 0 -2
     3/2
;
  B 2 3  4 4  1 3 0 -4
   1
    B 2 3  4 4  2 2 0 -4
     1/2
    B 2 3  4 3  1 3 0 -3
     2*mt^2-t
    B 2 3  3 3  1 2 0 -3
     -2
    B 2 3  3 2  1 2 0 -2
     -3*mt^2
;
  B 2 3  4 4  1 3 0 -4
   1
    B 2 3  4 4  1 3 -1 -3
     (2*mt^2-s)^(-1)*(2*mt^2-t)
    B 2 3  4 3  1 3 0 -3
     -(2*mt^2-s)^(-1)*(mt^2*t-t*s+2*mt^2*s-2*mt^4)
    B 2 3  3 3  1 2 0 -3
     -1/2*(2*mt^2-s)^(-1)*(10*mt^2-5*t-3*s)
    B 2 3  3 3  1 2 -1 -2
     -3*(2*mt^2-s)^(-1)*mt^2
    B 2 3  3 2  1 2 0 -2
     3*(2*mt^2-s)^(-1)*(mt^2*s-mt^4)
    B 2 3  2 2  1 1 0 -2
     3*(2*mt^2-s)^(-1)*mt^2
;
  B 2 3  5 0  3 2 0 0
   1
    B 2 3  4 0  2 2 0 0
     -mt^(-2)
    B 2 3  4 0  3 1 0 0
     mt^(-2)*(-7+d)
;
  B 2 3  5 0  3 2 0 0
   1
    B 2 3  5 0  4 1 0 0
     -3
    B 2 3  4 0  2 2 0 0
     -mt^(-2)
    B 2 3  4 0  3 1 0 0
     -2*mt^(-2)
;
  B 2 3  5 0  2 3 0 0
   1
    B 2 3  4 0  1 3 0 0
     -mt^(-2)
    B 2 3  4 0  2 2 0 0
     1/2*mt^(-2)*(-6+d)
;
  B 2 3  5 0  2 3 0 0
   1
    B 2 3  5 0  3 2 0 0
     -1
    B 2 3  4 0  1 3 0 0
     -mt^(-2)
    B 2 3  4 0  3 1 0 0
     mt^(-2)
;
  B 2 3  5 0  1 4 0 0
   1
    B 2 3  4 0  1 3 0 0
     1/3*mt^(-2)*(-5+d)
;
  B 2 3  5 0  1 4 0 0
   1
    B 2 3  5 0  2 3 0 0
     -1/3
    B 2 3  4 0  1 3 0 0
     2/3*mt^(-2)
    B 2 3  4 0  2 2 0 0
     1/3*mt^(-2)
;
  B 2 3  5 1  3 2 -1 0
   1
    B 2 3  4 1  2 2 -1 0
     -mt^(-2)
    B 2 3  4 1  3 1 -1 0
     mt^(-2)*(-6+d)
    B 2 3  4 0  3 1 0 0
     -mt^(-2)*s
    B 2 3  3 0  2 1 0 0
     mt^(-2)
;
  B 2 3  5 1  3 2 -1 0
   1
    B 2 3  5 0  3 2 0 0
     -1/2*s
    B 2 3  4 0  2 2 0 0
     -1/2*(2*mt^2-s)*mt^(-2)
    B 2 3  4 0  3 1 0 0
     -1/2*mt^(-2)*s
;
  B 2 3  5 1  3 2 -1 0
   1
    B 2 3  5 1  4 1 -1 0
     -3
    B 2 3  4 1  2 2 -1 0
     -mt^(-2)
    B 2 3  4 1  3 1 -1 0
     -2*mt^(-2)
    B 2 3  4 0  3 1 0 0
     mt^(-2)*(mt^2-s)
    B 2 3  3 0  2 1 0 0
     mt^(-2)
;
  B 2 3  5 1  3 2 -1 0
   1
    B 2 3  5 1  4 1 -1 0
     3
    B 2 3  5 0  3 2 0 0
     -mt^2
    B 2 3  5 0  4 1 0 0
     3*mt^2-3*s
    B 2 3  4 0  3 1 0 0
     -1
;
  B 2 3  5 1  3 2 0 -1
   1
    B 2 3  4 1  2 2 0 -1
     -mt^(-2)
    B 2 3  4 1  3 1 0 -1
     mt^(-2)*(-6+d)
    B 2 3  3 0  2 1 0 0
     mt^(-2)
;
  B 2 3  5 1  3 2 0 -1
   1
    B 2 3  5 0  3 2 0 0
     mt^2-1/2*t
    B 2 3  4 0  2 2 0 0
     -1/2*mt^(-2)*t
    B 2 3  4 0  3 1 0 0
     -1/2*mt^(-2)*(2*mt^2-t)
;
  B 2 3  5 1  3 2 0 -1
   1
    B 2 3  5 1  4 1 0 -1
     -3
    B 2 3  4 1  2 2 0 -1
     -mt^(-2)
    B 2 3  4 1  3 1 0 -1
     -2*mt^(-2)
    B 2 3  4 0  3 1 0 0
     -mt^(-2)*(mt^2-t)
    B 2 3  3 0  2 1 0 0
     mt^(-2)
;
  B 2 3  5 1  3 2 0 -1
   1
    B 2 3  5 1  4 1 0 -1
     3
    B 2 3  5 0  3 2 0 0
     2*mt^2-t
    B 2 3  4 0  2 2 0 0
     -1
    B 2 3  4 0  3 1 0 0
     -3
;
  B 2 3  5 1  3 2 0 -1
   1
    B 2 3  5 1  3 2 -1 0
     (2*mt^2-s)^(-1)*(2*mt^2-t)
    B 2 3  5 0  3 2 0 0
     -(2*mt^2-s)^(-1)*(mt^2*t-t*s+2*mt^2*s-2*mt^4)
    B 2 3  4 0  2 2 0 0
     -1
    B 2 3  4 0  3 1 0 0
     -(2*mt^2-s)^(-1)*(2*mt^2-t)
;
  B 2 3  5 1  2 3 -1 0
   1
    B 2 3  4 1  1 3 -1 0
     -mt^(-2)
    B 2 3  4 1  2 2 -1 0
     1/2*mt^(-2)*(-5+d)
    B 2 3  4 0  2 2 0 0
     -1/2*mt^(-2)*s
    B 2 3  3 0  1 2 0 0
     1/2*mt^(-2)
;
  B 2 3  5 1  2 3 -1 0
   1
    B 2 3  5 0  2 3 0 0
     -1/2*s
    B 2 3  4 0  1 3 0 0
     -1/2*(2*mt^2-s)*mt^(-2)
    B 2 3  4 0  2 2 0 0
     -1/2*mt^(-2)*s
;
  B 2 3  5 1  2 3 -1 0
   1
    B 2 3  5 1  3 2 -1 0
     -1
    B 2 3  4 1  1 3 -1 0
     -mt^(-2)
    B 2 3  4 1  3 1 -1 0
     mt^(-2)
    B 2 3  4 0  2 2 0 0
     1/2*mt^(-2)*(mt^2-s)
    B 2 3  3 0  1 2 0 0
     1/2*mt^(-2)
    B 2 3  3 0  2 1 0 0
     -1/2*mt^(-2)
;
  B 2 3  5 1  2 3 -1 0
   1
    B 2 3  5 1  3 2 -1 0
     1
    B 2 3  5 0  2 3 0 0
     -mt^2
    B 2 3  5 0  3 2 0 0
     mt^2-s
    B 2 3  4 0  2 2 0 0
     -1
    B 2 3  4 0  3 1 0 0
     -1
;
  B 2 3  5 1  2 3 0 -1
   1
    B 2 3  4 1  1 3 0 -1
     -mt^(-2)
    B 2 3  4 1  2 2 0 -1
     1/2*mt^(-2)*(-5+d)
    B 2 3  3 0  1 2 0 0
     1/2*mt^(-2)
;
  B 2 3  5 1  2 3 0 -1
   1
    B 2 3  5 0  2 3 0 0
     mt^2-1/2*t
    B 2 3  4 0  1 3 0 0
     -1/2*mt^(-2)*t
    B 2 3  4 0  2 2 0 0
     -1/2*mt^(-2)*(2*mt^2-t)
;
  B 2 3  5 1  2 3 0 -1
   1
    B 2 3  5 1  3 2 0 -1
     -1
    B 2 3  4 1  1 3 0 -1
     -mt^(-2)
    B 2 3  4 1  3 1 0 -1
     mt^(-2)
    B 2 3  4 0  2 2 0 0
     -1/2*mt^(-2)*(mt^2-t)
    B 2 3  3 0  1 2 0 0
     1/2*mt^(-2)
    B 2 3  3 0  2 1 0 0
     -1/2*mt^(-2)
;
  B 2 3  5 1  2 3 0 -1
   1
    B 2 3  5 1  3 2 0 -1
     1
    B 2 3  5 0  2 3 0 0
     2*mt^2-t
    B 2 3  4 0  1 3 0 0
     -1
    B 2 3  4 0  2 2 0 0
     -1
;
  B 2 3  5 1  2 3 0 -1
   1
    B 2 3  5 1  2 3 -1 0
     (2*mt^2-s)^(-1)*(2*mt^2-t)
    B 2 3  5 0  2 3 0 0
     -(2*mt^2-s)^(-1)*(mt^2*t-t*s+2*mt^2*s-2*mt^4)
    B 2 3  4 0  1 3 0 0
     -1
    B 2 3  4 0  2 2 0 0
     -(2*mt^2-s)^(-1)*(2*mt^2-t)
;
  B 2 3  5 1  1 4 -1 0
   1
    B 2 3  4 1  1 3 -1 0
     1/3*mt^(-2)*(-4+d)
    B 2 3  4 0  1 3 0 0
     -1/3*mt^(-2)*s
;
  B 2 3  5 1  1 4 -1 0
   1
    B 2 3  5 0  1 4 0 0
     -1/2*s
    B 2 3  4 0  1 3 0 0
     -1/2*mt^(-2)*s
;
  B 2 3  5 1  1 4 -1 0
   1
    B 2 3  5 1  2 3 -1 0
     -1/3
    B 2 3  4 1  1 3 -1 0
     2/3*mt^(-2)
    B 2 3  4 1  2 2 -1 0
     1/3*mt^(-2)
    B 2 3  4 0  1 3 0 0
     1/3*mt^(-2)*(mt^2-s)
    B 2 3  3 0  1 2 0 0
     -1/3*mt^(-2)
;
  B 2 3  5 1  1 4 -1 0
   1
    B 2 3  5 1  2 3 -1 0
     1/3
    B 2 3  5 0  1 4 0 0
     -mt^2
    B 2 3  5 0  2 3 0 0
     1/3*mt^2-1/3*s
    B 2 3  4 0  1 3 0 0
     -1
    B 2 3  4 0  2 2 0 0
     -1/3
;
  B 2 3  5 1  1 4 0 -1
   1
    B 2 3  4 1  1 3 0 -1
     1/3*mt^(-2)*(-4+d)
;
  B 2 3  5 1  1 4 0 -1
   1
    B 2 3  5 0  1 4 0 0
     mt^2-1/2*t
    B 2 3  4 0  1 3 0 0
     -1/2*mt^(-2)*(2*mt^2-t)
;
  B 2 3  5 1  1 4 0 -1
   1
    B 2 3  5 1  2 3 0 -1
     -1/3
    B 2 3  4 1  1 3 0 -1
     2/3*mt^(-2)
    B 2 3  4 1  2 2 0 -1
     1/3*mt^(-2)
    B 2 3  4 0  1 3 0 0
     -1/3*mt^(-2)*(mt^2-t)
    B 2 3  3 0  1 2 0 0
     -1/3*mt^(-2)
;
  B 2 3  5 1  1 4 0 -1
   1
    B 2 3  5 1  2 3 0 -1
     1/3
    B 2 3  5 0  1 4 0 0
     2*mt^2-t
    B 2 3  4 0  1 3 0 0
     -1/3
;
  B 2 3  5 1  1 4 0 -1
   1
    B 2 3  5 1  1 4 -1 0
     (2*mt^2-s)^(-1)*(2*mt^2-t)
    B 2 3  5 0  1 4 0 0
     -(2*mt^2-s)^(-1)*(mt^2*t-t*s+2*mt^2*s-2*mt^4)
    B 2 3  4 0  1 3 0 0
     -(2*mt^2-s)^(-1)*(2*mt^2-t)
;
  B 2 3  5 2  3 2 -2 0
   1
    B 2 3  4 2  2 2 -2 0
     -mt^(-2)
    B 2 3  4 2  3 1 -2 0
     mt^(-2)*(-5+d)
    B 2 3  4 1  3 1 -1 0
     -2*mt^(-2)*s
    B 2 3  3 1  2 1 -1 0
     2*mt^(-2)
;
  B 2 3  5 2  3 2 -2 0
   1
    B 2 3  5 1  3 2 -1 0
     -1/2*s
    B 2 3  4 1  2 2 -1 0
     -1/2*(2*mt^2-s)*mt^(-2)
    B 2 3  4 1  3 1 -1 0
     -mt^(-2)*s
    B 2 3  4 0  3 1 0 0
     1/2*mt^(-2)*(s^2-2*mt^2*s)
    B 2 3  3 0  2 1 0 0
     -1/2*mt^(-2)*s
;
  B 2 3  5 2  3 2 -2 0
   1
    B 2 3  5 2  4 1 -2 0
     -3
    B 2 3  4 2  2 2 -2 0
     -mt^(-2)
    B 2 3  4 2  3 1 -2 0
     -2*mt^(-2)
    B 2 3  4 1  3 1 -1 0
     2*mt^(-2)*(mt^2-s)
    B 2 3  3 1  2 1 -1 0
     2*mt^(-2)
;
  B 2 3  5 2  3 2 -2 0
   1
    B 2 3  5 2  4 1 -2 0
     3
    B 2 3  5 1  3 2 -1 0
     -mt^2
    B 2 3  5 1  4 1 -1 0
     3*mt^2-3*s
    B 2 3  4 1  3 1 -1 0
     -2
    B 2 3  4 0  3 1 0 0
     -mt^2
;
  B 2 3  5 2  3 2 -1 -1
   1
    B 2 3  4 2  2 2 -1 -1
     -mt^(-2)
    B 2 3  4 2  3 1 -1 -1
     mt^(-2)*(-5+d)
    B 2 3  4 1  3 1 0 -1
     -mt^(-2)*s
    B 2 3  3 1  2 1 0 -1
     mt^(-2)
    B 2 3  3 1  2 1 -1 0
     mt^(-2)
;
  B 2 3  5 2  3 2 -1 -1
   1
    B 2 3  5 1  3 2 -1 0
     mt^2-1/2*t
    B 2 3  4 1  2 2 -1 0
     -1/2*mt^(-2)*t
    B 2 3  4 1  3 1 0 -1
     -1/2*mt^(-2)*s
    B 2 3  4 1  3 1 -1 0
     -1/2*mt^(-2)*(2*mt^2-t)
    B 2 3  4 0  3 1 0 0
     -1/2*s
;
  B 2 3  5 2  3 2 -1 -1
   1
    B 2 3  5 1  3 2 0 -1
     -1/2*s
    B 2 3  4 1  2 2 0 -1
     -1/2*(2*mt^2-s)*mt^(-2)
    B 2 3  4 1  3 1 0 -1
     -1/2*mt^(-2)*s
    B 2 3  4 1  3 1 -1 0
     -1/2*mt^(-2)*(2*mt^2-t)
    B 2 3  4 0  3 1 0 0
     -1/2*mt^(-2)*(t*s-mt^2*s)
    B 2 3  3 0  2 1 0 0
     1/2*mt^(-2)*(2*mt^2-t-s)
;
  B 2 3  5 2  3 2 -1 -1
   1
    B 2 3  5 2  4 1 -1 -1
     -3
    B 2 3  4 2  2 2 -1 -1
     -mt^(-2)
    B 2 3  4 2  3 1 -1 -1
     -2*mt^(-2)
    B 2 3  4 1  3 1 0 -1
     mt^(-2)*(mt^2-s)
    B 2 3  4 1  3 1 -1 0
     -mt^(-2)*(mt^2-t)
    B 2 3  3 1  2 1 0 -1
     mt^(-2)
    B 2 3  3 1  2 1 -1 0
     mt^(-2)
;
  B 2 3  5 2  3 2 -1 -1
   1
    B 2 3  5 2  4 1 -1 -1
     3
    B 2 3  5 1  3 2 -1 0
     2*mt^2-t
    B 2 3  4 1  2 2 -1 0
     -1
    B 2 3  4 1  3 1 0 -1
     -1
    B 2 3  4 1  3 1 -1 0
     -3
    B 2 3  4 0  3 1 0 0
     -s
    B 2 3  3 0  2 1 0 0
     1
;
  B 2 3  5 2  3 2 -1 -1
   1
    B 2 3  5 2  4 1 -1 -1
     3
    B 2 3  5 1  3 2 0 -1
     -mt^2
    B 2 3  5 1  4 1 0 -1
     3*mt^2-3*s
    B 2 3  4 1  3 1 0 -1
     -1
    B 2 3  4 1  3 1 -1 0
     -1
    B 2 3  4 0  3 1 0 0
     mt^2-t
;
  B 2 3  5 2  3 2 -1 -1
   1
    B 2 3  5 2  3 2 -2 0
     (2*mt^2-s)^(-1)*(2*mt^2-t)
    B 2 3  5 1  3 2 -1 0
     -(2*mt^2-s)^(-1)*(mt^2*t-t*s+2*mt^2*s-2*mt^4)
    B 2 3  4 1  2 2 -1 0
     -1
    B 2 3  4 1  3 1 0 -1
     (2*mt^2-s)^(-1)*s
    B 2 3  4 1  3 1 -1 0
     -(2*mt^2-s)^(-1)*(2*mt^2-t+s)
    B 2 3  4 0  3 1 0 0
     (2*mt^2-s)^(-1)*(s^2-mt^2*s)
    B 2 3  3 0  2 1 0 0
     -(2*mt^2-s)^(-1)*s
;
  B 2 3  5 2  3 2 0 -2
   1
    B 2 3  4 2  2 2 0 -2
     -mt^(-2)
    B 2 3  4 2  3 1 0 -2
     mt^(-2)*(-5+d)
    B 2 3  3 1  2 1 0 -1
     2*mt^(-2)
;
  B 2 3  5 2  3 2 0 -2
   1
    B 2 3  5 1  3 2 0 -1
     mt^2-1/2*t
    B 2 3  4 1  2 2 0 -1
     -1/2*mt^(-2)*t
    B 2 3  4 1  3 1 0 -1
     -mt^(-2)*(2*mt^2-t)
    B 2 3  4 0  3 1 0 0
     -mt^2
    B 2 3  3 0  2 1 0 0
     -1/2*mt^(-2)*t
;
  B 2 3  5 2  3 2 0 -2
   1
    B 2 3  5 2  4 1 0 -2
     -3
    B 2 3  4 2  2 2 0 -2
     -mt^(-2)
    B 2 3  4 2  3 1 0 -2
     -2*mt^(-2)
    B 2 3  4 1  3 1 0 -1
     -2*mt^(-2)*(mt^2-t)
    B 2 3  3 1  2 1 0 -1
     2*mt^(-2)
;
  B 2 3  5 2  3 2 0 -2
   1
    B 2 3  5 2  4 1 0 -2
     3
    B 2 3  5 1  3 2 0 -1
     2*mt^2-t
    B 2 3  4 1  2 2 0 -1
     -1
    B 2 3  4 1  3 1 0 -1
     -4
    B 2 3  4 0  3 1 0 0
     -2*mt^2
    B 2 3  3 0  2 1 0 0
     1
;
  B 2 3  5 2  3 2 0 -2
   1
    B 2 3  5 2  3 2 -1 -1
     (2*mt^2-s)^(-1)*(2*mt^2-t)
    B 2 3  5 1  3 2 0 -1
     -(2*mt^2-s)^(-1)*(mt^2*t-t*s+2*mt^2*s-2*mt^4)
    B 2 3  4 1  2 2 0 -1
     -1
    B 2 3  4 1  3 1 0 -1
     -(2*mt^2-s)^(-1)*(4*mt^2-2*t-s)
    B 2 3  4 1  3 1 -1 0
     -2*(2*mt^2-s)^(-1)*mt^2
    B 2 3  4 0  3 1 0 0
     2*(2*mt^2-s)^(-1)*(mt^2*s-mt^4)
    B 2 3  3 0  2 1 0 0
     (2*mt^2-s)^(-1)*(2*mt^2-t-s)
;
  B 2 3  5 2  2 3 -2 0
   1
    B 2 3  4 2  1 3 -2 0
     -mt^(-2)
    B 2 3  4 2  2 2 -2 0
     1/2*mt^(-2)*(-4+d)
    B 2 3  4 1  2 2 -1 0
     -mt^(-2)*s
    B 2 3  3 1  1 2 -1 0
     mt^(-2)
;
  B 2 3  5 2  2 3 -2 0
   1
    B 2 3  5 1  2 3 -1 0
     -1/2*s
    B 2 3  4 1  1 3 -1 0
     -1/2*(2*mt^2-s)*mt^(-2)
    B 2 3  4 1  2 2 -1 0
     -3/4*mt^(-2)*s
    B 2 3  4 0  2 2 0 0
     1/4*mt^(-2)*(s^2-2*mt^2*s)
    B 2 3  3 0  1 2 0 0
     -1/4*mt^(-2)*s
    B 2 3  3 0  2 1 0 0
     1/2*mt^(-2)*s
;
  B 2 3  5 2  2 3 -2 0
   1
    B 2 3  5 2  3 2 -2 0
     -1
    B 2 3  4 2  1 3 -2 0
     -mt^(-2)
    B 2 3  4 2  3 1 -2 0
     mt^(-2)
    B 2 3  4 1  2 2 -1 0
     mt^(-2)*(mt^2-s)
    B 2 3  3 1  1 2 -1 0
     mt^(-2)
    B 2 3  3 1  2 1 -1 0
     -mt^(-2)
;
  B 2 3  5 2  2 3 -2 0
   1
    B 2 3  5 2  3 2 -2 0
     1
    B 2 3  5 1  2 3 -1 0
     -mt^2
    B 2 3  5 1  3 2 -1 0
     mt^2-s
    B 2 3  4 1  2 2 -1 0
     -3/2
    B 2 3  4 1  3 1 -1 0
     -1
    B 2 3  4 0  2 2 0 0
     -1/2*mt^2
    B 2 3  3 0  2 1 0 0
     1/2
;
  B 2 3  5 2  2 3 -1 -1
   1
    B 2 3  4 2  1 3 -1 -1
     -mt^(-2)
    B 2 3  4 2  2 2 -1 -1
     1/2*mt^(-2)*(-4+d)
    B 2 3  4 1  2 2 0 -1
     -1/2*mt^(-2)*s
    B 2 3  3 1  1 2 0 -1
     1/2*mt^(-2)
    B 2 3  3 1  1 2 -1 0
     1/2*mt^(-2)
;
  B 2 3  5 2  2 3 -1 -1
   1
    B 2 3  5 1  2 3 -1 0
     mt^2-1/2*t
    B 2 3  4 1  1 3 -1 0
     -1/2*mt^(-2)*t
    B 2 3  4 1  2 2 0 -1
     -1/4*mt^(-2)*s
    B 2 3  4 1  2 2 -1 0
     -1/2*mt^(-2)*(2*mt^2-t)
    B 2 3  4 0  2 2 0 0
     -1/4*s
    B 2 3  3 0  2 1 0 0
     1/4*mt^(-2)*s
;
  B 2 3  5 2  2 3 -1 -1
   1
    B 2 3  5 1  2 3 0 -1
     -1/2*s
    B 2 3  4 1  1 3 0 -1
     -1/2*(2*mt^2-s)*mt^(-2)
    B 2 3  4 1  2 2 0 -1
     -1/2*mt^(-2)*s
    B 2 3  4 1  2 2 -1 0
     -1/4*mt^(-2)*(2*mt^2-t)
    B 2 3  4 0  2 2 0 0
     -1/4*mt^(-2)*(t*s-mt^2*s)
    B 2 3  3 0  1 2 0 0
     1/4*mt^(-2)*(2*mt^2-t-s)
    B 2 3  3 0  2 1 0 0
     1/4*mt^(-2)*s
;
  B 2 3  5 2  2 3 -1 -1
   1
    B 2 3  5 2  3 2 -1 -1
     -1
    B 2 3  4 2  1 3 -1 -1
     -mt^(-2)
    B 2 3  4 2  3 1 -1 -1
     mt^(-2)
    B 2 3  4 1  2 2 0 -1
     1/2*mt^(-2)*(mt^2-s)
    B 2 3  4 1  2 2 -1 0
     -1/2*mt^(-2)*(mt^2-t)
    B 2 3  3 1  1 2 0 -1
     1/2*mt^(-2)
    B 2 3  3 1  1 2 -1 0
     1/2*mt^(-2)
    B 2 3  3 1  2 1 0 -1
     -1/2*mt^(-2)
    B 2 3  3 1  2 1 -1 0
     -1/2*mt^(-2)
;
  B 2 3  5 2  2 3 -1 -1
   1
    B 2 3  5 2  3 2 -1 -1
     1
    B 2 3  5 1  2 3 -1 0
     2*mt^2-t
    B 2 3  4 1  1 3 -1 0
     -1
    B 2 3  4 1  2 2 0 -1
     -1/2
    B 2 3  4 1  2 2 -1 0
     -1
    B 2 3  4 0  2 2 0 0
     -1/2*s
    B 2 3  3 0  1 2 0 0
     1/2
;
  B 2 3  5 2  2 3 -1 -1
   1
    B 2 3  5 2  3 2 -1 -1
     1
    B 2 3  5 1  2 3 0 -1
     -mt^2
    B 2 3  5 1  3 2 0 -1
     mt^2-s
    B 2 3  4 1  2 2 0 -1
     -1
    B 2 3  4 1  2 2 -1 0
     -1/2
    B 2 3  4 1  3 1 0 -1
     -1
    B 2 3  4 0  2 2 0 0
     1/2*mt^2-1/2*t
    B 2 3  3 0  2 1 0 0
     1/2
;
  B 2 3  5 2  2 3 -1 -1
   1
    B 2 3  5 2  2 3 -2 0
     (2*mt^2-s)^(-1)*(2*mt^2-t)
    B 2 3  5 1  2 3 -1 0
     -(2*mt^2-s)^(-1)*(mt^2*t-t*s+2*mt^2*s-2*mt^4)
    B 2 3  4 1  1 3 -1 0
     -1
    B 2 3  4 1  2 2 0 -1
     1/2*(2*mt^2-s)^(-1)*s
    B 2 3  4 1  2 2 -1 0
     -1/2*(2*mt^2-s)^(-1)*(4*mt^2-2*t+s)
    B 2 3  4 0  2 2 0 0
     1/2*(2*mt^2-s)^(-1)*(s^2-mt^2*s)
    B 2 3  3 0  1 2 0 0
     -1/2*(2*mt^2-s)^(-1)*s
    B 2 3  3 0  2 1 0 0
     1/2*(2*mt^2-s)^(-1)*s
;
  B 2 3  5 2  2 3 0 -2
   1
    B 2 3  4 2  1 3 0 -2
     -mt^(-2)
    B 2 3  4 2  2 2 0 -2
     1/2*mt^(-2)*(-4+d)
    B 2 3  3 1  1 2 0 -1
     mt^(-2)
;
  B 2 3  5 2  2 3 0 -2
   1
    B 2 3  5 1  2 3 0 -1
     mt^2-1/2*t
    B 2 3  4 1  1 3 0 -1
     -1/2*mt^(-2)*t
    B 2 3  4 1  2 2 0 -1
     -3/4*mt^(-2)*(2*mt^2-t)
    B 2 3  4 0  2 2 0 0
     -1/2*mt^2
    B 2 3  3 0  1 2 0 0
     -1/4*mt^(-2)*t
    B 2 3  3 0  2 1 0 0
     1/2
;
  B 2 3  5 2  2 3 0 -2
   1
    B 2 3  5 2  3 2 0 -2
     -1
    B 2 3  4 2  1 3 0 -2
     -mt^(-2)
    B 2 3  4 2  3 1 0 -2
     mt^(-2)
    B 2 3  4 1  2 2 0 -1
     -mt^(-2)*(mt^2-t)
    B 2 3  3 1  1 2 0 -1
     mt^(-2)
    B 2 3  3 1  2 1 0 -1
     -mt^(-2)
;
  B 2 3  5 2  2 3 0 -2
   1
    B 2 3  5 2  3 2 0 -2
     1
    B 2 3  5 1  2 3 0 -1
     2*mt^2-t
    B 2 3  4 1  1 3 0 -1
     -1
    B 2 3  4 1  2 2 0 -1
     -3/2
    B 2 3  4 0  2 2 0 0
     -mt^2
    B 2 3  3 0  1 2 0 0
     1/2
;
  B 2 3  5 2  2 3 0 -2
   1
    B 2 3  5 2  2 3 -1 -1
     (2*mt^2-s)^(-1)*(2*mt^2-t)
    B 2 3  5 1  2 3 0 -1
     -(2*mt^2-s)^(-1)*(mt^2*t-t*s+2*mt^2*s-2*mt^4)
    B 2 3  4 1  1 3 0 -1
     -1
    B 2 3  4 1  2 2 0 -1
     -1/2*(2*mt^2-s)^(-1)*(6*mt^2-3*t-s)
    B 2 3  4 1  2 2 -1 0
     -(2*mt^2-s)^(-1)*mt^2
    B 2 3  4 0  2 2 0 0
     (2*mt^2-s)^(-1)*(mt^2*s-mt^4)
    B 2 3  3 0  1 2 0 0
     1/2*(2*mt^2-s)^(-1)*(2*mt^2-t-s)
    B 2 3  3 0  2 1 0 0
     (2*mt^2-s)^(-1)*mt^2
;
  B 2 3  5 2  1 4 -2 0
   1
    B 2 3  4 2  1 3 -2 0
     1/3*mt^(-2)*(-3+d)
    B 2 3  4 1  1 3 -1 0
     -2/3*mt^(-2)*s
;
  B 2 3  5 2  1 4 -2 0
   1
    B 2 3  5 1  1 4 -1 0
     -1/2*s
    B 2 3  4 1  1 3 -1 0
     -2/3*mt^(-2)*s
    B 2 3  4 0  1 3 0 0
     1/6*mt^(-2)*(s^2-2*mt^2*s)
    B 2 3  3 0  1 2 0 0
     1/3*mt^(-2)*s
;
  B 2 3  5 2  1 4 -2 0
   1
    B 2 3  5 2  2 3 -2 0
     -1/3
    B 2 3  4 2  1 3 -2 0
     2/3*mt^(-2)
    B 2 3  4 2  2 2 -2 0
     1/3*mt^(-2)
    B 2 3  4 1  1 3 -1 0
     2/3*mt^(-2)*(mt^2-s)
    B 2 3  3 1  1 2 -1 0
     -2/3*mt^(-2)
;
  B 2 3  5 2  1 4 -2 0
   1
    B 2 3  5 2  2 3 -2 0
     1/3
    B 2 3  5 1  1 4 -1 0
     -mt^2
    B 2 3  5 1  2 3 -1 0
     1/3*mt^2-1/3*s
    B 2 3  4 1  1 3 -1 0
     -4/3
    B 2 3  4 1  2 2 -1 0
     -1/3
    B 2 3  4 0  1 3 0 0
     -1/3*mt^2
    B 2 3  3 0  1 2 0 0
     1/3
;
  B 2 3  5 2  1 4 -1 -1
   1
    B 2 3  4 2  1 3 -1 -1
     1/3*mt^(-2)*(-3+d)
    B 2 3  4 1  1 3 0 -1
     -1/3*mt^(-2)*s
;
  B 2 3  5 2  1 4 -1 -1
   1
    B 2 3  5 1  1 4 -1 0
     mt^2-1/2*t
    B 2 3  4 1  1 3 0 -1
     -1/6*mt^(-2)*s
    B 2 3  4 1  1 3 -1 0
     -1/2*mt^(-2)*(2*mt^2-t)
    B 2 3  4 0  1 3 0 0
     -1/6*s
    B 2 3  3 0  1 2 0 0
     1/6*mt^(-2)*s
;
  B 2 3  5 2  1 4 -1 -1
   1
    B 2 3  5 1  1 4 0 -1
     -1/2*s
    B 2 3  4 1  1 3 0 -1
     -1/2*mt^(-2)*s
    B 2 3  4 1  1 3 -1 0
     -1/6*mt^(-2)*(2*mt^2-t)
    B 2 3  4 0  1 3 0 0
     -1/6*mt^(-2)*(t*s-mt^2*s)
    B 2 3  3 0  1 2 0 0
     1/6*mt^(-2)*s
;
  B 2 3  5 2  1 4 -1 -1
   1
    B 2 3  5 2  2 3 -1 -1
     -1/3
    B 2 3  4 2  1 3 -1 -1
     2/3*mt^(-2)
    B 2 3  4 2  2 2 -1 -1
     1/3*mt^(-2)
    B 2 3  4 1  1 3 0 -1
     1/3*mt^(-2)*(mt^2-s)
    B 2 3  4 1  1 3 -1 0
     -1/3*mt^(-2)*(mt^2-t)
    B 2 3  3 1  1 2 0 -1
     -1/3*mt^(-2)
    B 2 3  3 1  1 2 -1 0
     -1/3*mt^(-2)
;
  B 2 3  5 2  1 4 -1 -1
   1
    B 2 3  5 2  2 3 -1 -1
     1/3
    B 2 3  5 1  1 4 -1 0
     2*mt^2-t
    B 2 3  4 1  1 3 0 -1
     -1/3
    B 2 3  4 1  1 3 -1 0
     -1/3
    B 2 3  4 0  1 3 0 0
     -1/3*s
;
  B 2 3  5 2  1 4 -1 -1
   1
    B 2 3  5 2  2 3 -1 -1
     1/3
    B 2 3  5 1  1 4 0 -1
     -mt^2
    B 2 3  5 1  2 3 0 -1
     1/3*mt^2-1/3*s
    B 2 3  4 1  1 3 0 -1
     -1
    B 2 3  4 1  1 3 -1 0
     -1/3
    B 2 3  4 1  2 2 0 -1
     -1/3
    B 2 3  4 0  1 3 0 0
     1/3*mt^2-1/3*t
    B 2 3  3 0  1 2 0 0
     1/3
;
  B 2 3  5 2  1 4 -1 -1
   1
    B 2 3  5 2  1 4 -2 0
     (2*mt^2-s)^(-1)*(2*mt^2-t)
    B 2 3  5 1  1 4 -1 0
     -(2*mt^2-s)^(-1)*(mt^2*t-t*s+2*mt^2*s-2*mt^4)
    B 2 3  4 1  1 3 0 -1
     1/3*(2*mt^2-s)^(-1)*s
    B 2 3  4 1  1 3 -1 0
     -1/3*(2*mt^2-s)^(-1)*(6*mt^2-3*t+s)
    B 2 3  4 0  1 3 0 0
     1/3*(2*mt^2-s)^(-1)*(s^2-mt^2*s)
    B 2 3  3 0  1 2 0 0
     1/3*(2*mt^2-s)^(-1)*s
;
  B 2 3  5 2  1 4 0 -2
   1
    B 2 3  4 2  1 3 0 -2
     1/3*mt^(-2)*(-3+d)
;
  B 2 3  5 2  1 4 0 -2
   1
    B 2 3  5 1  1 4 0 -1
     mt^2-1/2*t
    B 2 3  4 1  1 3 0 -1
     -2/3*mt^(-2)*(2*mt^2-t)
    B 2 3  4 0  1 3 0 0
     -1/3*mt^2
    B 2 3  3 0  1 2 0 0
     1/3
;
  B 2 3  5 2  1 4 0 -2
   1
    B 2 3  5 2  2 3 0 -2
     -1/3
    B 2 3  4 2  1 3 0 -2
     2/3*mt^(-2)
    B 2 3  4 2  2 2 0 -2
     1/3*mt^(-2)
    B 2 3  4 1  1 3 0 -1
     -2/3*mt^(-2)*(mt^2-t)
    B 2 3  3 1  1 2 0 -1
     -2/3*mt^(-2)
;
  B 2 3  5 2  1 4 0 -2
   1
    B 2 3  5 2  2 3 0 -2
     1/3
    B 2 3  5 1  1 4 0 -1
     2*mt^2-t
    B 2 3  4 1  1 3 0 -1
     -2/3
    B 2 3  4 0  1 3 0 0
     -2/3*mt^2
;
  B 2 3  5 2  1 4 0 -2
   1
    B 2 3  5 2  1 4 -1 -1
     (2*mt^2-s)^(-1)*(2*mt^2-t)
    B 2 3  5 1  1 4 0 -1
     -(2*mt^2-s)^(-1)*(mt^2*t-t*s+2*mt^2*s-2*mt^4)
    B 2 3  4 1  1 3 0 -1
     -1/3*(2*mt^2-s)^(-1)*(8*mt^2-4*t-s)
    B 2 3  4 1  1 3 -1 0
     -2/3*(2*mt^2-s)^(-1)*mt^2
    B 2 3  4 0  1 3 0 0
     2/3*(2*mt^2-s)^(-1)*(mt^2*s-mt^4)
    B 2 3  3 0  1 2 0 0
     2/3*(2*mt^2-s)^(-1)*mt^2
;
  B 2 3  5 3  3 2 -3 0
   1
    B 2 3  4 3  2 2 -3 0
     -mt^(-2)
    B 2 3  4 3  3 1 -3 0
     mt^(-2)*(-4+d)
    B 2 3  4 2  3 1 -2 0
     -3*mt^(-2)*s
    B 2 3  3 2  2 1 -2 0
     3*mt^(-2)
;
  B 2 3  5 3  3 2 -3 0
   1
    B 2 3  5 2  3 2 -2 0
     -1/2*s
    B 2 3  4 2  2 2 -2 0
     -1/2*(2*mt^2-s)*mt^(-2)
    B 2 3  4 2  3 1 -2 0
     -3/2*mt^(-2)*s
    B 2 3  4 1  3 1 -1 0
     mt^(-2)*(s^2-2*mt^2*s)
    B 2 3  3 1  2 1 -1 0
     -mt^(-2)*s
;
  B 2 3  5 3  3 2 -3 0
   1
    B 2 3  5 3  4 1 -3 0
     -3
    B 2 3  4 3  2 2 -3 0
     -mt^(-2)
    B 2 3  4 3  3 1 -3 0
     -2*mt^(-2)
    B 2 3  4 2  3 1 -2 0
     3*mt^(-2)*(mt^2-s)
    B 2 3  3 2  2 1 -2 0
     3*mt^(-2)
;
  B 2 3  5 3  3 2 -3 0
   1
    B 2 3  5 3  4 1 -3 0
     3
    B 2 3  5 2  3 2 -2 0
     -mt^2
    B 2 3  5 2  4 1 -2 0
     3*mt^2-3*s
    B 2 3  4 2  3 1 -2 0
     -3
    B 2 3  4 1  3 1 -1 0
     -2*mt^2
;
  B 2 3  5 3  3 2 -2 -1
   1
    B 2 3  4 3  2 2 -2 -1
     -mt^(-2)
    B 2 3  4 3  3 1 -2 -1
     mt^(-2)*(-4+d)
    B 2 3  4 2  3 1 -1 -1
     -2*mt^(-2)*s
    B 2 3  3 2  2 1 -1 -1
     2*mt^(-2)
    B 2 3  3 2  2 1 -2 0
     mt^(-2)
;
  B 2 3  5 3  3 2 -2 -1
   1
    B 2 3  5 2  3 2 -2 0
     mt^2-1/2*t
    B 2 3  4 2  2 2 -2 0
     -1/2*mt^(-2)*t
    B 2 3  4 2  3 1 -1 -1
     -mt^(-2)*s
    B 2 3  4 2  3 1 -2 0
     -1/2*mt^(-2)*(2*mt^2-t)
    B 2 3  4 1  3 1 -1 0
     -s
;
  B 2 3  5 3  3 2 -2 -1
   1
    B 2 3  5 2  3 2 -1 -1
     -1/2*s
    B 2 3  4 2  2 2 -1 -1
     -1/2*(2*mt^2-s)*mt^(-2)
    B 2 3  4 2  3 1 -1 -1
     -mt^(-2)*s
    B 2 3  4 2  3 1 -2 0
     -1/2*mt^(-2)*(2*mt^2-t)
    B 2 3  4 1  3 1 0 -1
     1/2*mt^(-2)*(s^2-2*mt^2*s)
    B 2 3  4 1  3 1 -1 0
     -1/2*mt^(-2)*(t*s-mt^2*s)
    B 2 3  3 1  2 1 0 -1
     -1/2*mt^(-2)*s
    B 2 3  3 1  2 1 -1 0
     1/2*mt^(-2)*(2*mt^2-t-s)
;
  B 2 3  5 3  3 2 -2 -1
   1
    B 2 3  5 3  4 1 -2 -1
     -3
    B 2 3  4 3  2 2 -2 -1
     -mt^(-2)
    B 2 3  4 3  3 1 -2 -1
     -2*mt^(-2)
    B 2 3  4 2  3 1 -1 -1
     2*mt^(-2)*(mt^2-s)
    B 2 3  4 2  3 1 -2 0
     -mt^(-2)*(mt^2-t)
    B 2 3  3 2  2 1 -1 -1
     2*mt^(-2)
    B 2 3  3 2  2 1 -2 0
     mt^(-2)
;
  B 2 3  5 3  3 2 -2 -1
   1
    B 2 3  5 3  4 1 -2 -1
     3
    B 2 3  5 2  3 2 -2 0
     2*mt^2-t
    B 2 3  4 2  2 2 -2 0
     -1
    B 2 3  4 2  3 1 -1 -1
     -2
    B 2 3  4 2  3 1 -2 0
     -3
    B 2 3  4 1  3 1 -1 0
     -2*s
    B 2 3  3 1  2 1 -1 0
     2
;
  B 2 3  5 3  3 2 -2 -1
   1
    B 2 3  5 3  4 1 -2 -1
     3
    B 2 3  5 2  3 2 -1 -1
     -mt^2
    B 2 3  5 2  4 1 -1 -1
     3*mt^2-3*s
    B 2 3  4 2  3 1 -1 -1
     -2
    B 2 3  4 2  3 1 -2 0
     -1
    B 2 3  4 1  3 1 0 -1
     -mt^2
    B 2 3  4 1  3 1 -1 0
     mt^2-t
;
  B 2 3  5 3  3 2 -2 -1
   1
    B 2 3  5 3  3 2 -3 0
     (2*mt^2-s)^(-1)*(2*mt^2-t)
    B 2 3  5 2  3 2 -2 0
     -(2*mt^2-s)^(-1)*(mt^2*t-t*s+2*mt^2*s-2*mt^4)
    B 2 3  4 2  2 2 -2 0
     -1
    B 2 3  4 2  3 1 -1 -1
     2*(2*mt^2-s)^(-1)*s
    B 2 3  4 2  3 1 -2 0
     -(2*mt^2-s)^(-1)*(2*mt^2-t+2*s)
    B 2 3  4 1  3 1 -1 0
     2*(2*mt^2-s)^(-1)*(s^2-mt^2*s)
    B 2 3  3 1  2 1 -1 0
     -2*(2*mt^2-s)^(-1)*s
;
  B 2 3  5 3  3 2 -1 -2
   1
    B 2 3  4 3  2 2 -1 -2
     -mt^(-2)
    B 2 3  4 3  3 1 -1 -2
     mt^(-2)*(-4+d)
    B 2 3  4 2  3 1 0 -2
     -mt^(-2)*s
    B 2 3  3 2  2 1 0 -2
     mt^(-2)
    B 2 3  3 2  2 1 -1 -1
     2*mt^(-2)
;
  B 2 3  5 3  3 2 -1 -2
   1
    B 2 3  5 2  3 2 -1 -1
     mt^2-1/2*t
    B 2 3  4 2  2 2 -1 -1
     -1/2*mt^(-2)*t
    B 2 3  4 2  3 1 0 -2
     -1/2*mt^(-2)*s
    B 2 3  4 2  3 1 -1 -1
     -mt^(-2)*(2*mt^2-t)
    B 2 3  4 1  3 1 0 -1
     -1/2*s
    B 2 3  4 1  3 1 -1 0
     -mt^2
    B 2 3  3 1  2 1 -1 0
     -1/2*mt^(-2)*t
;
  B 2 3  5 3  3 2 -1 -2
   1
    B 2 3  5 2  3 2 0 -2
     -1/2*s
    B 2 3  4 2  2 2 0 -2
     -1/2*(2*mt^2-s)*mt^(-2)
    B 2 3  4 2  3 1 0 -2
     -1/2*mt^(-2)*s
    B 2 3  4 2  3 1 -1 -1
     -mt^(-2)*(2*mt^2-t)
    B 2 3  4 1  3 1 0 -1
     -mt^(-2)*(t*s-mt^2*s)
    B 2 3  3 1  2 1 0 -1
     mt^(-2)*(2*mt^2-t-s)
;
  B 2 3  5 3  3 2 -1 -2
   1
    B 2 3  5 3  4 1 -1 -2
     -3
    B 2 3  4 3  2 2 -1 -2
     -mt^(-2)
    B 2 3  4 3  3 1 -1 -2
     -2*mt^(-2)
    B 2 3  4 2  3 1 0 -2
     mt^(-2)*(mt^2-s)
    B 2 3  4 2  3 1 -1 -1
     -2*mt^(-2)*(mt^2-t)
    B 2 3  3 2  2 1 0 -2
     mt^(-2)
    B 2 3  3 2  2 1 -1 -1
     2*mt^(-2)
;
  B 2 3  5 3  3 2 -1 -2
   1
    B 2 3  5 3  4 1 -1 -2
     3
    B 2 3  5 2  3 2 -1 -1
     2*mt^2-t
    B 2 3  4 2  2 2 -1 -1
     -1
    B 2 3  4 2  3 1 0 -2
     -1
    B 2 3  4 2  3 1 -1 -1
     -4
    B 2 3  4 1  3 1 0 -1
     -s
    B 2 3  4 1  3 1 -1 0
     -2*mt^2
    B 2 3  3 1  2 1 0 -1
     1
    B 2 3  3 1  2 1 -1 0
     1
;
  B 2 3  5 3  3 2 -1 -2
   1
    B 2 3  5 3  4 1 -1 -2
     3
    B 2 3  5 2  3 2 0 -2
     -mt^2
    B 2 3  5 2  4 1 0 -2
     3*mt^2-3*s
    B 2 3  4 2  3 1 0 -2
     -1
    B 2 3  4 2  3 1 -1 -1
     -2
    B 2 3  4 1  3 1 0 -1
     2*mt^2-2*t
;
  B 2 3  5 3  3 2 -1 -2
   1
    B 2 3  5 3  3 2 -2 -1
     (2*mt^2-s)^(-1)*(2*mt^2-t)
    B 2 3  5 2  3 2 -1 -1
     -(2*mt^2-s)^(-1)*(mt^2*t-t*s+2*mt^2*s-2*mt^4)
    B 2 3  4 2  2 2 -1 -1
     -1
    B 2 3  4 2  3 1 0 -2
     (2*mt^2-s)^(-1)*s
    B 2 3  4 2  3 1 -1 -1
     -2*(2*mt^2-s)^(-1)*(2*mt^2-t)
    B 2 3  4 2  3 1 -2 0
     -2*(2*mt^2-s)^(-1)*mt^2
    B 2 3  4 1  3 1 0 -1
     (2*mt^2-s)^(-1)*(s^2-mt^2*s)
    B 2 3  4 1  3 1 -1 0
     2*(2*mt^2-s)^(-1)*(mt^2*s-mt^4)
    B 2 3  3 1  2 1 0 -1
     -(2*mt^2-s)^(-1)*s
    B 2 3  3 1  2 1 -1 0
     (2*mt^2-s)^(-1)*(2*mt^2-t-s)
;
  B 2 3  5 3  3 2 0 -3
   1
    B 2 3  4 3  2 2 0 -3
     -mt^(-2)
    B 2 3  4 3  3 1 0 -3
     mt^(-2)*(-4+d)
    B 2 3  3 2  2 1 0 -2
     3*mt^(-2)
;
  B 2 3  5 3  3 2 0 -3
   1
    B 2 3  5 2  3 2 0 -2
     mt^2-1/2*t
    B 2 3  4 2  2 2 0 -2
     -1/2*mt^(-2)*t
    B 2 3  4 2  3 1 0 -2
     -3/2*mt^(-2)*(2*mt^2-t)
    B 2 3  4 1  3 1 0 -1
     -2*mt^2
    B 2 3  3 1  2 1 0 -1
     -mt^(-2)*t
;
  B 2 3  5 3  3 2 0 -3
   1
    B 2 3  5 3  4 1 0 -3
     -3
    B 2 3  4 3  2 2 0 -3
     -mt^(-2)
    B 2 3  4 3  3 1 0 -3
     -2*mt^(-2)
    B 2 3  4 2  3 1 0 -2
     -3*mt^(-2)*(mt^2-t)
    B 2 3  3 2  2 1 0 -2
     3*mt^(-2)
;
  B 2 3  5 3  3 2 0 -3
   1
    B 2 3  5 3  4 1 0 -3
     3
    B 2 3  5 2  3 2 0 -2
     2*mt^2-t
    B 2 3  4 2  2 2 0 -2
     -1
    B 2 3  4 2  3 1 0 -2
     -5
    B 2 3  4 1  3 1 0 -1
     -4*mt^2
    B 2 3  3 1  2 1 0 -1
     2
;
  B 2 3  5 3  3 2 0 -3
   1
    B 2 3  5 3  3 2 -1 -2
     (2*mt^2-s)^(-1)*(2*mt^2-t)
    B 2 3  5 2  3 2 0 -2
     -(2*mt^2-s)^(-1)*(mt^2*t-t*s+2*mt^2*s-2*mt^4)
    B 2 3  4 2  2 2 0 -2
     -1
    B 2 3  4 2  3 1 0 -2
     -(2*mt^2-s)^(-1)*(6*mt^2-3*t-2*s)
    B 2 3  4 2  3 1 -1 -1
     -4*(2*mt^2-s)^(-1)*mt^2
    B 2 3  4 1  3 1 0 -1
     4*(2*mt^2-s)^(-1)*(mt^2*s-mt^4)
    B 2 3  3 1  2 1 0 -1
     2*(2*mt^2-s)^(-1)*(2*mt^2-t-s)
;
  B 2 3  5 3  2 3 -3 0
   1
    B 2 3  4 3  1 3 -3 0
     -mt^(-2)
    B 2 3  4 3  2 2 -3 0
     1/2*mt^(-2)*(-3+d)
    B 2 3  4 2  2 2 -2 0
     -3/2*mt^(-2)*s
    B 2 3  3 2  1 2 -2 0
     3/2*mt^(-2)
;
  B 2 3  5 3  2 3 -3 0
   1
    B 2 3  5 2  2 3 -2 0
     -1/2*s
    B 2 3  4 2  1 3 -2 0
     -1/2*(2*mt^2-s)*mt^(-2)
    B 2 3  4 2  2 2 -2 0
     -mt^(-2)*s
    B 2 3  4 1  2 2 -1 0
     1/2*mt^(-2)*(s^2-2*mt^2*s)
    B 2 3  3 1  1 2 -1 0
     -1/2*mt^(-2)*s
    B 2 3  3 1  2 1 -1 0
     mt^(-2)*s
;
  B 2 3  5 3  2 3 -3 0
   1
    B 2 3  5 3  3 2 -3 0
     -1
    B 2 3  4 3  1 3 -3 0
     -mt^(-2)
    B 2 3  4 3  3 1 -3 0
     mt^(-2)
    B 2 3  4 2  2 2 -2 0
     3/2*mt^(-2)*(mt^2-s)
    B 2 3  3 2  1 2 -2 0
     3/2*mt^(-2)
    B 2 3  3 2  2 1 -2 0
     -3/2*mt^(-2)
;
  B 2 3  5 3  2 3 -3 0
   1
    B 2 3  5 3  3 2 -3 0
     1
    B 2 3  5 2  2 3 -2 0
     -mt^2
    B 2 3  5 2  3 2 -2 0
     mt^2-s
    B 2 3  4 2  2 2 -2 0
     -2
    B 2 3  4 2  3 1 -2 0
     -1
    B 2 3  4 1  2 2 -1 0
     -mt^2
    B 2 3  3 1  2 1 -1 0
     1
;
  B 2 3  5 3  2 3 -2 -1
   1
    B 2 3  4 3  1 3 -2 -1
     -mt^(-2)
    B 2 3  4 3  2 2 -2 -1
     1/2*mt^(-2)*(-3+d)
    B 2 3  4 2  2 2 -1 -1
     -mt^(-2)*s
    B 2 3  3 2  1 2 -1 -1
     mt^(-2)
    B 2 3  3 2  1 2 -2 0
     1/2*mt^(-2)
;
  B 2 3  5 3  2 3 -2 -1
   1
    B 2 3  5 2  2 3 -2 0
     mt^2-1/2*t
    B 2 3  4 2  1 3 -2 0
     -1/2*mt^(-2)*t
    B 2 3  4 2  2 2 -1 -1
     -1/2*mt^(-2)*s
    B 2 3  4 2  2 2 -2 0
     -1/2*mt^(-2)*(2*mt^2-t)
    B 2 3  4 1  2 2 -1 0
     -1/2*s
    B 2 3  3 1  2 1 -1 0
     1/2*mt^(-2)*s
;
  B 2 3  5 3  2 3 -2 -1
   1
    B 2 3  5 2  2 3 -1 -1
     -1/2*s
    B 2 3  4 2  1 3 -1 -1
     -1/2*(2*mt^2-s)*mt^(-2)
    B 2 3  4 2  2 2 -1 -1
     -3/4*mt^(-2)*s
    B 2 3  4 2  2 2 -2 0
     -1/4*mt^(-2)*(2*mt^2-t)
    B 2 3  4 1  2 2 0 -1
     1/4*mt^(-2)*(s^2-2*mt^2*s)
    B 2 3  4 1  2 2 -1 0
     -1/4*mt^(-2)*(t*s-mt^2*s)
    B 2 3  3 1  1 2 0 -1
     -1/4*mt^(-2)*s
    B 2 3  3 1  1 2 -1 0
     1/4*mt^(-2)*(2*mt^2-t-s)
    B 2 3  3 1  2 1 0 -1
     1/2*mt^(-2)*s
    B 2 3  3 1  2 1 -1 0
     1/4*mt^(-2)*s
;
  B 2 3  5 3  2 3 -2 -1
   1
    B 2 3  5 3  3 2 -2 -1
     -1
    B 2 3  4 3  1 3 -2 -1
     -mt^(-2)
    B 2 3  4 3  3 1 -2 -1
     mt^(-2)
    B 2 3  4 2  2 2 -1 -1
     mt^(-2)*(mt^2-s)
    B 2 3  4 2  2 2 -2 0
     -1/2*mt^(-2)*(mt^2-t)
    B 2 3  3 2  1 2 -1 -1
     mt^(-2)
    B 2 3  3 2  1 2 -2 0
     1/2*mt^(-2)
    B 2 3  3 2  2 1 -1 -1
     -mt^(-2)
    B 2 3  3 2  2 1 -2 0
     -1/2*mt^(-2)
;
  B 2 3  5 3  2 3 -2 -1
   1
    B 2 3  5 3  3 2 -2 -1
     1
    B 2 3  5 2  2 3 -2 0
     2*mt^2-t
    B 2 3  4 2  1 3 -2 0
     -1
    B 2 3  4 2  2 2 -1 -1
     -1
    B 2 3  4 2  2 2 -2 0
     -1
    B 2 3  4 1  2 2 -1 0
     -s
    B 2 3  3 1  1 2 -1 0
     1
;
  B 2 3  5 3  2 3 -2 -1
   1
    B 2 3  5 3  3 2 -2 -1
     1
    B 2 3  5 2  2 3 -1 -1
     -mt^2
    B 2 3  5 2  3 2 -1 -1
     mt^2-s
    B 2 3  4 2  2 2 -1 -1
     -3/2
    B 2 3  4 2  2 2 -2 0
     -1/2
    B 2 3  4 2  3 1 -1 -1
     -1
    B 2 3  4 1  2 2 0 -1
     -1/2*mt^2
    B 2 3  4 1  2 2 -1 0
     1/2*mt^2-1/2*t
    B 2 3  3 1  2 1 0 -1
     1/2
    B 2 3  3 1  2 1 -1 0
     1/2
;
  B 2 3  5 3  2 3 -2 -1
   1
    B 2 3  5 3  2 3 -3 0
     (2*mt^2-s)^(-1)*(2*mt^2-t)
    B 2 3  5 2  2 3 -2 0
     -(2*mt^2-s)^(-1)*(mt^2*t-t*s+2*mt^2*s-2*mt^4)
    B 2 3  4 2  1 3 -2 0
     -1
    B 2 3  4 2  2 2 -1 -1
     (2*mt^2-s)^(-1)*s
    B 2 3  4 2  2 2 -2 0
     -(2*mt^2-s)^(-1)*(2*mt^2-t+s)
    B 2 3  4 1  2 2 -1 0
     (2*mt^2-s)^(-1)*(s^2-mt^2*s)
    B 2 3  3 1  1 2 -1 0
     -(2*mt^2-s)^(-1)*s
    B 2 3  3 1  2 1 -1 0
     (2*mt^2-s)^(-1)*s
;
  B 2 3  5 3  2 3 -1 -2
   1
    B 2 3  4 3  1 3 -1 -2
     -mt^(-2)
    B 2 3  4 3  2 2 -1 -2
     1/2*mt^(-2)*(-3+d)
    B 2 3  4 2  2 2 0 -2
     -1/2*mt^(-2)*s
    B 2 3  3 2  1 2 0 -2
     1/2*mt^(-2)
    B 2 3  3 2  1 2 -1 -1
     mt^(-2)
;
  B 2 3  5 3  2 3 -1 -2
   1
    B 2 3  5 2  2 3 -1 -1
     mt^2-1/2*t
    B 2 3  4 2  1 3 -1 -1
     -1/2*mt^(-2)*t
    B 2 3  4 2  2 2 0 -2
     -1/4*mt^(-2)*s
    B 2 3  4 2  2 2 -1 -1
     -3/4*mt^(-2)*(2*mt^2-t)
    B 2 3  4 1  2 2 0 -1
     -1/4*s
    B 2 3  4 1  2 2 -1 0
     -1/2*mt^2
    B 2 3  3 1  1 2 -1 0
     -1/4*mt^(-2)*t
    B 2 3  3 1  2 1 0 -1
     1/4*mt^(-2)*s
    B 2 3  3 1  2 1 -1 0
     1/2
;
  B 2 3  5 3  2 3 -1 -2
   1
    B 2 3  5 2  2 3 0 -2
     -1/2*s
    B 2 3  4 2  1 3 0 -2
     -1/2*(2*mt^2-s)*mt^(-2)
    B 2 3  4 2  2 2 0 -2
     -1/2*mt^(-2)*s
    B 2 3  4 2  2 2 -1 -1
     -1/2*mt^(-2)*(2*mt^2-t)
    B 2 3  4 1  2 2 0 -1
     -1/2*mt^(-2)*(t*s-mt^2*s)
    B 2 3  3 1  1 2 0 -1
     1/2*mt^(-2)*(2*mt^2-t-s)
    B 2 3  3 1  2 1 0 -1
     1/2*mt^(-2)*s
;
  B 2 3  5 3  2 3 -1 -2
   1
    B 2 3  5 3  3 2 -1 -2
     -1
    B 2 3  4 3  1 3 -1 -2
     -mt^(-2)
    B 2 3  4 3  3 1 -1 -2
     mt^(-2)
    B 2 3  4 2  2 2 0 -2
     1/2*mt^(-2)*(mt^2-s)
    B 2 3  4 2  2 2 -1 -1
     -mt^(-2)*(mt^2-t)
    B 2 3  3 2  1 2 0 -2
     1/2*mt^(-2)
    B 2 3  3 2  1 2 -1 -1
     mt^(-2)
    B 2 3  3 2  2 1 0 -2
     -1/2*mt^(-2)
    B 2 3  3 2  2 1 -1 -1
     -mt^(-2)
;
  B 2 3  5 3  2 3 -1 -2
   1
    B 2 3  5 3  3 2 -1 -2
     1
    B 2 3  5 2  2 3 -1 -1
     2*mt^2-t
    B 2 3  4 2  1 3 -1 -1
     -1
    B 2 3  4 2  2 2 0 -2
     -1/2
    B 2 3  4 2  2 2 -1 -1
     -3/2
    B 2 3  4 1  2 2 0 -1
     -1/2*s
    B 2 3  4 1  2 2 -1 0
     -mt^2
    B 2 3  3 1  1 2 0 -1
     1/2
    B 2 3  3 1  1 2 -1 0
     1/2
;
  B 2 3  5 3  2 3 -1 -2
   1
    B 2 3  5 3  3 2 -1 -2
     1
    B 2 3  5 2  2 3 0 -2
     -mt^2
    B 2 3  5 2  3 2 0 -2
     mt^2-s
    B 2 3  4 2  2 2 0 -2
     -1
    B 2 3  4 2  2 2 -1 -1
     -1
    B 2 3  4 2  3 1 0 -2
     -1
    B 2 3  4 1  2 2 0 -1
     mt^2-t
    B 2 3  3 1  2 1 0 -1
     1
;
  B 2 3  5 3  2 3 -1 -2
   1
    B 2 3  5 3  2 3 -2 -1
     (2*mt^2-s)^(-1)*(2*mt^2-t)
    B 2 3  5 2  2 3 -1 -1
     -(2*mt^2-s)^(-1)*(mt^2*t-t*s+2*mt^2*s-2*mt^4)
    B 2 3  4 2  1 3 -1 -1
     -1
    B 2 3  4 2  2 2 0 -2
     1/2*(2*mt^2-s)^(-1)*s
    B 2 3  4 2  2 2 -1 -1
     -3/2*(2*mt^2-s)^(-1)*(2*mt^2-t)
    B 2 3  4 2  2 2 -2 0
     -(2*mt^2-s)^(-1)*mt^2
    B 2 3  4 1  2 2 0 -1
     1/2*(2*mt^2-s)^(-1)*(s^2-mt^2*s)
    B 2 3  4 1  2 2 -1 0
     (2*mt^2-s)^(-1)*(mt^2*s-mt^4)
    B 2 3  3 1  1 2 0 -1
     -1/2*(2*mt^2-s)^(-1)*s
    B 2 3  3 1  1 2 -1 0
     1/2*(2*mt^2-s)^(-1)*(2*mt^2-t-s)
    B 2 3  3 1  2 1 0 -1
     1/2*(2*mt^2-s)^(-1)*s
    B 2 3  3 1  2 1 -1 0
     (2*mt^2-s)^(-1)*mt^2
;
  B 2 3  5 3  2 3 0 -3
   1
    B 2 3  4 3  1 3 0 -3
     -mt^(-2)
    B 2 3  4 3  2 2 0 -3
     1/2*mt^(-2)*(-3+d)
    B 2 3  3 2  1 2 0 -2
     3/2*mt^(-2)
;
  B 2 3  5 3  2 3 0 -3
   1
    B 2 3  5 2  2 3 0 -2
     mt^2-1/2*t
    B 2 3  4 2  1 3 0 -2
     -1/2*mt^(-2)*t
    B 2 3  4 2  2 2 0 -2
     -mt^(-2)*(2*mt^2-t)
    B 2 3  4 1  2 2 0 -1
     -mt^2
    B 2 3  3 1  1 2 0 -1
     -1/2*mt^(-2)*t
    B 2 3  3 1  2 1 0 -1
     1
;
  B 2 3  5 3  2 3 0 -3
   1
    B 2 3  5 3  3 2 0 -3
     -1
    B 2 3  4 3  1 3 0 -3
     -mt^(-2)
    B 2 3  4 3  3 1 0 -3
     mt^(-2)
    B 2 3  4 2  2 2 0 -2
     -3/2*mt^(-2)*(mt^2-t)
    B 2 3  3 2  1 2 0 -2
     3/2*mt^(-2)
    B 2 3  3 2  2 1 0 -2
     -3/2*mt^(-2)
;
  B 2 3  5 3  2 3 0 -3
   1
    B 2 3  5 3  3 2 0 -3
     1
    B 2 3  5 2  2 3 0 -2
     2*mt^2-t
    B 2 3  4 2  1 3 0 -2
     -1
    B 2 3  4 2  2 2 0 -2
     -2
    B 2 3  4 1  2 2 0 -1
     -2*mt^2
    B 2 3  3 1  1 2 0 -1
     1
;
  B 2 3  5 3  2 3 0 -3
   1
    B 2 3  5 3  2 3 -1 -2
     (2*mt^2-s)^(-1)*(2*mt^2-t)
    B 2 3  5 2  2 3 0 -2
     -(2*mt^2-s)^(-1)*(mt^2*t-t*s+2*mt^2*s-2*mt^4)
    B 2 3  4 2  1 3 0 -2
     -1
    B 2 3  4 2  2 2 0 -2
     -(2*mt^2-s)^(-1)*(4*mt^2-2*t-s)
    B 2 3  4 2  2 2 -1 -1
     -2*(2*mt^2-s)^(-1)*mt^2
    B 2 3  4 1  2 2 0 -1
     2*(2*mt^2-s)^(-1)*(mt^2*s-mt^4)
    B 2 3  3 1  1 2 0 -1
     (2*mt^2-s)^(-1)*(2*mt^2-t-s)
    B 2 3  3 1  2 1 0 -1
     2*(2*mt^2-s)^(-1)*mt^2
;
  B 2 3  5 3  1 4 -3 0
   1
    B 2 3  4 3  1 3 -3 0
     1/3*mt^(-2)*(-2+d)
    B 2 3  4 2  1 3 -2 0
     -mt^(-2)*s
;
  B 2 3  5 3  1 4 -3 0
   1
    B 2 3  5 2  1 4 -2 0
     -1/2*s
    B 2 3  4 2  1 3 -2 0
     -5/6*mt^(-2)*s
    B 2 3  4 1  1 3 -1 0
     1/3*mt^(-2)*(s^2-2*mt^2*s)
    B 2 3  3 1  1 2 -1 0
     2/3*mt^(-2)*s
;
  B 2 3  5 3  1 4 -3 0
   1
    B 2 3  5 3  2 3 -3 0
     -1/3
    B 2 3  4 3  1 3 -3 0
     2/3*mt^(-2)
    B 2 3  4 3  2 2 -3 0
     1/3*mt^(-2)
    B 2 3  4 2  1 3 -2 0
     mt^(-2)*(mt^2-s)
    B 2 3  3 2  1 2 -2 0
     -mt^(-2)
;
  B 2 3  5 3  1 4 -3 0
   1
    B 2 3  5 3  2 3 -3 0
     1/3
    B 2 3  5 2  1 4 -2 0
     -mt^2
    B 2 3  5 2  2 3 -2 0
     1/3*mt^2-1/3*s
    B 2 3  4 2  1 3 -2 0
     -5/3
    B 2 3  4 2  2 2 -2 0
     -1/3
    B 2 3  4 1  1 3 -1 0
     -2/3*mt^2
    B 2 3  3 1  1 2 -1 0
     2/3
;
  B 2 3  5 3  1 4 -2 -1
   1
    B 2 3  4 3  1 3 -2 -1
     1/3*mt^(-2)*(-2+d)
    B 2 3  4 2  1 3 -1 -1
     -2/3*mt^(-2)*s
;
  B 2 3  5 3  1 4 -2 -1
   1
    B 2 3  5 2  1 4 -2 0
     mt^2-1/2*t
    B 2 3  4 2  1 3 -1 -1
     -1/3*mt^(-2)*s
    B 2 3  4 2  1 3 -2 0
     -1/2*mt^(-2)*(2*mt^2-t)
    B 2 3  4 1  1 3 -1 0
     -1/3*s
    B 2 3  3 1  1 2 -1 0
     1/3*mt^(-2)*s
;
  B 2 3  5 3  1 4 -2 -1
   1
    B 2 3  5 2  1 4 -1 -1
     -1/2*s
    B 2 3  4 2  1 3 -1 -1
     -2/3*mt^(-2)*s
    B 2 3  4 2  1 3 -2 0
     -1/6*mt^(-2)*(2*mt^2-t)
    B 2 3  4 1  1 3 0 -1
     1/6*mt^(-2)*(s^2-2*mt^2*s)
    B 2 3  4 1  1 3 -1 0
     -1/6*mt^(-2)*(t*s-mt^2*s)
    B 2 3  3 1  1 2 0 -1
     1/3*mt^(-2)*s
    B 2 3  3 1  1 2 -1 0
     1/6*mt^(-2)*s
;
  B 2 3  5 3  1 4 -2 -1
   1
    B 2 3  5 3  2 3 -2 -1
     -1/3
    B 2 3  4 3  1 3 -2 -1
     2/3*mt^(-2)
    B 2 3  4 3  2 2 -2 -1
     1/3*mt^(-2)
    B 2 3  4 2  1 3 -1 -1
     2/3*mt^(-2)*(mt^2-s)
    B 2 3  4 2  1 3 -2 0
     -1/3*mt^(-2)*(mt^2-t)
    B 2 3  3 2  1 2 -1 -1
     -2/3*mt^(-2)
    B 2 3  3 2  1 2 -2 0
     -1/3*mt^(-2)
;
  B 2 3  5 3  1 4 -2 -1
   1
    B 2 3  5 3  2 3 -2 -1
     1/3
    B 2 3  5 2  1 4 -2 0
     2*mt^2-t
    B 2 3  4 2  1 3 -1 -1
     -2/3
    B 2 3  4 2  1 3 -2 0
     -1/3
    B 2 3  4 1  1 3 -1 0
     -2/3*s
;
  B 2 3  5 3  1 4 -2 -1
   1
    B 2 3  5 3  2 3 -2 -1
     1/3
    B 2 3  5 2  1 4 -1 -1
     -mt^2
    B 2 3  5 2  2 3 -1 -1
     1/3*mt^2-1/3*s
    B 2 3  4 2  1 3 -1 -1
     -4/3
    B 2 3  4 2  1 3 -2 0
     -1/3
    B 2 3  4 2  2 2 -1 -1
     -1/3
    B 2 3  4 1  1 3 0 -1
     -1/3*mt^2
    B 2 3  4 1  1 3 -1 0
     1/3*mt^2-1/3*t
    B 2 3  3 1  1 2 0 -1
     1/3
    B 2 3  3 1  1 2 -1 0
     1/3
;
  B 2 3  5 3  1 4 -2 -1
   1
    B 2 3  5 3  1 4 -3 0
     (2*mt^2-s)^(-1)*(2*mt^2-t)
    B 2 3  5 2  1 4 -2 0
     -(2*mt^2-s)^(-1)*(mt^2*t-t*s+2*mt^2*s-2*mt^4)
    B 2 3  4 2  1 3 -1 -1
     2/3*(2*mt^2-s)^(-1)*s
    B 2 3  4 2  1 3 -2 0
     -1/3*(2*mt^2-s)^(-1)*(6*mt^2-3*t+2*s)
    B 2 3  4 1  1 3 -1 0
     2/3*(2*mt^2-s)^(-1)*(s^2-mt^2*s)
    B 2 3  3 1  1 2 -1 0
     2/3*(2*mt^2-s)^(-1)*s
;
  B 2 3  5 3  1 4 -1 -2
   1
    B 2 3  4 3  1 3 -1 -2
     1/3*mt^(-2)*(-2+d)
    B 2 3  4 2  1 3 0 -2
     -1/3*mt^(-2)*s
;
  B 2 3  5 3  1 4 -1 -2
   1
    B 2 3  5 2  1 4 -1 -1
     mt^2-1/2*t
    B 2 3  4 2  1 3 0 -2
     -1/6*mt^(-2)*s
    B 2 3  4 2  1 3 -1 -1
     -2/3*mt^(-2)*(2*mt^2-t)
    B 2 3  4 1  1 3 0 -1
     -1/6*s
    B 2 3  4 1  1 3 -1 0
     -1/3*mt^2
    B 2 3  3 1  1 2 0 -1
     1/6*mt^(-2)*s
    B 2 3  3 1  1 2 -1 0
     1/3
;
  B 2 3  5 3  1 4 -1 -2
   1
    B 2 3  5 2  1 4 0 -2
     -1/2*s
    B 2 3  4 2  1 3 0 -2
     -1/2*mt^(-2)*s
    B 2 3  4 2  1 3 -1 -1
     -1/3*mt^(-2)*(2*mt^2-t)
    B 2 3  4 1  1 3 0 -1
     -1/3*mt^(-2)*(t*s-mt^2*s)
    B 2 3  3 1  1 2 0 -1
     1/3*mt^(-2)*s
;
  B 2 3  5 3  1 4 -1 -2
   1
    B 2 3  5 3  2 3 -1 -2
     -1/3
    B 2 3  4 3  1 3 -1 -2
     2/3*mt^(-2)
    B 2 3  4 3  2 2 -1 -2
     1/3*mt^(-2)
    B 2 3  4 2  1 3 0 -2
     1/3*mt^(-2)*(mt^2-s)
    B 2 3  4 2  1 3 -1 -1
     -2/3*mt^(-2)*(mt^2-t)
    B 2 3  3 2  1 2 0 -2
     -1/3*mt^(-2)
    B 2 3  3 2  1 2 -1 -1
     -2/3*mt^(-2)
;
  B 2 3  5 3  1 4 -1 -2
   1
    B 2 3  5 3  2 3 -1 -2
     1/3
    B 2 3  5 2  1 4 -1 -1
     2*mt^2-t
    B 2 3  4 2  1 3 0 -2
     -1/3
    B 2 3  4 2  1 3 -1 -1
     -2/3
    B 2 3  4 1  1 3 0 -1
     -1/3*s
    B 2 3  4 1  1 3 -1 0
     -2/3*mt^2
;
  B 2 3  5 3  1 4 -1 -2
   1
    B 2 3  5 3  2 3 -1 -2
     1/3
    B 2 3  5 2  1 4 0 -2
     -mt^2
    B 2 3  5 2  2 3 0 -2
     1/3*mt^2-1/3*s
    B 2 3  4 2  1 3 0 -2
     -1
    B 2 3  4 2  1 3 -1 -1
     -2/3
    B 2 3  4 2  2 2 0 -2
     -1/3
    B 2 3  4 1  1 3 0 -1
     2/3*mt^2-2/3*t
    B 2 3  3 1  1 2 0 -1
     2/3
;
  B 2 3  5 3  1 4 -1 -2
   1
    B 2 3  5 3  1 4 -2 -1
     (2*mt^2-s)^(-1)*(2*mt^2-t)
    B 2 3  5 2  1 4 -1 -1
     -(2*mt^2-s)^(-1)*(mt^2*t-t*s+2*mt^2*s-2*mt^4)
    B 2 3  4 2  1 3 0 -2
     1/3*(2*mt^2-s)^(-1)*s
    B 2 3  4 2  1 3 -1 -1
     -4/3*(2*mt^2-s)^(-1)*(2*mt^2-t)
    B 2 3  4 2  1 3 -2 0
     -2/3*(2*mt^2-s)^(-1)*mt^2
    B 2 3  4 1  1 3 0 -1
     1/3*(2*mt^2-s)^(-1)*(s^2-mt^2*s)
    B 2 3  4 1  1 3 -1 0
     2/3*(2*mt^2-s)^(-1)*(mt^2*s-mt^4)
    B 2 3  3 1  1 2 0 -1
     1/3*(2*mt^2-s)^(-1)*s
    B 2 3  3 1  1 2 -1 0
     2/3*(2*mt^2-s)^(-1)*mt^2
;
  B 2 3  5 3  1 4 0 -3
   1
    B 2 3  4 3  1 3 0 -3
     1/3*mt^(-2)*(-2+d)
;
  B 2 3  5 3  1 4 0 -3
   1
    B 2 3  5 2  1 4 0 -2
     mt^2-1/2*t
    B 2 3  4 2  1 3 0 -2
     -5/6*mt^(-2)*(2*mt^2-t)
    B 2 3  4 1  1 3 0 -1
     -2/3*mt^2
    B 2 3  3 1  1 2 0 -1
     2/3
;
  B 2 3  5 3  1 4 0 -3
   1
    B 2 3  5 3  2 3 0 -3
     -1/3
    B 2 3  4 3  1 3 0 -3
     2/3*mt^(-2)
    B 2 3  4 3  2 2 0 -3
     1/3*mt^(-2)
    B 2 3  4 2  1 3 0 -2
     -mt^(-2)*(mt^2-t)
    B 2 3  3 2  1 2 0 -2
     -mt^(-2)
;
  B 2 3  5 3  1 4 0 -3
   1
    B 2 3  5 3  2 3 0 -3
     1/3
    B 2 3  5 2  1 4 0 -2
     2*mt^2-t
    B 2 3  4 2  1 3 0 -2
     -1
    B 2 3  4 1  1 3 0 -1
     -4/3*mt^2
;
  B 2 3  5 3  1 4 0 -3
   1
    B 2 3  5 3  1 4 -1 -2
     (2*mt^2-s)^(-1)*(2*mt^2-t)
    B 2 3  5 2  1 4 0 -2
     -(2*mt^2-s)^(-1)*(mt^2*t-t*s+2*mt^2*s-2*mt^4)
    B 2 3  4 2  1 3 0 -2
     -1/3*(2*mt^2-s)^(-1)*(10*mt^2-5*t-2*s)
    B 2 3  4 2  1 3 -1 -1
     -4/3*(2*mt^2-s)^(-1)*mt^2
    B 2 3  4 1  1 3 0 -1
     4/3*(2*mt^2-s)^(-1)*(mt^2*s-mt^4)
    B 2 3  3 1  1 2 0 -1
     4/3*(2*mt^2-s)^(-1)*mt^2
;
  B 2 3  5 4  3 2 -4 0
   1
    B 2 3  5 3  3 2 -3 0
     -1/2*s
    B 2 3  4 3  2 2 -3 0
     -1/2*(2*mt^2-s)*mt^(-2)
    B 2 3  4 3  3 1 -3 0
     -2*mt^(-2)*s
    B 2 3  4 2  3 1 -2 0
     3/2*mt^(-2)*(s^2-2*mt^2*s)
    B 2 3  3 2  2 1 -2 0
     -3/2*mt^(-2)*s
;
  B 2 3  5 4  3 2 -4 0
   1
    B 2 3  5 4  4 1 -4 0
     3
    B 2 3  5 3  3 2 -3 0
     -mt^2
    B 2 3  5 3  4 1 -3 0
     3*mt^2-3*s
    B 2 3  4 3  3 1 -3 0
     -4
    B 2 3  4 2  3 1 -2 0
     -3*mt^2
;
  B 2 3  5 4  3 2 -3 -1
   1
    B 2 3  5 3  3 2 -3 0
     mt^2-1/2*t
    B 2 3  4 3  2 2 -3 0
     -1/2*mt^(-2)*t
    B 2 3  4 3  3 1 -2 -1
     -3/2*mt^(-2)*s
    B 2 3  4 3  3 1 -3 0
     -1/2*mt^(-2)*(2*mt^2-t)
    B 2 3  4 2  3 1 -2 0
     -3/2*s
;
  B 2 3  5 4  3 2 -3 -1
   1
    B 2 3  5 3  3 2 -2 -1
     -1/2*s
    B 2 3  4 3  2 2 -2 -1
     -1/2*(2*mt^2-s)*mt^(-2)
    B 2 3  4 3  3 1 -2 -1
     -3/2*mt^(-2)*s
    B 2 3  4 3  3 1 -3 0
     -1/2*mt^(-2)*(2*mt^2-t)
    B 2 3  4 2  3 1 -1 -1
     mt^(-2)*(s^2-2*mt^2*s)
    B 2 3  4 2  3 1 -2 0
     -1/2*mt^(-2)*(t*s-mt^2*s)
    B 2 3  3 2  2 1 -1 -1
     -mt^(-2)*s
    B 2 3  3 2  2 1 -2 0
     1/2*mt^(-2)*(2*mt^2-t-s)
;
  B 2 3  5 4  3 2 -3 -1
   1
    B 2 3  5 4  4 1 -3 -1
     3
    B 2 3  5 3  3 2 -3 0
     2*mt^2-t
    B 2 3  4 3  2 2 -3 0
     -1
    B 2 3  4 3  3 1 -2 -1
     -3
    B 2 3  4 3  3 1 -3 0
     -3
    B 2 3  4 2  3 1 -2 0
     -3*s
    B 2 3  3 2  2 1 -2 0
     3
;
  B 2 3  5 4  3 2 -3 -1
   1
    B 2 3  5 4  4 1 -3 -1
     3
    B 2 3  5 3  3 2 -2 -1
     -mt^2
    B 2 3  5 3  4 1 -2 -1
     3*mt^2-3*s
    B 2 3  4 3  3 1 -2 -1
     -3
    B 2 3  4 3  3 1 -3 0
     -1
    B 2 3  4 2  3 1 -1 -1
     -2*mt^2
    B 2 3  4 2  3 1 -2 0
     mt^2-t
;
  B 2 3  5 4  3 2 -3 -1
   1
    B 2 3  5 4  3 2 -4 0
     (2*mt^2-s)^(-1)*(2*mt^2-t)
    B 2 3  5 3  3 2 -3 0
     -(2*mt^2-s)^(-1)*(mt^2*t-t*s+2*mt^2*s-2*mt^4)
    B 2 3  4 3  2 2 -3 0
     -1
    B 2 3  4 3  3 1 -2 -1
     3*(2*mt^2-s)^(-1)*s
    B 2 3  4 3  3 1 -3 0
     -(2*mt^2-s)^(-1)*(2*mt^2-t+3*s)
    B 2 3  4 2  3 1 -2 0
     3*(2*mt^2-s)^(-1)*(s^2-mt^2*s)
    B 2 3  3 2  2 1 -2 0
     -3*(2*mt^2-s)^(-1)*s
;
  B 2 3  5 4  3 2 -2 -2
   1
    B 2 3  5 3  3 2 -2 -1
     mt^2-1/2*t
    B 2 3  4 3  2 2 -2 -1
     -1/2*mt^(-2)*t
    B 2 3  4 3  3 1 -1 -2
     -mt^(-2)*s
    B 2 3  4 3  3 1 -2 -1
     -mt^(-2)*(2*mt^2-t)
    B 2 3  4 2  3 1 -1 -1
     -s
    B 2 3  4 2  3 1 -2 0
     -mt^2
    B 2 3  3 2  2 1 -2 0
     -1/2*mt^(-2)*t
;
  B 2 3  5 4  3 2 -2 -2
   1
    B 2 3  5 3  3 2 -1 -2
     -1/2*s
    B 2 3  4 3  2 2 -1 -2
     -1/2*(2*mt^2-s)*mt^(-2)
    B 2 3  4 3  3 1 -1 -2
     -mt^(-2)*s
    B 2 3  4 3  3 1 -2 -1
     -mt^(-2)*(2*mt^2-t)
    B 2 3  4 2  3 1 0 -2
     1/2*mt^(-2)*(s^2-2*mt^2*s)
    B 2 3  4 2  3 1 -1 -1
     -mt^(-2)*(t*s-mt^2*s)
    B 2 3  3 2  2 1 0 -2
     -1/2*mt^(-2)*s
    B 2 3  3 2  2 1 -1 -1
     mt^(-2)*(2*mt^2-t-s)
;
  B 2 3  5 4  3 2 -2 -2
   1
    B 2 3  5 4  4 1 -2 -2
     3
    B 2 3  5 3  3 2 -2 -1
     2*mt^2-t
    B 2 3  4 3  2 2 -2 -1
     -1
    B 2 3  4 3  3 1 -1 -2
     -2
    B 2 3  4 3  3 1 -2 -1
     -4
    B 2 3  4 2  3 1 -1 -1
     -2*s
    B 2 3  4 2  3 1 -2 0
     -2*mt^2
    B 2 3  3 2  2 1 -1 -1
     2
    B 2 3  3 2  2 1 -2 0
     1
;
  B 2 3  5 4  3 2 -2 -2
   1
    B 2 3  5 4  4 1 -2 -2
     3
    B 2 3  5 3  3 2 -1 -2
     -mt^2
    B 2 3  5 3  4 1 -1 -2
     3*mt^2-3*s
    B 2 3  4 3  3 1 -1 -2
     -2
    B 2 3  4 3  3 1 -2 -1
     -2
    B 2 3  4 2  3 1 0 -2
     -mt^2
    B 2 3  4 2  3 1 -1 -1
     2*mt^2-2*t
;
  B 2 3  5 4  3 2 -2 -2
   1
    B 2 3  5 4  3 2 -3 -1
     (2*mt^2-s)^(-1)*(2*mt^2-t)
    B 2 3  5 3  3 2 -2 -1
     -(2*mt^2-s)^(-1)*(mt^2*t-t*s+2*mt^2*s-2*mt^4)
    B 2 3  4 3  2 2 -2 -1
     -1
    B 2 3  4 3  3 1 -1 -2
     2*(2*mt^2-s)^(-1)*s
    B 2 3  4 3  3 1 -2 -1
     -(2*mt^2-s)^(-1)*(4*mt^2-2*t+s)
    B 2 3  4 3  3 1 -3 0
     -2*(2*mt^2-s)^(-1)*mt^2
    B 2 3  4 2  3 1 -1 -1
     2*(2*mt^2-s)^(-1)*(s^2-mt^2*s)
    B 2 3  4 2  3 1 -2 0
     2*(2*mt^2-s)^(-1)*(mt^2*s-mt^4)
    B 2 3  3 2  2 1 -1 -1
     -2*(2*mt^2-s)^(-1)*s
    B 2 3  3 2  2 1 -2 0
     (2*mt^2-s)^(-1)*(2*mt^2-t-s)
;
  B 2 3  5 4  3 2 -1 -3
   1
    B 2 3  5 3  3 2 -1 -2
     mt^2-1/2*t
    B 2 3  4 3  2 2 -1 -2
     -1/2*mt^(-2)*t
    B 2 3  4 3  3 1 0 -3
     -1/2*mt^(-2)*s
    B 2 3  4 3  3 1 -1 -2
     -3/2*mt^(-2)*(2*mt^2-t)
    B 2 3  4 2  3 1 0 -2
     -1/2*s
    B 2 3  4 2  3 1 -1 -1
     -2*mt^2
    B 2 3  3 2  2 1 -1 -1
     -mt^(-2)*t
;
  B 2 3  5 4  3 2 -1 -3
   1
    B 2 3  5 3  3 2 0 -3
     -1/2*s
    B 2 3  4 3  2 2 0 -3
     -1/2*(2*mt^2-s)*mt^(-2)
    B 2 3  4 3  3 1 0 -3
     -1/2*mt^(-2)*s
    B 2 3  4 3  3 1 -1 -2
     -3/2*mt^(-2)*(2*mt^2-t)
    B 2 3  4 2  3 1 0 -2
     -3/2*mt^(-2)*(t*s-mt^2*s)
    B 2 3  3 2  2 1 0 -2
     3/2*mt^(-2)*(2*mt^2-t-s)
;
  B 2 3  5 4  3 2 -1 -3
   1
    B 2 3  5 4  4 1 -1 -3
     3
    B 2 3  5 3  3 2 -1 -2
     2*mt^2-t
    B 2 3  4 3  2 2 -1 -2
     -1
    B 2 3  4 3  3 1 0 -3
     -1
    B 2 3  4 3  3 1 -1 -2
     -5
    B 2 3  4 2  3 1 0 -2
     -s
    B 2 3  4 2  3 1 -1 -1
     -4*mt^2
    B 2 3  3 2  2 1 0 -2
     1
    B 2 3  3 2  2 1 -1 -1
     2
;
  B 2 3  5 4  3 2 -1 -3
   1
    B 2 3  5 4  4 1 -1 -3
     3
    B 2 3  5 3  3 2 0 -3
     -mt^2
    B 2 3  5 3  4 1 0 -3
     3*mt^2-3*s
    B 2 3  4 3  3 1 0 -3
     -1
    B 2 3  4 3  3 1 -1 -2
     -3
    B 2 3  4 2  3 1 0 -2
     3*mt^2-3*t
;
  B 2 3  5 4  3 2 -1 -3
   1
    B 2 3  5 4  3 2 -2 -2
     (2*mt^2-s)^(-1)*(2*mt^2-t)
    B 2 3  5 3  3 2 -1 -2
     -(2*mt^2-s)^(-1)*(mt^2*t-t*s+2*mt^2*s-2*mt^4)
    B 2 3  4 3  2 2 -1 -2
     -1
    B 2 3  4 3  3 1 0 -3
     (2*mt^2-s)^(-1)*s
    B 2 3  4 3  3 1 -1 -2
     -(2*mt^2-s)^(-1)*(6*mt^2-3*t-s)
    B 2 3  4 3  3 1 -2 -1
     -4*(2*mt^2-s)^(-1)*mt^2
    B 2 3  4 2  3 1 0 -2
     (2*mt^2-s)^(-1)*(s^2-mt^2*s)
    B 2 3  4 2  3 1 -1 -1
     4*(2*mt^2-s)^(-1)*(mt^2*s-mt^4)
    B 2 3  3 2  2 1 0 -2
     -(2*mt^2-s)^(-1)*s
    B 2 3  3 2  2 1 -1 -1
     2*(2*mt^2-s)^(-1)*(2*mt^2-t-s)
;
  B 2 3  5 4  3 2 0 -4
   1
    B 2 3  5 3  3 2 0 -3
     mt^2-1/2*t
    B 2 3  4 3  2 2 0 -3
     -1/2*mt^(-2)*t
    B 2 3  4 3  3 1 0 -3
     -2*mt^(-2)*(2*mt^2-t)
    B 2 3  4 2  3 1 0 -2
     -3*mt^2
    B 2 3  3 2  2 1 0 -2
     -3/2*mt^(-2)*t
;
  B 2 3  5 4  3 2 0 -4
   1
    B 2 3  5 4  4 1 0 -4
     3
    B 2 3  5 3  3 2 0 -3
     2*mt^2-t
    B 2 3  4 3  2 2 0 -3
     -1
    B 2 3  4 3  3 1 0 -3
     -6
    B 2 3  4 2  3 1 0 -2
     -6*mt^2
    B 2 3  3 2  2 1 0 -2
     3
;
  B 2 3  5 4  3 2 0 -4
   1
    B 2 3  5 4  3 2 -1 -3
     (2*mt^2-s)^(-1)*(2*mt^2-t)
    B 2 3  5 3  3 2 0 -3
     -(2*mt^2-s)^(-1)*(mt^2*t-t*s+2*mt^2*s-2*mt^4)
    B 2 3  4 3  2 2 0 -3
     -1
    B 2 3  4 3  3 1 0 -3
     -(2*mt^2-s)^(-1)*(8*mt^2-4*t-3*s)
    B 2 3  4 3  3 1 -1 -2
     -6*(2*mt^2-s)^(-1)*mt^2
    B 2 3  4 2  3 1 0 -2
     6*(2*mt^2-s)^(-1)*(mt^2*s-mt^4)
    B 2 3  3 2  2 1 0 -2
     3*(2*mt^2-s)^(-1)*(2*mt^2-t-s)
;
  B 2 3  5 4  2 3 -4 0
   1
    B 2 3  5 3  2 3 -3 0
     -1/2*s
    B 2 3  4 3  1 3 -3 0
     -1/2*(2*mt^2-s)*mt^(-2)
    B 2 3  4 3  2 2 -3 0
     -5/4*mt^(-2)*s
    B 2 3  4 2  2 2 -2 0
     3/4*mt^(-2)*(s^2-2*mt^2*s)
    B 2 3  3 2  1 2 -2 0
     -3/4*mt^(-2)*s
    B 2 3  3 2  2 1 -2 0
     3/2*mt^(-2)*s
;
  B 2 3  5 4  2 3 -4 0
   1
    B 2 3  5 4  3 2 -4 0
     1
    B 2 3  5 3  2 3 -3 0
     -mt^2
    B 2 3  5 3  3 2 -3 0
     mt^2-s
    B 2 3  4 3  2 2 -3 0
     -5/2
    B 2 3  4 3  3 1 -3 0
     -1
    B 2 3  4 2  2 2 -2 0
     -3/2*mt^2
    B 2 3  3 2  2 1 -2 0
     3/2
;
  B 2 3  5 4  2 3 -3 -1
   1
    B 2 3  5 3  2 3 -3 0
     mt^2-1/2*t
    B 2 3  4 3  1 3 -3 0
     -1/2*mt^(-2)*t
    B 2 3  4 3  2 2 -2 -1
     -3/4*mt^(-2)*s
    B 2 3  4 3  2 2 -3 0
     -1/2*mt^(-2)*(2*mt^2-t)
    B 2 3  4 2  2 2 -2 0
     -3/4*s
    B 2 3  3 2  2 1 -2 0
     3/4*mt^(-2)*s
;
  B 2 3  5 4  2 3 -3 -1
   1
    B 2 3  5 3  2 3 -2 -1
     -1/2*s
    B 2 3  4 3  1 3 -2 -1
     -1/2*(2*mt^2-s)*mt^(-2)
    B 2 3  4 3  2 2 -2 -1
     -mt^(-2)*s
    B 2 3  4 3  2 2 -3 0
     -1/4*mt^(-2)*(2*mt^2-t)
    B 2 3  4 2  2 2 -1 -1
     1/2*mt^(-2)*(s^2-2*mt^2*s)
    B 2 3  4 2  2 2 -2 0
     -1/4*mt^(-2)*(t*s-mt^2*s)
    B 2 3  3 2  1 2 -1 -1
     -1/2*mt^(-2)*s
    B 2 3  3 2  1 2 -2 0
     1/4*mt^(-2)*(2*mt^2-t-s)
    B 2 3  3 2  2 1 -1 -1
     mt^(-2)*s
    B 2 3  3 2  2 1 -2 0
     1/4*mt^(-2)*s
;
  B 2 3  5 4  2 3 -3 -1
   1
    B 2 3  5 4  3 2 -3 -1
     1
    B 2 3  5 3  2 3 -3 0
     2*mt^2-t
    B 2 3  4 3  1 3 -3 0
     -1
    B 2 3  4 3  2 2 -2 -1
     -3/2
    B 2 3  4 3  2 2 -3 0
     -1
    B 2 3  4 2  2 2 -2 0
     -3/2*s
    B 2 3  3 2  1 2 -2 0
     3/2
;
  B 2 3  5 4  2 3 -3 -1
   1
    B 2 3  5 4  3 2 -3 -1
     1
    B 2 3  5 3  2 3 -2 -1
     -mt^2
    B 2 3  5 3  3 2 -2 -1
     mt^2-s
    B 2 3  4 3  2 2 -2 -1
     -2
    B 2 3  4 3  2 2 -3 0
     -1/2
    B 2 3  4 3  3 1 -2 -1
     -1
    B 2 3  4 2  2 2 -1 -1
     -mt^2
    B 2 3  4 2  2 2 -2 0
     1/2*mt^2-1/2*t
    B 2 3  3 2  2 1 -1 -1
     1
    B 2 3  3 2  2 1 -2 0
     1/2
;
  B 2 3  5 4  2 3 -3 -1
   1
    B 2 3  5 4  2 3 -4 0
     (2*mt^2-s)^(-1)*(2*mt^2-t)
    B 2 3  5 3  2 3 -3 0
     -(2*mt^2-s)^(-1)*(mt^2*t-t*s+2*mt^2*s-2*mt^4)
    B 2 3  4 3  1 3 -3 0
     -1
    B 2 3  4 3  2 2 -2 -1
     3/2*(2*mt^2-s)^(-1)*s
    B 2 3  4 3  2 2 -3 0
     -1/2*(2*mt^2-s)^(-1)*(4*mt^2-2*t+3*s)
    B 2 3  4 2  2 2 -2 0
     3/2*(2*mt^2-s)^(-1)*(s^2-mt^2*s)
    B 2 3  3 2  1 2 -2 0
     -3/2*(2*mt^2-s)^(-1)*s
    B 2 3  3 2  2 1 -2 0
     3/2*(2*mt^2-s)^(-1)*s
;
  B 2 3  5 4  2 3 -2 -2
   1
    B 2 3  5 3  2 3 -2 -1
     mt^2-1/2*t
    B 2 3  4 3  1 3 -2 -1
     -1/2*mt^(-2)*t
    B 2 3  4 3  2 2 -1 -2
     -1/2*mt^(-2)*s
    B 2 3  4 3  2 2 -2 -1
     -3/4*mt^(-2)*(2*mt^2-t)
    B 2 3  4 2  2 2 -1 -1
     -1/2*s
    B 2 3  4 2  2 2 -2 0
     -1/2*mt^2
    B 2 3  3 2  1 2 -2 0
     -1/4*mt^(-2)*t
    B 2 3  3 2  2 1 -1 -1
     1/2*mt^(-2)*s
    B 2 3  3 2  2 1 -2 0
     1/2
;
  B 2 3  5 4  2 3 -2 -2
   1
    B 2 3  5 3  2 3 -1 -2
     -1/2*s
    B 2 3  4 3  1 3 -1 -2
     -1/2*(2*mt^2-s)*mt^(-2)
    B 2 3  4 3  2 2 -1 -2
     -3/4*mt^(-2)*s
    B 2 3  4 3  2 2 -2 -1
     -1/2*mt^(-2)*(2*mt^2-t)
    B 2 3  4 2  2 2 0 -2
     1/4*mt^(-2)*(s^2-2*mt^2*s)
    B 2 3  4 2  2 2 -1 -1
     -1/2*mt^(-2)*(t*s-mt^2*s)
    B 2 3  3 2  1 2 0 -2
     -1/4*mt^(-2)*s
    B 2 3  3 2  1 2 -1 -1
     1/2*mt^(-2)*(2*mt^2-t-s)
    B 2 3  3 2  2 1 0 -2
     1/2*mt^(-2)*s
    B 2 3  3 2  2 1 -1 -1
     1/2*mt^(-2)*s
;
  B 2 3  5 4  2 3 -2 -2
   1
    B 2 3  5 4  3 2 -2 -2
     1
    B 2 3  5 3  2 3 -2 -1
     2*mt^2-t
    B 2 3  4 3  1 3 -2 -1
     -1
    B 2 3  4 3  2 2 -1 -2
     -1
    B 2 3  4 3  2 2 -2 -1
     -3/2
    B 2 3  4 2  2 2 -1 -1
     -s
    B 2 3  4 2  2 2 -2 0
     -mt^2
    B 2 3  3 2  1 2 -1 -1
     1
    B 2 3  3 2  1 2 -2 0
     1/2
;
  B 2 3  5 4  2 3 -2 -2
   1
    B 2 3  5 4  3 2 -2 -2
     1
    B 2 3  5 3  2 3 -1 -2
     -mt^2
    B 2 3  5 3  3 2 -1 -2
     mt^2-s
    B 2 3  4 3  2 2 -1 -2
     -3/2
    B 2 3  4 3  2 2 -2 -1
     -1
    B 2 3  4 3  3 1 -1 -2
     -1
    B 2 3  4 2  2 2 0 -2
     -1/2*mt^2
    B 2 3  4 2  2 2 -1 -1
     mt^2-t
    B 2 3  3 2  2 1 0 -2
     1/2
    B 2 3  3 2  2 1 -1 -1
     1
;
  B 2 3  5 4  2 3 -2 -2
   1
    B 2 3  5 4  2 3 -3 -1
     (2*mt^2-s)^(-1)*(2*mt^2-t)
    B 2 3  5 3  2 3 -2 -1
     -(2*mt^2-s)^(-1)*(mt^2*t-t*s+2*mt^2*s-2*mt^4)
    B 2 3  4 3  1 3 -2 -1
     -1
    B 2 3  4 3  2 2 -1 -2
     (2*mt^2-s)^(-1)*s
    B 2 3  4 3  2 2 -2 -1
     -1/2*(2*mt^2-s)^(-1)*(6*mt^2-3*t+s)
    B 2 3  4 3  2 2 -3 0
     -(2*mt^2-s)^(-1)*mt^2
    B 2 3  4 2  2 2 -1 -1
     (2*mt^2-s)^(-1)*(s^2-mt^2*s)
    B 2 3  4 2  2 2 -2 0
     (2*mt^2-s)^(-1)*(mt^2*s-mt^4)
    B 2 3  3 2  1 2 -1 -1
     -(2*mt^2-s)^(-1)*s
    B 2 3  3 2  1 2 -2 0
     1/2*(2*mt^2-s)^(-1)*(2*mt^2-t-s)
    B 2 3  3 2  2 1 -1 -1
     (2*mt^2-s)^(-1)*s
    B 2 3  3 2  2 1 -2 0
     (2*mt^2-s)^(-1)*mt^2
;
  B 2 3  5 4  2 3 -1 -3
   1
    B 2 3  5 3  2 3 -1 -2
     mt^2-1/2*t
    B 2 3  4 3  1 3 -1 -2
     -1/2*mt^(-2)*t
    B 2 3  4 3  2 2 0 -3
     -1/4*mt^(-2)*s
    B 2 3  4 3  2 2 -1 -2
     -mt^(-2)*(2*mt^2-t)
    B 2 3  4 2  2 2 0 -2
     -1/4*s
    B 2 3  4 2  2 2 -1 -1
     -mt^2
    B 2 3  3 2  1 2 -1 -1
     -1/2*mt^(-2)*t
    B 2 3  3 2  2 1 0 -2
     1/4*mt^(-2)*s
    B 2 3  3 2  2 1 -1 -1
     1
;
  B 2 3  5 4  2 3 -1 -3
   1
    B 2 3  5 3  2 3 0 -3
     -1/2*s
    B 2 3  4 3  1 3 0 -3
     -1/2*(2*mt^2-s)*mt^(-2)
    B 2 3  4 3  2 2 0 -3
     -1/2*mt^(-2)*s
    B 2 3  4 3  2 2 -1 -2
     -3/4*mt^(-2)*(2*mt^2-t)
    B 2 3  4 2  2 2 0 -2
     -3/4*mt^(-2)*(t*s-mt^2*s)
    B 2 3  3 2  1 2 0 -2
     3/4*mt^(-2)*(2*mt^2-t-s)
    B 2 3  3 2  2 1 0 -2
     3/4*mt^(-2)*s
;
  B 2 3  5 4  2 3 -1 -3
   1
    B 2 3  5 4  3 2 -1 -3
     1
    B 2 3  5 3  2 3 -1 -2
     2*mt^2-t
    B 2 3  4 3  1 3 -1 -2
     -1
    B 2 3  4 3  2 2 0 -3
     -1/2
    B 2 3  4 3  2 2 -1 -2
     -2
    B 2 3  4 2  2 2 0 -2
     -1/2*s
    B 2 3  4 2  2 2 -1 -1
     -2*mt^2
    B 2 3  3 2  1 2 0 -2
     1/2
    B 2 3  3 2  1 2 -1 -1
     1
;
  B 2 3  5 4  2 3 -1 -3
   1
    B 2 3  5 4  3 2 -1 -3
     1
    B 2 3  5 3  2 3 0 -3
     -mt^2
    B 2 3  5 3  3 2 0 -3
     mt^2-s
    B 2 3  4 3  2 2 0 -3
     -1
    B 2 3  4 3  2 2 -1 -2
     -3/2
    B 2 3  4 3  3 1 0 -3
     -1
    B 2 3  4 2  2 2 0 -2
     3/2*mt^2-3/2*t
    B 2 3  3 2  2 1 0 -2
     3/2
;
  B 2 3  5 4  2 3 -1 -3
   1
    B 2 3  5 4  2 3 -2 -2
     (2*mt^2-s)^(-1)*(2*mt^2-t)
    B 2 3  5 3  2 3 -1 -2
     -(2*mt^2-s)^(-1)*(mt^2*t-t*s+2*mt^2*s-2*mt^4)
    B 2 3  4 3  1 3 -1 -2
     -1
    B 2 3  4 3  2 2 0 -3
     1/2*(2*mt^2-s)^(-1)*s
    B 2 3  4 3  2 2 -1 -2
     -1/2*(2*mt^2-s)^(-1)*(8*mt^2-4*t-s)
    B 2 3  4 3  2 2 -2 -1
     -2*(2*mt^2-s)^(-1)*mt^2
    B 2 3  4 2  2 2 0 -2
     1/2*(2*mt^2-s)^(-1)*(s^2-mt^2*s)
    B 2 3  4 2  2 2 -1 -1
     2*(2*mt^2-s)^(-1)*(mt^2*s-mt^4)
    B 2 3  3 2  1 2 0 -2
     -1/2*(2*mt^2-s)^(-1)*s
    B 2 3  3 2  1 2 -1 -1
     (2*mt^2-s)^(-1)*(2*mt^2-t-s)
    B 2 3  3 2  2 1 0 -2
     1/2*(2*mt^2-s)^(-1)*s
    B 2 3  3 2  2 1 -1 -1
     2*(2*mt^2-s)^(-1)*mt^2
;
  B 2 3  5 4  2 3 0 -4
   1
    B 2 3  5 3  2 3 0 -3
     mt^2-1/2*t
    B 2 3  4 3  1 3 0 -3
     -1/2*mt^(-2)*t
    B 2 3  4 3  2 2 0 -3
     -5/4*mt^(-2)*(2*mt^2-t)
    B 2 3  4 2  2 2 0 -2
     -3/2*mt^2
    B 2 3  3 2  1 2 0 -2
     -3/4*mt^(-2)*t
    B 2 3  3 2  2 1 0 -2
     3/2
;
  B 2 3  5 4  2 3 0 -4
   1
    B 2 3  5 4  3 2 0 -4
     1
    B 2 3  5 3  2 3 0 -3
     2*mt^2-t
    B 2 3  4 3  1 3 0 -3
     -1
    B 2 3  4 3  2 2 0 -3
     -5/2
    B 2 3  4 2  2 2 0 -2
     -3*mt^2
    B 2 3  3 2  1 2 0 -2
     3/2
;
  B 2 3  5 4  2 3 0 -4
   1
    B 2 3  5 4  2 3 -1 -3
     (2*mt^2-s)^(-1)*(2*mt^2-t)
    B 2 3  5 3  2 3 0 -3
     -(2*mt^2-s)^(-1)*(mt^2*t-t*s+2*mt^2*s-2*mt^4)
    B 2 3  4 3  1 3 0 -3
     -1
    B 2 3  4 3  2 2 0 -3
     -1/2*(2*mt^2-s)^(-1)*(10*mt^2-5*t-3*s)
    B 2 3  4 3  2 2 -1 -2
     -3*(2*mt^2-s)^(-1)*mt^2
    B 2 3  4 2  2 2 0 -2
     3*(2*mt^2-s)^(-1)*(mt^2*s-mt^4)
    B 2 3  3 2  1 2 0 -2
     3/2*(2*mt^2-s)^(-1)*(2*mt^2-t-s)
    B 2 3  3 2  2 1 0 -2
     3*(2*mt^2-s)^(-1)*mt^2
;
  B 2 3  5 4  1 4 -4 0
   1
    B 2 3  5 3  1 4 -3 0
     -1/2*s
    B 2 3  4 3  1 3 -3 0
     -mt^(-2)*s
    B 2 3  4 2  1 3 -2 0
     1/2*mt^(-2)*(s^2-2*mt^2*s)
    B 2 3  3 2  1 2 -2 0
     mt^(-2)*s
;
  B 2 3  5 4  1 4 -4 0
   1
    B 2 3  5 4  2 3 -4 0
     1/3
    B 2 3  5 3  1 4 -3 0
     -mt^2
    B 2 3  5 3  2 3 -3 0
     1/3*mt^2-1/3*s
    B 2 3  4 3  1 3 -3 0
     -2
    B 2 3  4 3  2 2 -3 0
     -1/3
    B 2 3  4 2  1 3 -2 0
     -mt^2
    B 2 3  3 2  1 2 -2 0
     1
;
  B 2 3  5 4  1 4 -3 -1
   1
    B 2 3  5 3  1 4 -3 0
     mt^2-1/2*t
    B 2 3  4 3  1 3 -2 -1
     -1/2*mt^(-2)*s
    B 2 3  4 3  1 3 -3 0
     -1/2*mt^(-2)*(2*mt^2-t)
    B 2 3  4 2  1 3 -2 0
     -1/2*s
    B 2 3  3 2  1 2 -2 0
     1/2*mt^(-2)*s
;
  B 2 3  5 4  1 4 -3 -1
   1
    B 2 3  5 3  1 4 -2 -1
     -1/2*s
    B 2 3  4 3  1 3 -2 -1
     -5/6*mt^(-2)*s
    B 2 3  4 3  1 3 -3 0
     -1/6*mt^(-2)*(2*mt^2-t)
    B 2 3  4 2  1 3 -1 -1
     1/3*mt^(-2)*(s^2-2*mt^2*s)
    B 2 3  4 2  1 3 -2 0
     -1/6*mt^(-2)*(t*s-mt^2*s)
    B 2 3  3 2  1 2 -1 -1
     2/3*mt^(-2)*s
    B 2 3  3 2  1 2 -2 0
     1/6*mt^(-2)*s
;
  B 2 3  5 4  1 4 -3 -1
   1
    B 2 3  5 4  2 3 -3 -1
     1/3
    B 2 3  5 3  1 4 -3 0
     2*mt^2-t
    B 2 3  4 3  1 3 -2 -1
     -1
    B 2 3  4 3  1 3 -3 0
     -1/3
    B 2 3  4 2  1 3 -2 0
     -s
;
  B 2 3  5 4  1 4 -3 -1
   1
    B 2 3  5 4  2 3 -3 -1
     1/3
    B 2 3  5 3  1 4 -2 -1
     -mt^2
    B 2 3  5 3  2 3 -2 -1
     1/3*mt^2-1/3*s
    B 2 3  4 3  1 3 -2 -1
     -5/3
    B 2 3  4 3  1 3 -3 0
     -1/3
    B 2 3  4 3  2 2 -2 -1
     -1/3
    B 2 3  4 2  1 3 -1 -1
     -2/3*mt^2
    B 2 3  4 2  1 3 -2 0
     1/3*mt^2-1/3*t
    B 2 3  3 2  1 2 -1 -1
     2/3
    B 2 3  3 2  1 2 -2 0
     1/3
;
  B 2 3  5 4  1 4 -3 -1
   1
    B 2 3  5 4  1 4 -4 0
     (2*mt^2-s)^(-1)*(2*mt^2-t)
    B 2 3  5 3  1 4 -3 0
     -(2*mt^2-s)^(-1)*(mt^2*t-t*s+2*mt^2*s-2*mt^4)
    B 2 3  4 3  1 3 -2 -1
     (2*mt^2-s)^(-1)*s
    B 2 3  4 3  1 3 -3 0
     -(2*mt^2-s)^(-1)*(2*mt^2-t+s)
    B 2 3  4 2  1 3 -2 0
     (2*mt^2-s)^(-1)*(s^2-mt^2*s)
    B 2 3  3 2  1 2 -2 0
     (2*mt^2-s)^(-1)*s
;
  B 2 3  5 4  1 4 -2 -2
   1
    B 2 3  5 3  1 4 -2 -1
     mt^2-1/2*t
    B 2 3  4 3  1 3 -1 -2
     -1/3*mt^(-2)*s
    B 2 3  4 3  1 3 -2 -1
     -2/3*mt^(-2)*(2*mt^2-t)
    B 2 3  4 2  1 3 -1 -1
     -1/3*s
    B 2 3  4 2  1 3 -2 0
     -1/3*mt^2
    B 2 3  3 2  1 2 -1 -1
     1/3*mt^(-2)*s
    B 2 3  3 2  1 2 -2 0
     1/3
;
  B 2 3  5 4  1 4 -2 -2
   1
    B 2 3  5 3  1 4 -1 -2
     -1/2*s
    B 2 3  4 3  1 3 -1 -2
     -2/3*mt^(-2)*s
    B 2 3  4 3  1 3 -2 -1
     -1/3*mt^(-2)*(2*mt^2-t)
    B 2 3  4 2  1 3 0 -2
     1/6*mt^(-2)*(s^2-2*mt^2*s)
    B 2 3  4 2  1 3 -1 -1
     -1/3*mt^(-2)*(t*s-mt^2*s)
    B 2 3  3 2  1 2 0 -2
     1/3*mt^(-2)*s
    B 2 3  3 2  1 2 -1 -1
     1/3*mt^(-2)*s
;
  B 2 3  5 4  1 4 -2 -2
   1
    B 2 3  5 4  2 3 -2 -2
     1/3
    B 2 3  5 3  1 4 -2 -1
     2*mt^2-t
    B 2 3  4 3  1 3 -1 -2
     -2/3
    B 2 3  4 3  1 3 -2 -1
     -2/3
    B 2 3  4 2  1 3 -1 -1
     -2/3*s
    B 2 3  4 2  1 3 -2 0
     -2/3*mt^2
;
  B 2 3  5 4  1 4 -2 -2
   1
    B 2 3  5 4  2 3 -2 -2
     1/3
    B 2 3  5 3  1 4 -1 -2
     -mt^2
    B 2 3  5 3  2 3 -1 -2
     1/3*mt^2-1/3*s
    B 2 3  4 3  1 3 -1 -2
     -4/3
    B 2 3  4 3  1 3 -2 -1
     -2/3
    B 2 3  4 3  2 2 -1 -2
     -1/3
    B 2 3  4 2  1 3 0 -2
     -1/3*mt^2
    B 2 3  4 2  1 3 -1 -1
     2/3*mt^2-2/3*t
    B 2 3  3 2  1 2 0 -2
     1/3
    B 2 3  3 2  1 2 -1 -1
     2/3
;
  B 2 3  5 4  1 4 -2 -2
   1
    B 2 3  5 4  1 4 -3 -1
     (2*mt^2-s)^(-1)*(2*mt^2-t)
    B 2 3  5 3  1 4 -2 -1
     -(2*mt^2-s)^(-1)*(mt^2*t-t*s+2*mt^2*s-2*mt^4)
    B 2 3  4 3  1 3 -1 -2
     2/3*(2*mt^2-s)^(-1)*s
    B 2 3  4 3  1 3 -2 -1
     -1/3*(2*mt^2-s)^(-1)*(8*mt^2-4*t+s)
    B 2 3  4 3  1 3 -3 0
     -2/3*(2*mt^2-s)^(-1)*mt^2
    B 2 3  4 2  1 3 -1 -1
     2/3*(2*mt^2-s)^(-1)*(s^2-mt^2*s)
    B 2 3  4 2  1 3 -2 0
     2/3*(2*mt^2-s)^(-1)*(mt^2*s-mt^4)
    B 2 3  3 2  1 2 -1 -1
     2/3*(2*mt^2-s)^(-1)*s
    B 2 3  3 2  1 2 -2 0
     2/3*(2*mt^2-s)^(-1)*mt^2
;
  B 2 3  5 4  1 4 -1 -3
   1
    B 2 3  5 3  1 4 -1 -2
     mt^2-1/2*t
    B 2 3  4 3  1 3 0 -3
     -1/6*mt^(-2)*s
    B 2 3  4 3  1 3 -1 -2
     -5/6*mt^(-2)*(2*mt^2-t)
    B 2 3  4 2  1 3 0 -2
     -1/6*s
    B 2 3  4 2  1 3 -1 -1
     -2/3*mt^2
    B 2 3  3 2  1 2 0 -2
     1/6*mt^(-2)*s
    B 2 3  3 2  1 2 -1 -1
     2/3
;
  B 2 3  5 4  1 4 -1 -3
   1
    B 2 3  5 3  1 4 0 -3
     -1/2*s
    B 2 3  4 3  1 3 0 -3
     -1/2*mt^(-2)*s
    B 2 3  4 3  1 3 -1 -2
     -1/2*mt^(-2)*(2*mt^2-t)
    B 2 3  4 2  1 3 0 -2
     -1/2*mt^(-2)*(t*s-mt^2*s)
    B 2 3  3 2  1 2 0 -2
     1/2*mt^(-2)*s
;
  B 2 3  5 4  1 4 -1 -3
   1
    B 2 3  5 4  2 3 -1 -3
     1/3
    B 2 3  5 3  1 4 -1 -2
     2*mt^2-t
    B 2 3  4 3  1 3 0 -3
     -1/3
    B 2 3  4 3  1 3 -1 -2
     -1
    B 2 3  4 2  1 3 0 -2
     -1/3*s
    B 2 3  4 2  1 3 -1 -1
     -4/3*mt^2
;
  B 2 3  5 4  1 4 -1 -3
   1
    B 2 3  5 4  2 3 -1 -3
     1/3
    B 2 3  5 3  1 4 0 -3
     -mt^2
    B 2 3  5 3  2 3 0 -3
     1/3*mt^2-1/3*s
    B 2 3  4 3  1 3 0 -3
     -1
    B 2 3  4 3  1 3 -1 -2
     -1
    B 2 3  4 3  2 2 0 -3
     -1/3
    B 2 3  4 2  1 3 0 -2
     mt^2-t
    B 2 3  3 2  1 2 0 -2
     1
;
  B 2 3  5 4  1 4 -1 -3
   1
    B 2 3  5 4  1 4 -2 -2
     (2*mt^2-s)^(-1)*(2*mt^2-t)
    B 2 3  5 3  1 4 -1 -2
     -(2*mt^2-s)^(-1)*(mt^2*t-t*s+2*mt^2*s-2*mt^4)
    B 2 3  4 3  1 3 0 -3
     1/3*(2*mt^2-s)^(-1)*s
    B 2 3  4 3  1 3 -1 -2
     -1/3*(2*mt^2-s)^(-1)*(10*mt^2-5*t-s)
    B 2 3  4 3  1 3 -2 -1
     -4/3*(2*mt^2-s)^(-1)*mt^2
    B 2 3  4 2  1 3 0 -2
     1/3*(2*mt^2-s)^(-1)*(s^2-mt^2*s)
    B 2 3  4 2  1 3 -1 -1
     4/3*(2*mt^2-s)^(-1)*(mt^2*s-mt^4)
    B 2 3  3 2  1 2 0 -2
     1/3*(2*mt^2-s)^(-1)*s
    B 2 3  3 2  1 2 -1 -1
     4/3*(2*mt^2-s)^(-1)*mt^2
;
  B 2 3  5 4  1 4 0 -4
   1
    B 2 3  5 3  1 4 0 -3
     mt^2-1/2*t
    B 2 3  4 3  1 3 0 -3
     -mt^(-2)*(2*mt^2-t)
    B 2 3  4 2  1 3 0 -2
     -mt^2
    B 2 3  3 2  1 2 0 -2
     1
;
  B 2 3  5 4  1 4 0 -4
   1
    B 2 3  5 4  2 3 0 -4
     1/3
    B 2 3  5 3  1 4 0 -3
     2*mt^2-t
    B 2 3  4 3  1 3 0 -3
     -4/3
    B 2 3  4 2  1 3 0 -2
     -2*mt^2
;
  B 2 3  5 4  1 4 0 -4
   1
    B 2 3  5 4  1 4 -1 -3
     (2*mt^2-s)^(-1)*(2*mt^2-t)
    B 2 3  5 3  1 4 0 -3
     -(2*mt^2-s)^(-1)*(mt^2*t-t*s+2*mt^2*s-2*mt^4)
    B 2 3  4 3  1 3 0 -3
     -(2*mt^2-s)^(-1)*(4*mt^2-2*t-s)
    B 2 3  4 3  1 3 -1 -2
     -2*(2*mt^2-s)^(-1)*mt^2
    B 2 3  4 2  1 3 0 -2
     2*(2*mt^2-s)^(-1)*(mt^2*s-mt^4)
    B 2 3  3 2  1 2 0 -2
     2*(2*mt^2-s)^(-1)*mt^2
;
