  B 3 7  3 0  1 1 1 0
   1
    B 2 5  2 0  1 0 1 0
     2*(-3+d)*(-4+d)^(-1)*s^(-1)
;
  B 3 7  3 1  1 1 1 -1
   1
    B 2 5  2 0  1 0 1 0
     (-4+d)^(-1)*s^(-1)*(4*s-2*mt^2-s*d+2*t)
;
  B 3 7  3 2  1 1 1 -2
   1
    B 2 5  2 0  1 0 1 0
     -1/2*(-2+d)^(-1)*(-4+d)^(-1)*s^(-1)*(4*s*d*t-16*s*t+6*s^2*d-8*t^2+16*mt^2*t-s^2*d^2-8*mt^4-8*s^2)
;
  B 3 7  3 3  1 1 1 -3
   1
    B 2 5  2 0  1 0 1 0
     -1/4*(-2+d)^(-1)*(-4+d)^(-1)*s^(-1)*(s^3*d^3-48*s^2*mt^2+96*s*mt^2*t-48*t^3-24*s*d*mt^2*t+36*s^2*d*mt^2-6*s^2*d^2*t-6*s^3*d^2+144*mt^2*t^2+48*mt^6+8*s^3*d-96*s*t^2+24*s*d*t^2-6*s^2*d^2*mt^2+36*s^2*d*t-48*s^2*t-144*mt^4*t)*(-1+d)^(-1)
;
  B 3 7  4 0  2 1 1 0
   1
    B 2 5  2 0  1 0 1 0
     -2*(-3+d)*s^(-2)
;
  B 3 7  4 0  1 2 1 0
   1
    B 2 5  2 0  1 0 1 0
     -4*(-3+d)*s^(-2)*(-6+d)^(-1)
;
  B 3 7  4 0  1 1 2 0
   1
    B 2 5  2 0  1 0 1 0
     -2*(-3+d)*s^(-2)
;
  B 3 7  4 1  2 1 1 -1
   1
    B 2 5  2 0  1 0 1 0
     -(-4+d)^(-1)*s^(-2)*(2*d*t-12*s-s*d^2-2*d*mt^2+6*mt^2+7*s*d-6*t)
;
  B 3 7  4 1  1 2 1 -1
   1
    B 2 5  2 0  1 0 1 0
     -2*(4*d*t-18*s-s*d^2-4*d*mt^2+12*mt^2+9*s*d-12*t)*(-4+d)^(-1)*s^(-2)*(-6+d)^(-1)
;
  B 3 7  4 1  1 1 2 -1
   1
    B 2 5  2 0  1 0 1 0
     -(-4+d)^(-1)*s^(-2)*(2*d*t-12*s-s*d^2-2*d*mt^2+6*mt^2+7*s*d-6*t)
;
  B 3 7  4 2  2 1 1 -2
   1
    B 2 5  2 0  1 0 1 0
     1/2*(-4+d)^(-1)*s^(-2)*(4*s*d*t-16*s*t+6*s^2*d-8*t^2+16*mt^2*t-s^2*d^2-8*mt^4-8*s^2)
;
  B 3 7  4 2  1 2 1 -2
   1
    B 2 5  2 0  1 0 1 0
     (-4+d)^(-1)*s^(-2)*(-6+d)^(-1)*(8*s*d*t-48*s*t+10*s^2*d-24*t^2+48*mt^2*t-s^2*d^2-24*mt^4-24*s^2-4*s*d*mt^2+24*s*mt^2)
;
  B 3 7  4 2  1 1 2 -2
   1
    B 2 5  2 0  1 0 1 0
     1/2*(-4+d)^(-1)*s^(-2)*(4*s*d*t-16*s*t+6*s^2*d-8*t^2+16*mt^2*t-s^2*d^2-8*mt^4-8*s^2)
;
  B 3 7  4 3  2 1 1 -3
   1
    B 2 5  2 0  1 0 1 0
     1/4*(-2+d)^(-1)*(-4+d)^(-1)*s^(-2)*(s^3*d^3-48*s^2*mt^2+96*s*mt^2*t-48*t^3-24*s*d*mt^2*t+36*s^2*d*mt^2-6*s^2*d^2*t-6*s^3*d^2+144*mt^2*t^2+48*mt^6+8*s^3*d-96*s*t^2+24*s*d*t^2-6*s^2*d^2*mt^2+36*s^2*d*t-48*s^2*t-144*mt^4*t)
;
  B 3 7  4 3  1 2 1 -3
   1
    B 2 5  2 0  1 0 1 0
     1/2*(-2+d)^(-1)*(-4+d)^(-1)*s^(-2)*(-6+d)^(-1)*(s^3*d^3+576*s*mt^2*t-192*t^3-96*s*d*mt^2*t-12*s^2*d^2*t-12*s^3*d^2+576*mt^2*t^2-144*s*mt^4+24*s*d*mt^4+192*mt^6-48*s^3+44*s^3*d-432*s*t^2+72*s*d*t^2+120*s^2*d*t-288*s^2*t-576*mt^4*t)
;
  B 3 7  4 3  1 1 2 -3
   1
    B 2 5  2 0  1 0 1 0
     1/4*(-2+d)^(-1)*(-4+d)^(-1)*s^(-2)*(s^3*d^3-48*s^2*mt^2+96*s*mt^2*t-48*t^3-24*s*d*mt^2*t+36*s^2*d*mt^2-6*s^2*d^2*t-6*s^3*d^2+144*mt^2*t^2+48*mt^6+8*s^3*d-96*s*t^2+24*s*d*t^2-6*s^2*d^2*mt^2+36*s^2*d*t-48*s^2*t-144*mt^4*t)
;
  B 3 7  4 4  2 1 1 -4
   1
    B 2 5  2 0  1 0 1 0
     1/8*(-2+d)^(-1)*(-4+d)^(-1)*s^(-2)*(1536*mt^2*t^3-s^4*d^4+16*s^3*d^3*mt^2-48*s^2*d^2*t^2+192*s*d*t^3-768*s*t^3-384*s*d*mt^2*t^2+1536*s*mt^2*t^2-96*s^3*d^2*mt^2+64*s^3*d*t-2304*mt^4*t^2+128*s^3*d*mt^2-384*s^2*t^2-48*s^3*d^2*t-16*s^4*d+192*s*d*mt^4*t-768*s*mt^4*t+1536*mt^6*t+288*s^2*d*t^2-384*mt^8+8*s^3*d^3*t+4*s^4*d^2-384*t^4+4*s^4*d^3)*(-1+d)^(-1)
;
  B 3 7  4 4  1 2 1 -4
   1
    B 3 7  4 0  1 2 1 0
     -(mt^2-t)^4
    B 2 5  2 0  1 0 1 0
     -1/4*(-2+d)^(-1)*(-4+d)^(-1)*s^(-2)*(1024*mt^2*t^3+64*d^2*t^4+64*d^3*mt^6*t+192*s*mt^6-256*d^2*mt^2*t^3-96*d^3*mt^4*t^2+64*d^2*mt^8-16*d^3*t^4-64*s^3*mt^2-1056*d*mt^4*t^2-768*s*t^3+1728*s*mt^2*t^2+704*d*mt^6*t-8*s^3*d^2*mt^2+96*s^3*d*t-16*d^3*mt^8-96*s^2*d*mt^2*t-1536*mt^4*t^2+48*s^3*d*mt^2-576*s^2*t^2+384*d^2*mt^4*t^2-16*s^3*d^2*t-256*d^2*mt^6*t+8*s^4*d+64*d^3*mt^2*t^3-1152*s*mt^4*t+1024*mt^6*t-128*s^3*t+144*s^2*d*t^2-176*d*mt^8-256*mt^8-6*s^4*d^2+704*d*mt^2*t^3+384*s^2*mt^2*t-176*d*t^4-256*t^4+s^4*d^3)*(-1+d)^(-1)
;
  B 3 7  4 4  1 1 2 -4
   1
    B 2 5  2 0  1 0 1 0
     1/8*(-2+d)^(-1)*(-4+d)^(-1)*s^(-2)*(1536*mt^2*t^3-s^4*d^4+16*s^3*d^3*mt^2-48*s^2*d^2*t^2+192*s*d*t^3-768*s*t^3-384*s*d*mt^2*t^2+1536*s*mt^2*t^2-96*s^3*d^2*mt^2+64*s^3*d*t-2304*mt^4*t^2+128*s^3*d*mt^2-384*s^2*t^2-48*s^3*d^2*t-16*s^4*d+192*s*d*mt^4*t-768*s*mt^4*t+1536*mt^6*t+288*s^2*d*t^2-384*mt^8+8*s^3*d^3*t+4*s^4*d^2-384*t^4+4*s^4*d^3)*(-1+d)^(-1)
;
  B 3 7  5 0  3 1 1 0
   1
    B 2 5  2 0  1 0 1 0
     -(-15+8*d-d^2)*s^(-3)
;
  B 3 7  5 0  2 2 1 0
   1
    B 3 7  4 0  1 2 1 0
     s^(-1)
    B 2 5  2 0  1 0 1 0
     4*(-3+d)*s^(-3)
;
  B 3 7  5 0  2 1 2 0
   1
    B 3 7  4 0  1 2 1 0
     -s^(-1)
    B 2 5  2 0  1 0 1 0
     -2*s^(-3)*(-21+10*d-d^2)
;
  B 3 7  5 0  1 2 2 0
   1
    B 3 7  4 0  1 2 1 0
     (-5+d)*s^(-1)
;
  B 3 7  5 0  1 1 3 0
   1
    B 2 5  4 0  1 0 3 0
     s^(-1)
    B 2 5  4 0  2 0 2 0
     1/2*s^(-1)
;
  B 3 7  5 0  1 1 3 0
   1
    B 3 7  4 0  1 1 2 0
     1/2*(-5+d)*s^(-1)
;
  B 3 7  5 0  1 1 3 0
   1
    B 3 7  4 0  1 1 2 0
     -1/2*s^(-1)
    B 2 5  4 0  1 0 3 0
     2*s^(-1)
;
  B 3 7  5 1  3 1 1 -1
   1
    B 3 7  4 0  2 1 1 0
     -1/2*s^(-1)*(mt^2-t)
    B 2 5  4 1  2 0 2 -1
     1/2*s^(-1)
    B 2 5  4 1  3 0 1 -1
     s^(-1)
    B 2 5  3 0  2 0 1 0
     -1/2*s^(-1)
;
  B 3 7  5 1  2 2 1 -1
   1
    B 3 7  4 1  1 1 2 -1
     s^(-1)
    B 3 7  4 1  1 2 1 -1
     s^(-1)
    B 3 7  4 1  2 1 1 -1
     s^(-1)
    B 3 7  4 0  1 2 1 0
     -s^(-1)*(mt^2-t)
    B 3 7  3 0  1 1 1 0
     -s^(-1)
;
  B 3 7  5 1  2 1 2 -1
   1
    B 3 7  4 0  1 2 1 0
     s^(-1)*(mt^2-t)
    B 3 7  4 0  2 1 1 0
     -s^(-1)*(mt^2-t)
    B 2 5  4 0  2 0 2 0
     -1
;
  B 3 7  5 1  2 1 2 -1
   1
    B 3 7  4 1  1 1 2 -1
     -s^(-1)
    B 3 7  4 1  1 2 1 -1
     -s^(-1)
    B 3 7  4 0  2 1 1 0
     -s^(-1)*(mt^2-t)
    B 3 7  3 0  1 1 1 0
     s^(-2)*(s-mt^2+t)
    B 2 5  4 1  2 0 2 -1
     2*s^(-1)
    B 2 5  3 0  2 0 1 0
     -s^(-1)
;
  B 3 7  5 1  2 1 2 -1
   1
    B 3 7  4 1  1 1 2 -1
     -s^(-1)
    B 3 7  4 1  1 2 1 -1
     -s^(-1)
    B 3 7  4 1  2 1 1 -1
     (-5+d)*s^(-1)
    B 3 7  3 0  1 1 1 0
     s^(-1)
;
  B 3 7  5 1  2 1 2 -1
   1
    B 3 7  4 1  1 1 2 -1
     -s^(-1)
    B 3 7  4 1  1 2 1 -1
     -s^(-1)
    B 3 7  4 1  2 1 1 -1
     -s^(-1)
    B 3 7  4 0  2 1 1 0
     -s^(-1)*(mt^2-t)
    B 3 7  3 0  1 1 1 0
     s^(-1)
    B 2 5  4 1  2 0 2 -1
     s^(-1)
    B 2 5  4 1  3 0 1 -1
     2*s^(-1)
    B 2 5  3 0  2 0 1 0
     -s^(-1)
;
  B 3 7  5 1  2 1 2 -1
   1
    B 3 7  4 1  1 1 2 -1
     -s^(-1)
    B 3 7  4 1  1 2 1 -1
     -s^(-1)
    B 3 7  4 1  2 1 1 -1
     -s^(-1)
    B 3 7  4 0  1 1 2 0
     -s^(-1)*(mt^2-t)
    B 3 7  3 0  1 1 1 0
     s^(-1)
    B 2 5  4 1  1 0 3 -1
     2*s^(-1)
    B 2 5  4 1  2 0 2 -1
     s^(-1)
    B 2 5  3 0  1 0 2 0
     -s^(-1)
;
  B 3 7  5 1  2 1 2 -1
   1
    B 3 7  5 1  2 2 1 -1
     1
    B 3 7  5 0  2 1 2 0
     s
    B 3 7  5 0  2 2 1 0
     mt^2-t
    B 3 7  4 0  1 1 2 0
     -1
    B 3 7  4 0  1 2 1 0
     -1
    B 3 7  4 0  2 1 1 0
     -s^(-1)*(s-mt^2+t)
    B 2 5  4 0  2 0 2 0
     1
;
  B 3 7  5 1  2 1 2 -1
   1
    B 3 7  5 1  2 2 1 -1
     1
    B 3 7  5 1  3 1 1 -1
     2
    B 3 7  5 0  2 1 2 0
     s
    B 3 7  5 0  2 2 1 0
     mt^2-t
    B 3 7  4 0  1 1 2 0
     -1
    B 3 7  4 0  1 2 1 0
     -1
    B 3 7  4 0  2 1 1 0
     -2
;
  B 3 7  5 1  1 2 2 -1
   1
    B 3 7  4 0  1 1 2 0
     -1
    B 3 7  4 0  1 2 1 0
     -2*s^(-1)*(mt^2-t)
;
  B 3 7  5 1  1 2 2 -1
   1
    B 3 7  4 1  1 2 1 -1
     (-4+d)*s^(-1)
;
  B 3 7  5 1  1 2 2 -1
   1
    B 3 7  4 1  1 1 2 -1
     2*s^(-1)
    B 3 7  4 1  1 2 1 -1
     s^(-1)
    B 3 7  4 0  1 2 1 0
     -s^(-1)*(mt^2-t)
    B 3 7  3 0  1 1 1 0
     -s^(-1)
;
  B 3 7  5 1  1 2 2 -1
   1
    B 3 7  4 1  1 1 2 -1
     s^(-1)
    B 3 7  4 1  1 2 1 -1
     s^(-1)
    B 3 7  4 1  2 1 1 -1
     s^(-1)
    B 3 7  4 0  1 2 1 0
     -s^(-1)*(mt^2-t)
    B 3 7  3 0  1 1 1 0
     -s^(-1)
;
  B 3 7  5 1  1 2 2 -1
   1
    B 3 7  5 1  1 3 1 -1
     2
    B 3 7  5 0  1 2 2 0
     s
    B 3 7  5 0  1 3 1 0
     2*mt^2-2*t
    B 3 7  4 0  1 1 2 0
     1
    B 3 7  4 0  1 2 1 0
     -(s-2*mt^2+2*t)*s^(-1)
;
  B 3 7  5 1  1 2 2 -1
   1
    B 3 7  5 1  1 3 1 -1
     2
    B 3 7  5 1  2 2 1 -1
     1
    B 3 7  5 0  1 2 2 0
     s
    B 3 7  5 0  1 3 1 0
     2*mt^2-2*t
    B 3 7  4 0  1 2 1 0
     -1
;
  B 3 7  5 1  1 1 3 -1
   1
    B 3 7  4 0  1 1 2 0
     -1/2*s^(-1)*(mt^2-t)
    B 2 5  4 0  1 0 3 0
     -1
;
  B 3 7  5 1  1 1 3 -1
   1
    B 3 7  4 0  1 1 2 0
     -1/2*s^(-1)*(mt^2-t)
    B 2 5  4 1  1 0 3 -1
     s^(-1)
    B 2 5  4 1  2 0 2 -1
     1/2*s^(-1)
    B 2 5  3 0  1 0 2 0
     -1/2*s^(-1)
;
  B 3 7  5 1  1 1 3 -1
   1
    B 3 7  4 1  1 1 2 -1
     1/2*(-4+d)*s^(-1)
;
  B 3 7  5 1  1 1 3 -1
   1
    B 3 7  4 1  1 1 2 -1
     -1/2*s^(-1)
    B 3 7  4 0  1 1 2 0
     -1/2*s^(-1)*(mt^2-t)
    B 3 7  3 0  1 1 1 0
     1/2*s^(-2)*(mt^2-t)
    B 2 5  4 1  1 0 3 -1
     2*s^(-1)
    B 2 5  3 0  1 0 2 0
     -1/2*s^(-1)
;
  B 3 7  5 1  1 1 3 -1
   1
    B 3 7  5 1  1 2 2 -1
     1/2
    B 3 7  5 0  1 1 3 0
     s
    B 3 7  5 0  1 2 2 0
     1/2*mt^2-1/2*t
    B 3 7  4 0  1 1 2 0
     -1/2*s^(-1)*(2*s-mt^2+t)
    B 3 7  4 0  1 2 1 0
     -1/2*s^(-1)*(mt^2-t)
    B 2 5  4 0  1 0 3 0
     1
;
  B 3 7  5 1  1 1 3 -1
   1
    B 3 7  5 1  1 2 2 -1
     1/2
    B 3 7  5 1  2 1 2 -1
     1/2
    B 3 7  5 0  1 1 3 0
     s
    B 3 7  5 0  1 2 2 0
     1/2*mt^2-1/2*t
    B 3 7  4 0  1 1 2 0
     -1/2
;
  B 3 7  5 2  3 1 1 -2
   1
    B 3 7  4 1  2 1 1 -1
     -s^(-1)*(mt^2-t)
    B 2 5  4 2  2 0 2 -2
     1/2*s^(-1)
    B 2 5  4 2  3 0 1 -2
     s^(-1)
    B 2 5  3 1  2 0 1 -1
     -s^(-1)
;
  B 3 7  5 2  2 2 1 -2
   1
    B 3 7  4 2  1 1 2 -2
     s^(-1)
    B 3 7  4 2  1 2 1 -2
     s^(-1)
    B 3 7  4 2  2 1 1 -2
     s^(-1)
    B 3 7  4 1  1 2 1 -1
     -2*s^(-1)*(mt^2-t)
    B 3 7  3 1  1 1 1 -1
     -2*s^(-1)
;
  B 3 7  5 2  2 1 2 -2
   1
    B 3 7  4 1  1 2 1 -1
     s^(-1)*(mt^2-t)
    B 3 7  4 1  2 1 1 -1
     -2*s^(-1)*(mt^2-t)
    B 3 7  3 0  1 1 1 0
     -(mt^2+t)*s^(-1)
    B 2 5  4 1  2 0 2 -1
     -1
    B 2 5  3 0  2 0 1 0
     2*s^(-1)*mt^2
;
  B 3 7  5 2  2 1 2 -2
   1
    B 3 7  4 2  1 1 2 -2
     -s^(-1)
    B 3 7  4 2  1 2 1 -2
     -s^(-1)
    B 3 7  4 1  2 1 1 -1
     -2*s^(-1)*(mt^2-t)
    B 3 7  3 1  1 1 1 -1
     2*s^(-2)*(s-mt^2+t)
    B 2 5  4 2  2 0 2 -2
     2*s^(-1)
    B 2 5  3 1  2 0 1 -1
     -2*s^(-1)
;
  B 3 7  5 2  2 1 2 -2
   1
    B 3 7  4 2  1 1 2 -2
     -s^(-1)
    B 3 7  4 2  1 2 1 -2
     -s^(-1)
    B 3 7  4 2  2 1 1 -2
     (-4+d)*s^(-1)
    B 3 7  3 1  1 1 1 -1
     2*s^(-1)
;
  B 3 7  5 2  2 1 2 -2
   1
    B 3 7  4 2  1 1 2 -2
     -s^(-1)
    B 3 7  4 2  1 2 1 -2
     -s^(-1)
    B 3 7  4 2  2 1 1 -2
     -s^(-1)
    B 3 7  4 1  2 1 1 -1
     -2*s^(-1)*(mt^2-t)
    B 3 7  3 1  1 1 1 -1
     2*s^(-1)
    B 2 5  4 2  2 0 2 -2
     s^(-1)
    B 2 5  4 2  3 0 1 -2
     2*s^(-1)
    B 2 5  3 1  2 0 1 -1
     -2*s^(-1)
;
  B 3 7  5 2  2 1 2 -2
   1
    B 3 7  4 2  1 1 2 -2
     -s^(-1)
    B 3 7  4 2  1 2 1 -2
     -s^(-1)
    B 3 7  4 2  2 1 1 -2
     -s^(-1)
    B 3 7  4 1  1 1 2 -1
     -2*s^(-1)*(mt^2-t)
    B 3 7  3 1  1 1 1 -1
     2*s^(-1)
    B 2 5  4 2  1 0 3 -2
     2*s^(-1)
    B 2 5  4 2  2 0 2 -2
     s^(-1)
    B 2 5  3 1  1 0 2 -1
     -2*s^(-1)
;
  B 3 7  5 2  2 1 2 -2
   1
    B 3 7  5 2  2 2 1 -2
     1
    B 3 7  5 1  2 1 2 -1
     s
    B 3 7  5 1  2 2 1 -1
     mt^2-t
    B 3 7  4 1  1 1 2 -1
     -1
    B 3 7  4 1  1 2 1 -1
     -1
    B 3 7  4 1  2 1 1 -1
     -2*s^(-1)*(s-mt^2+t)
    B 3 7  4 0  2 1 1 0
     -2*mt^2
    B 3 7  3 0  1 1 1 0
     s^(-1)*(s-mt^2+t)
    B 2 5  4 1  2 0 2 -1
     1
    B 2 5  3 0  2 0 1 0
     -2*s^(-1)*mt^2
;
  B 3 7  5 2  2 1 2 -2
   1
    B 3 7  5 2  2 2 1 -2
     1
    B 3 7  5 2  3 1 1 -2
     2
    B 3 7  5 1  2 1 2 -1
     s
    B 3 7  5 1  2 2 1 -1
     mt^2-t
    B 3 7  4 1  1 1 2 -1
     -1
    B 3 7  4 1  1 2 1 -1
     -1
    B 3 7  4 1  2 1 1 -1
     -3
    B 3 7  4 0  2 1 1 0
     -2*mt^2
    B 3 7  3 0  1 1 1 0
     1
;
  B 3 7  5 2  1 2 2 -2
   1
    B 3 7  4 1  1 1 2 -1
     -1
    B 3 7  4 1  1 2 1 -1
     -3*s^(-1)*(mt^2-t)
    B 3 7  3 0  1 1 1 0
     2*s^(-1)*mt^2
;
  B 3 7  5 2  1 2 2 -2
   1
    B 3 7  4 2  1 2 1 -2
     (-3+d)*s^(-1)
;
  B 3 7  5 2  1 2 2 -2
   1
    B 3 7  4 2  1 1 2 -2
     2*s^(-1)
    B 3 7  4 2  1 2 1 -2
     s^(-1)
    B 3 7  4 1  1 2 1 -1
     -2*s^(-1)*(mt^2-t)
    B 3 7  3 1  1 1 1 -1
     -2*s^(-1)
;
  B 3 7  5 2  1 2 2 -2
   1
    B 3 7  4 2  1 1 2 -2
     s^(-1)
    B 3 7  4 2  1 2 1 -2
     s^(-1)
    B 3 7  4 2  2 1 1 -2
     s^(-1)
    B 3 7  4 1  1 2 1 -1
     -2*s^(-1)*(mt^2-t)
    B 3 7  3 1  1 1 1 -1
     -2*s^(-1)
;
  B 3 7  5 2  1 2 2 -2
   1
    B 3 7  5 2  1 3 1 -2
     2
    B 3 7  5 1  1 2 2 -1
     s
    B 3 7  5 1  1 3 1 -1
     2*mt^2-2*t
    B 3 7  4 1  1 1 2 -1
     1
    B 3 7  4 1  1 2 1 -1
     -s^(-1)*(2*s-3*mt^2+3*t)
    B 3 7  4 0  1 2 1 0
     -2*mt^2
    B 3 7  3 0  1 1 1 0
     -2*s^(-1)*mt^2
;
  B 3 7  5 2  1 2 2 -2
   1
    B 3 7  5 2  1 3 1 -2
     2
    B 3 7  5 2  2 2 1 -2
     1
    B 3 7  5 1  1 2 2 -1
     s
    B 3 7  5 1  1 3 1 -1
     2*mt^2-2*t
    B 3 7  4 1  1 2 1 -1
     -2
    B 3 7  4 0  1 2 1 0
     -2*mt^2
;
  B 3 7  5 2  1 1 3 -2
   1
    B 3 7  4 1  1 1 2 -1
     -s^(-1)*(mt^2-t)
    B 2 5  4 1  1 0 3 -1
     -1
    B 2 5  3 0  1 0 2 0
     s^(-1)*mt^2
;
  B 3 7  5 2  1 1 3 -2
   1
    B 3 7  4 1  1 1 2 -1
     -s^(-1)*(mt^2-t)
    B 2 5  4 2  1 0 3 -2
     s^(-1)
    B 2 5  4 2  2 0 2 -2
     1/2*s^(-1)
    B 2 5  3 1  1 0 2 -1
     -s^(-1)
;
  B 3 7  5 2  1 1 3 -2
   1
    B 3 7  4 2  1 1 2 -2
     1/2*(-3+d)*s^(-1)
;
  B 3 7  5 2  1 1 3 -2
   1
    B 3 7  4 2  1 1 2 -2
     -1/2*s^(-1)
    B 3 7  4 1  1 1 2 -1
     -s^(-1)*(mt^2-t)
    B 3 7  3 1  1 1 1 -1
     s^(-2)*(mt^2-t)
    B 2 5  4 2  1 0 3 -2
     2*s^(-1)
    B 2 5  3 1  1 0 2 -1
     -s^(-1)
;
  B 3 7  5 2  1 1 3 -2
   1
    B 3 7  5 2  1 2 2 -2
     1/2
    B 3 7  5 1  1 1 3 -1
     s
    B 3 7  5 1  1 2 2 -1
     1/2*mt^2-1/2*t
    B 3 7  4 1  1 1 2 -1
     -1/2*s^(-1)*(3*s-2*mt^2+2*t)
    B 3 7  4 1  1 2 1 -1
     -1/2*s^(-1)*(mt^2-t)
    B 3 7  4 0  1 1 2 0
     -mt^2
    B 3 7  3 0  1 1 1 0
     s^(-1)*mt^2
    B 2 5  4 1  1 0 3 -1
     1
    B 2 5  3 0  1 0 2 0
     -s^(-1)*mt^2
;
  B 3 7  5 2  1 1 3 -2
   1
    B 3 7  5 2  1 2 2 -2
     1/2
    B 3 7  5 2  2 1 2 -2
     1/2
    B 3 7  5 1  1 1 3 -1
     s
    B 3 7  5 1  1 2 2 -1
     1/2*mt^2-1/2*t
    B 3 7  4 1  1 1 2 -1
     -1
    B 3 7  4 0  1 1 2 0
     -mt^2
;
  B 3 7  5 3  3 1 1 -3
   1
    B 3 7  4 2  2 1 1 -2
     -3/2*s^(-1)*(mt^2-t)
    B 2 5  4 3  2 0 2 -3
     1/2*s^(-1)
    B 2 5  4 3  3 0 1 -3
     s^(-1)
    B 2 5  3 2  2 0 1 -2
     -3/2*s^(-1)
;
  B 3 7  5 3  2 2 1 -3
   1
    B 3 7  4 3  1 1 2 -3
     s^(-1)
    B 3 7  4 3  1 2 1 -3
     s^(-1)
    B 3 7  4 3  2 1 1 -3
     s^(-1)
    B 3 7  4 2  1 2 1 -2
     -3*s^(-1)*(mt^2-t)
    B 3 7  3 2  1 1 1 -2
     -3*s^(-1)
;
  B 3 7  5 3  2 1 2 -3
   1
    B 3 7  4 2  1 2 1 -2
     s^(-1)*(mt^2-t)
    B 3 7  4 2  2 1 1 -2
     -3*s^(-1)*(mt^2-t)
    B 3 7  3 1  1 1 1 -1
     -2*(mt^2+t)*s^(-1)
    B 2 5  4 2  2 0 2 -2
     -1
    B 2 5  3 1  2 0 1 -1
     4*s^(-1)*mt^2
;
  B 3 7  5 3  2 1 2 -3
   1
    B 3 7  4 3  1 1 2 -3
     -s^(-1)
    B 3 7  4 3  1 2 1 -3
     -s^(-1)
    B 3 7  4 2  2 1 1 -2
     -3*s^(-1)*(mt^2-t)
    B 3 7  3 2  1 1 1 -2
     3*s^(-2)*(s-mt^2+t)
    B 2 5  4 3  2 0 2 -3
     2*s^(-1)
    B 2 5  3 2  2 0 1 -2
     -3*s^(-1)
;
  B 3 7  5 3  2 1 2 -3
   1
    B 3 7  4 3  1 1 2 -3
     -s^(-1)
    B 3 7  4 3  1 2 1 -3
     -s^(-1)
    B 3 7  4 3  2 1 1 -3
     (-3+d)*s^(-1)
    B 3 7  3 2  1 1 1 -2
     3*s^(-1)
;
  B 3 7  5 3  2 1 2 -3
   1
    B 3 7  4 3  1 1 2 -3
     -s^(-1)
    B 3 7  4 3  1 2 1 -3
     -s^(-1)
    B 3 7  4 3  2 1 1 -3
     -s^(-1)
    B 3 7  4 2  2 1 1 -2
     -3*s^(-1)*(mt^2-t)
    B 3 7  3 2  1 1 1 -2
     3*s^(-1)
    B 2 5  4 3  2 0 2 -3
     s^(-1)
    B 2 5  4 3  3 0 1 -3
     2*s^(-1)
    B 2 5  3 2  2 0 1 -2
     -3*s^(-1)
;
  B 3 7  5 3  2 1 2 -3
   1
    B 3 7  4 3  1 1 2 -3
     -s^(-1)
    B 3 7  4 3  1 2 1 -3
     -s^(-1)
    B 3 7  4 3  2 1 1 -3
     -s^(-1)
    B 3 7  4 2  1 1 2 -2
     -3*s^(-1)*(mt^2-t)
    B 3 7  3 2  1 1 1 -2
     3*s^(-1)
    B 2 5  4 3  1 0 3 -3
     2*s^(-1)
    B 2 5  4 3  2 0 2 -3
     s^(-1)
    B 2 5  3 2  1 0 2 -2
     -3*s^(-1)
;
  B 3 7  5 3  2 1 2 -3
   1
    B 3 7  5 3  2 2 1 -3
     1
    B 3 7  5 2  2 1 2 -2
     s
    B 3 7  5 2  2 2 1 -2
     mt^2-t
    B 3 7  4 2  1 1 2 -2
     -1
    B 3 7  4 2  1 2 1 -2
     -1
    B 3 7  4 2  2 1 1 -2
     -3*s^(-1)*(s-mt^2+t)
    B 3 7  4 1  2 1 1 -1
     -4*mt^2
    B 3 7  3 1  1 1 1 -1
     2*s^(-1)*(s-mt^2+t)
    B 2 5  4 2  2 0 2 -2
     1
    B 2 5  3 1  2 0 1 -1
     -4*s^(-1)*mt^2
;
  B 3 7  5 3  2 1 2 -3
   1
    B 3 7  5 3  2 2 1 -3
     1
    B 3 7  5 3  3 1 1 -3
     2
    B 3 7  5 2  2 1 2 -2
     s
    B 3 7  5 2  2 2 1 -2
     mt^2-t
    B 3 7  4 2  1 1 2 -2
     -1
    B 3 7  4 2  1 2 1 -2
     -1
    B 3 7  4 2  2 1 1 -2
     -4
    B 3 7  4 1  2 1 1 -1
     -4*mt^2
    B 3 7  3 1  1 1 1 -1
     2
;
  B 3 7  5 3  1 2 2 -3
   1
    B 3 7  4 2  1 1 2 -2
     -1
    B 3 7  4 2  1 2 1 -2
     -4*s^(-1)*(mt^2-t)
    B 3 7  3 1  1 1 1 -1
     4*s^(-1)*mt^2
;
  B 3 7  5 3  1 2 2 -3
   1
    B 3 7  4 3  1 2 1 -3
     (-2+d)*s^(-1)
;
  B 3 7  5 3  1 2 2 -3
   1
    B 3 7  4 3  1 1 2 -3
     2*s^(-1)
    B 3 7  4 3  1 2 1 -3
     s^(-1)
    B 3 7  4 2  1 2 1 -2
     -3*s^(-1)*(mt^2-t)
    B 3 7  3 2  1 1 1 -2
     -3*s^(-1)
;
  B 3 7  5 3  1 2 2 -3
   1
    B 3 7  4 3  1 1 2 -3
     s^(-1)
    B 3 7  4 3  1 2 1 -3
     s^(-1)
    B 3 7  4 3  2 1 1 -3
     s^(-1)
    B 3 7  4 2  1 2 1 -2
     -3*s^(-1)*(mt^2-t)
    B 3 7  3 2  1 1 1 -2
     -3*s^(-1)
;
  B 3 7  5 3  1 2 2 -3
   1
    B 3 7  5 3  1 3 1 -3
     2
    B 3 7  5 2  1 2 2 -2
     s
    B 3 7  5 2  1 3 1 -2
     2*mt^2-2*t
    B 3 7  4 2  1 1 2 -2
     1
    B 3 7  4 2  1 2 1 -2
     -(3*s-4*mt^2+4*t)*s^(-1)
    B 3 7  4 1  1 2 1 -1
     -4*mt^2
    B 3 7  3 1  1 1 1 -1
     -4*s^(-1)*mt^2
;
  B 3 7  5 3  1 2 2 -3
   1
    B 3 7  5 3  1 3 1 -3
     2
    B 3 7  5 3  2 2 1 -3
     1
    B 3 7  5 2  1 2 2 -2
     s
    B 3 7  5 2  1 3 1 -2
     2*mt^2-2*t
    B 3 7  4 2  1 2 1 -2
     -3
    B 3 7  4 1  1 2 1 -1
     -4*mt^2
;
  B 3 7  5 3  1 1 3 -3
   1
    B 3 7  4 2  1 1 2 -2
     -3/2*s^(-1)*(mt^2-t)
    B 2 5  4 2  1 0 3 -2
     -1
    B 2 5  3 1  1 0 2 -1
     2*s^(-1)*mt^2
;
  B 3 7  5 3  1 1 3 -3
   1
    B 3 7  4 2  1 1 2 -2
     -3/2*s^(-1)*(mt^2-t)
    B 2 5  4 3  1 0 3 -3
     s^(-1)
    B 2 5  4 3  2 0 2 -3
     1/2*s^(-1)
    B 2 5  3 2  1 0 2 -2
     -3/2*s^(-1)
;
  B 3 7  5 3  1 1 3 -3
   1
    B 3 7  4 3  1 1 2 -3
     1/2*(-2+d)*s^(-1)
;
  B 3 7  5 3  1 1 3 -3
   1
    B 3 7  4 3  1 1 2 -3
     -1/2*s^(-1)
    B 3 7  4 2  1 1 2 -2
     -3/2*s^(-1)*(mt^2-t)
    B 3 7  3 2  1 1 1 -2
     3/2*s^(-2)*(mt^2-t)
    B 2 5  4 3  1 0 3 -3
     2*s^(-1)
    B 2 5  3 2  1 0 2 -2
     -3/2*s^(-1)
;
  B 3 7  5 3  1 1 3 -3
   1
    B 3 7  5 3  1 2 2 -3
     1/2
    B 3 7  5 2  1 1 3 -2
     s
    B 3 7  5 2  1 2 2 -2
     1/2*mt^2-1/2*t
    B 3 7  4 2  1 1 2 -2
     -1/2*s^(-1)*(4*s-3*mt^2+3*t)
    B 3 7  4 2  1 2 1 -2
     -1/2*s^(-1)*(mt^2-t)
    B 3 7  4 1  1 1 2 -1
     -2*mt^2
    B 3 7  3 1  1 1 1 -1
     2*s^(-1)*mt^2
    B 2 5  4 2  1 0 3 -2
     1
    B 2 5  3 1  1 0 2 -1
     -2*s^(-1)*mt^2
;
  B 3 7  5 3  1 1 3 -3
   1
    B 3 7  5 3  1 2 2 -3
     1/2
    B 3 7  5 3  2 1 2 -3
     1/2
    B 3 7  5 2  1 1 3 -2
     s
    B 3 7  5 2  1 2 2 -2
     1/2*mt^2-1/2*t
    B 3 7  4 2  1 1 2 -2
     -3/2
    B 3 7  4 1  1 1 2 -1
     -2*mt^2
;
  B 3 7  5 4  2 1 2 -4
   1
    B 3 7  4 3  1 2 1 -3
     s^(-1)*(mt^2-t)
    B 3 7  4 3  2 1 1 -3
     -4*s^(-1)*(mt^2-t)
    B 3 7  3 2  1 1 1 -2
     -3*(mt^2+t)*s^(-1)
    B 2 5  4 3  2 0 2 -3
     -1
    B 2 5  3 2  2 0 1 -2
     6*s^(-1)*mt^2
;
  B 3 7  5 4  2 1 2 -4
   1
    B 3 7  5 4  2 2 1 -4
     1
    B 3 7  5 3  2 1 2 -3
     s
    B 3 7  5 3  2 2 1 -3
     mt^2-t
    B 3 7  4 3  1 1 2 -3
     -1
    B 3 7  4 3  1 2 1 -3
     -1
    B 3 7  4 3  2 1 1 -3
     -4*s^(-1)*(s-mt^2+t)
    B 3 7  4 2  2 1 1 -2
     -6*mt^2
    B 3 7  3 2  1 1 1 -2
     3*s^(-1)*(s-mt^2+t)
    B 2 5  4 3  2 0 2 -3
     1
    B 2 5  3 2  2 0 1 -2
     -6*s^(-1)*mt^2
;
  B 3 7  5 4  2 1 2 -4
   1
    B 3 7  5 4  2 2 1 -4
     1
    B 3 7  5 4  3 1 1 -4
     2
    B 3 7  5 3  2 1 2 -3
     s
    B 3 7  5 3  2 2 1 -3
     mt^2-t
    B 3 7  4 3  1 1 2 -3
     -1
    B 3 7  4 3  1 2 1 -3
     -1
    B 3 7  4 3  2 1 1 -3
     -5
    B 3 7  4 2  2 1 1 -2
     -6*mt^2
    B 3 7  3 2  1 1 1 -2
     3
;
  B 3 7  5 4  1 2 2 -4
   1
    B 3 7  4 3  1 1 2 -3
     -1
    B 3 7  4 3  1 2 1 -3
     -5*s^(-1)*(mt^2-t)
    B 3 7  3 2  1 1 1 -2
     6*s^(-1)*mt^2
;
  B 3 7  5 4  1 2 2 -4
   1
    B 3 7  5 4  1 3 1 -4
     2
    B 3 7  5 3  1 2 2 -3
     s
    B 3 7  5 3  1 3 1 -3
     2*mt^2-2*t
    B 3 7  4 3  1 1 2 -3
     1
    B 3 7  4 3  1 2 1 -3
     -s^(-1)*(4*s-5*mt^2+5*t)
    B 3 7  4 2  1 2 1 -2
     -6*mt^2
    B 3 7  3 2  1 1 1 -2
     -6*s^(-1)*mt^2
;
  B 3 7  5 4  1 2 2 -4
   1
    B 3 7  5 4  1 3 1 -4
     2
    B 3 7  5 4  2 2 1 -4
     1
    B 3 7  5 3  1 2 2 -3
     s
    B 3 7  5 3  1 3 1 -3
     2*mt^2-2*t
    B 3 7  4 3  1 2 1 -3
     -4
    B 3 7  4 2  1 2 1 -2
     -6*mt^2
;
  B 3 7  5 4  1 1 3 -4
   1
    B 3 7  4 3  1 1 2 -3
     -2*s^(-1)*(mt^2-t)
    B 2 5  4 3  1 0 3 -3
     -1
    B 2 5  3 2  1 0 2 -2
     3*s^(-1)*mt^2
;
  B 3 7  5 4  1 1 3 -4
   1
    B 3 7  5 4  1 2 2 -4
     1/2
    B 3 7  5 3  1 1 3 -3
     s
    B 3 7  5 3  1 2 2 -3
     1/2*mt^2-1/2*t
    B 3 7  4 3  1 1 2 -3
     -1/2*s^(-1)*(5*s-4*mt^2+4*t)
    B 3 7  4 3  1 2 1 -3
     -1/2*s^(-1)*(mt^2-t)
    B 3 7  4 2  1 1 2 -2
     -3*mt^2
    B 3 7  3 2  1 1 1 -2
     3*s^(-1)*mt^2
    B 2 5  4 3  1 0 3 -3
     1
    B 2 5  3 2  1 0 2 -2
     -3*s^(-1)*mt^2
;
  B 3 7  5 4  1 1 3 -4
   1
    B 3 7  5 4  1 2 2 -4
     1/2
    B 3 7  5 4  2 1 2 -4
     1/2
    B 3 7  5 3  1 1 3 -3
     s
    B 3 7  5 3  1 2 2 -3
     1/2*mt^2-1/2*t
    B 3 7  4 3  1 1 2 -3
     -2
    B 3 7  4 2  1 1 2 -2
     -3*mt^2
;
